"STATION","NAME","LATITUDE","LONGITUDE","ELEVATION","DATE","PRCP"
"US1FLCR0013","NAPLES PARK 3.7 ENE, FL US","26.279769","-81.758328","2.7","2021-07-04","0.00"
"US1FLCR0013","NAPLES PARK 3.7 ENE, FL US","26.279769","-81.758328","2.7","2021-07-05","0.00"
"US1FLCR0013","NAPLES PARK 3.7 ENE, FL US","26.279769","-81.758328","2.7","2021-07-06","1.82"
"US1FLCR0013","NAPLES PARK 3.7 ENE, FL US","26.279769","-81.758328","2.7","2021-07-07","3.05"
"US1FLCR0013","NAPLES PARK 3.7 ENE, FL US","26.279769","-81.758328","2.7","2021-07-08","0.03"
"US1FLCR0013","NAPLES PARK 3.7 ENE, FL US","26.279769","-81.758328","2.7","2021-07-09","0.00"
"US1FLCR0013","NAPLES PARK 3.7 ENE, FL US","26.279769","-81.758328","2.7","2021-07-10","0.07"
"US1FLCR0013","NAPLES PARK 3.7 ENE, FL US","26.279769","-81.758328","2.7","2021-07-11","0.66"
"US1FLCR0013","NAPLES PARK 3.7 ENE, FL US","26.279769","-81.758328","2.7","2021-07-12","0.71"
"US1FLCR0013","NAPLES PARK 3.7 ENE, FL US","26.279769","-81.758328","2.7","2021-07-13","0.02"
"US1FLCR0013","NAPLES PARK 3.7 ENE, FL US","26.279769","-81.758328","2.7","2021-07-14","0.46"
"US1FLCR0013","NAPLES PARK 3.7 ENE, FL US","26.279769","-81.758328","2.7","2021-07-15","0.17"
"US1FLCR0013","NAPLES PARK 3.7 ENE, FL US","26.279769","-81.758328","2.7","2021-07-16","0.80"
"US1FLCR0013","NAPLES PARK 3.7 ENE, FL US","26.279769","-81.758328","2.7","2021-07-17","0.00"
"US1FLCR0013","NAPLES PARK 3.7 ENE, FL US","26.279769","-81.758328","2.7","2021-07-18","0.20"
"US1FLCR0013","NAPLES PARK 3.7 ENE, FL US","26.279769","-81.758328","2.7","2021-07-19","0.11"
"US1FLCR0013","NAPLES PARK 3.7 ENE, FL US","26.279769","-81.758328","2.7","2021-07-20","0.21"
"US1FLCR0013","NAPLES PARK 3.7 ENE, FL US","26.279769","-81.758328","2.7","2021-07-21","0.10"
"US1FLCR0012","NAPLES 5.7 SE, FL US","26.097565","-81.722053","7.0","2021-07-04","0.00"
"US1FLCR0012","NAPLES 5.7 SE, FL US","26.097565","-81.722053","7.0","2021-07-05","0.00"
"US1FLCR0012","NAPLES 5.7 SE, FL US","26.097565","-81.722053","7.0","2021-07-06","0.22"
"US1FLCR0012","NAPLES 5.7 SE, FL US","26.097565","-81.722053","7.0","2021-07-07","3.52"
"US1FLCR0012","NAPLES 5.7 SE, FL US","26.097565","-81.722053","7.0","2021-07-08","0.01"
"US1FLCR0012","NAPLES 5.7 SE, FL US","26.097565","-81.722053","7.0","2021-07-09","0.00"
"US1FLCR0012","NAPLES 5.7 SE, FL US","26.097565","-81.722053","7.0","2021-07-10","0.39"
"US1FLCR0012","NAPLES 5.7 SE, FL US","26.097565","-81.722053","7.0","2021-07-11","1.97"
"US1FLCR0012","NAPLES 5.7 SE, FL US","26.097565","-81.722053","7.0","2021-07-12","0.11"
"US1FLCR0012","NAPLES 5.7 SE, FL US","26.097565","-81.722053","7.0","2021-07-13","0.17"
"US1FLCR0012","NAPLES 5.7 SE, FL US","26.097565","-81.722053","7.0","2021-07-14","0.58"
"US1FLCR0012","NAPLES 5.7 SE, FL US","26.097565","-81.722053","7.0","2021-07-15","0.51"
"US1FLCR0012","NAPLES 5.7 SE, FL US","26.097565","-81.722053","7.0","2021-07-16","0.71"
"US1FLCR0012","NAPLES 5.7 SE, FL US","26.097565","-81.722053","7.0","2021-07-17","0.12"
"US1FLCR0012","NAPLES 5.7 SE, FL US","26.097565","-81.722053","7.0","2021-07-18","1.89"
"US1FLCR0012","NAPLES 5.7 SE, FL US","26.097565","-81.722053","7.0","2021-07-19","0.31"
"US1FLCR0012","NAPLES 5.7 SE, FL US","26.097565","-81.722053","7.0","2021-07-20","0.11"
"US1FLCR0012","NAPLES 5.7 SE, FL US","26.097565","-81.722053","7.0","2021-07-21","0.00"
"USC00088051","SCOTTSMOOR 2.5 SSW, FL US","28.7299","-80.8795","12.8","2021-07-04","0.21"
"USC00088051","SCOTTSMOOR 2.5 SSW, FL US","28.7299","-80.8795","12.8","2021-07-05","1.08"
"USC00088051","SCOTTSMOOR 2.5 SSW, FL US","28.7299","-80.8795","12.8","2021-07-06","0.50"
"USC00088051","SCOTTSMOOR 2.5 SSW, FL US","28.7299","-80.8795","12.8","2021-07-07","0.48"
"USC00088051","SCOTTSMOOR 2.5 SSW, FL US","28.7299","-80.8795","12.8","2021-07-08","0.00"
"USC00088051","SCOTTSMOOR 2.5 SSW, FL US","28.7299","-80.8795","12.8","2021-07-09","0.07"
"USC00088051","SCOTTSMOOR 2.5 SSW, FL US","28.7299","-80.8795","12.8","2021-07-10","0.70"
"USC00088051","SCOTTSMOOR 2.5 SSW, FL US","28.7299","-80.8795","12.8","2021-07-11","0.09"
"USC00088051","SCOTTSMOOR 2.5 SSW, FL US","28.7299","-80.8795","12.8","2021-07-12","0.03"
"USC00088051","SCOTTSMOOR 2.5 SSW, FL US","28.7299","-80.8795","12.8","2021-07-13","0.41"
"USC00088051","SCOTTSMOOR 2.5 SSW, FL US","28.7299","-80.8795","12.8","2021-07-14","0.15"
"USC00088051","SCOTTSMOOR 2.5 SSW, FL US","28.7299","-80.8795","12.8","2021-07-15","0.00"
"USC00088051","SCOTTSMOOR 2.5 SSW, FL US","28.7299","-80.8795","12.8","2021-07-16","0.00"
"USC00088051","SCOTTSMOOR 2.5 SSW, FL US","28.7299","-80.8795","12.8","2021-07-17","0.00"
"USC00088051","SCOTTSMOOR 2.5 SSW, FL US","28.7299","-80.8795","12.8","2021-07-18","0.00"
"USC00088051","SCOTTSMOOR 2.5 SSW, FL US","28.7299","-80.8795","12.8","2021-07-19","0.09"
"USC00088051","SCOTTSMOOR 2.5 SSW, FL US","28.7299","-80.8795","12.8","2021-07-20","0.62"
"USC00088051","SCOTTSMOOR 2.5 SSW, FL US","28.7299","-80.8795","12.8","2021-07-21","0.03"
"USW00063871","BONIFAY TRI CO AIRPORT, FL US","30.84315","-85.60431","31.2","2021-07-04","0.00"
"USW00063871","BONIFAY TRI CO AIRPORT, FL US","30.84315","-85.60431","31.2","2021-07-05","0.00"
"USW00063871","BONIFAY TRI CO AIRPORT, FL US","30.84315","-85.60431","31.2","2021-07-06","0.45"
"USW00063871","BONIFAY TRI CO AIRPORT, FL US","30.84315","-85.60431","31.2","2021-07-07","0.00"
"USW00063871","BONIFAY TRI CO AIRPORT, FL US","30.84315","-85.60431","31.2","2021-07-08","0.01"
"USW00063871","BONIFAY TRI CO AIRPORT, FL US","30.84315","-85.60431","31.2","2021-07-09","0.58"
"USW00063871","BONIFAY TRI CO AIRPORT, FL US","30.84315","-85.60431","31.2","2021-07-10","0.01"
"USW00063871","BONIFAY TRI CO AIRPORT, FL US","30.84315","-85.60431","31.2","2021-07-11","0.01"
"USW00063871","BONIFAY TRI CO AIRPORT, FL US","30.84315","-85.60431","31.2","2021-07-12","0.15"
"USW00063871","BONIFAY TRI CO AIRPORT, FL US","30.84315","-85.60431","31.2","2021-07-13","0.00"
"USW00063871","BONIFAY TRI CO AIRPORT, FL US","30.84315","-85.60431","31.2","2021-07-14","0.00"
"USW00063871","BONIFAY TRI CO AIRPORT, FL US","30.84315","-85.60431","31.2","2021-07-15","0.29"
"USW00063871","BONIFAY TRI CO AIRPORT, FL US","30.84315","-85.60431","31.2","2021-07-16","0.00"
"USW00063871","BONIFAY TRI CO AIRPORT, FL US","30.84315","-85.60431","31.2","2021-07-17","0.00"
"USW00063871","BONIFAY TRI CO AIRPORT, FL US","30.84315","-85.60431","31.2","2021-07-18","0.09"
"USW00063871","BONIFAY TRI CO AIRPORT, FL US","30.84315","-85.60431","31.2","2021-07-19","0.04"
"USW00063871","BONIFAY TRI CO AIRPORT, FL US","30.84315","-85.60431","31.2","2021-07-20","0.10"
"USW00063871","BONIFAY TRI CO AIRPORT, FL US","30.84315","-85.60431","31.2","2021-07-21","0.01"
"US1FLBV0092","SATELLITE BEACH 2.0 N, FL US","28.20448","-80.60123","4.6","2021-07-04","0.05"
"US1FLBV0092","SATELLITE BEACH 2.0 N, FL US","28.20448","-80.60123","4.6","2021-07-05","0.67"
"US1FLBV0092","SATELLITE BEACH 2.0 N, FL US","28.20448","-80.60123","4.6","2021-07-06","0.31"
"US1FLBV0092","SATELLITE BEACH 2.0 N, FL US","28.20448","-80.60123","4.6","2021-07-07","0.09"
"US1FLBV0092","SATELLITE BEACH 2.0 N, FL US","28.20448","-80.60123","4.6","2021-07-08","0.04"
"US1FLBV0092","SATELLITE BEACH 2.0 N, FL US","28.20448","-80.60123","4.6","2021-07-09","0.00"
"US1FLBV0092","SATELLITE BEACH 2.0 N, FL US","28.20448","-80.60123","4.6","2021-07-10","0.31"
"US1FLBV0092","SATELLITE BEACH 2.0 N, FL US","28.20448","-80.60123","4.6","2021-07-11","0.00"
"US1FLBV0092","SATELLITE BEACH 2.0 N, FL US","28.20448","-80.60123","4.6","2021-07-12","0.00"
"US1FLBV0092","SATELLITE BEACH 2.0 N, FL US","28.20448","-80.60123","4.6","2021-07-13","0.27"
"US1FLBV0092","SATELLITE BEACH 2.0 N, FL US","28.20448","-80.60123","4.6","2021-07-14","0.11"
"US1FLBV0092","SATELLITE BEACH 2.0 N, FL US","28.20448","-80.60123","4.6","2021-07-15","0.00"
"US1FLBV0092","SATELLITE BEACH 2.0 N, FL US","28.20448","-80.60123","4.6","2021-07-16","0.01"
"US1FLBV0092","SATELLITE BEACH 2.0 N, FL US","28.20448","-80.60123","4.6","2021-07-17","0.00"
"US1FLBV0092","SATELLITE BEACH 2.0 N, FL US","28.20448","-80.60123","4.6","2021-07-18","0.00"
"US1FLBV0092","SATELLITE BEACH 2.0 N, FL US","28.20448","-80.60123","4.6","2021-07-19","0.00"
"US1FLBV0092","SATELLITE BEACH 2.0 N, FL US","28.20448","-80.60123","4.6","2021-07-20","0.08"
"US1FLBV0092","SATELLITE BEACH 2.0 N, FL US","28.20448","-80.60123","4.6","2021-07-21","0.00"
"US1FLBV0099","WEST MELBOURNE 2.5 SSW, FL US","28.050179","-80.693915","7.3","2021-07-04","0.24"
"US1FLBV0099","WEST MELBOURNE 2.5 SSW, FL US","28.050179","-80.693915","7.3","2021-07-05","0.31"
"US1FLBV0099","WEST MELBOURNE 2.5 SSW, FL US","28.050179","-80.693915","7.3","2021-07-07",
"US1FLBV0099","WEST MELBOURNE 2.5 SSW, FL US","28.050179","-80.693915","7.3","2021-07-08","0.04"
"US1FLBV0099","WEST MELBOURNE 2.5 SSW, FL US","28.050179","-80.693915","7.3","2021-07-09","0.00"
"US1FLBV0099","WEST MELBOURNE 2.5 SSW, FL US","28.050179","-80.693915","7.3","2021-07-10","0.47"
"US1FLBV0099","WEST MELBOURNE 2.5 SSW, FL US","28.050179","-80.693915","7.3","2021-07-11","0.07"
"US1FLBV0099","WEST MELBOURNE 2.5 SSW, FL US","28.050179","-80.693915","7.3","2021-07-12","1.04"
"US1FLBV0099","WEST MELBOURNE 2.5 SSW, FL US","28.050179","-80.693915","7.3","2021-07-13","0.37"
"US1FLBV0099","WEST MELBOURNE 2.5 SSW, FL US","28.050179","-80.693915","7.3","2021-07-14","0.00"
"US1FLBV0099","WEST MELBOURNE 2.5 SSW, FL US","28.050179","-80.693915","7.3","2021-07-15","0.06"
"US1FLBV0099","WEST MELBOURNE 2.5 SSW, FL US","28.050179","-80.693915","7.3","2021-07-16","0.00"
"US1FLBV0099","WEST MELBOURNE 2.5 SSW, FL US","28.050179","-80.693915","7.3","2021-07-17","0.00"
"US1FLBV0099","WEST MELBOURNE 2.5 SSW, FL US","28.050179","-80.693915","7.3","2021-07-18","0.00"
"US1FLBV0099","WEST MELBOURNE 2.5 SSW, FL US","28.050179","-80.693915","7.3","2021-07-19","0.00"
"US1FLBV0099","WEST MELBOURNE 2.5 SSW, FL US","28.050179","-80.693915","7.3","2021-07-20","0.00"
"US1FLBV0099","WEST MELBOURNE 2.5 SSW, FL US","28.050179","-80.693915","7.3","2021-07-21","0.00"
"US1FLBV0095","MERRITT ISLAND 10.6 NNW, FL US","28.45848","-80.70775","8.5","2021-07-04","0.23"
"US1FLBV0095","MERRITT ISLAND 10.6 NNW, FL US","28.45848","-80.70775","8.5","2021-07-05","0.65"
"US1FLBV0095","MERRITT ISLAND 10.6 NNW, FL US","28.45848","-80.70775","8.5","2021-07-06","0.01"
"US1FLBV0095","MERRITT ISLAND 10.6 NNW, FL US","28.45848","-80.70775","8.5","2021-07-07","0.23"
"USC00089176","VENICE, FL US","27.1006","-82.4364","2.4","2021-07-04","0.00"
"USC00089176","VENICE, FL US","27.1006","-82.4364","2.4","2021-07-05","0.73"
"USC00089176","VENICE, FL US","27.1006","-82.4364","2.4","2021-07-06","2.10"
"USC00089176","VENICE, FL US","27.1006","-82.4364","2.4","2021-07-07","0.30"
"USC00089176","VENICE, FL US","27.1006","-82.4364","2.4","2021-07-08","0.00"
"USC00089176","VENICE, FL US","27.1006","-82.4364","2.4","2021-07-09","0.00"
"USC00089176","VENICE, FL US","27.1006","-82.4364","2.4","2021-07-10","0.35"
"USC00089176","VENICE, FL US","27.1006","-82.4364","2.4","2021-07-11","0.16"
"USC00089176","VENICE, FL US","27.1006","-82.4364","2.4","2021-07-12","0.25"
"USC00089176","VENICE, FL US","27.1006","-82.4364","2.4","2021-07-13","0.01"
"USC00089176","VENICE, FL US","27.1006","-82.4364","2.4","2021-07-14","0.45"
"USC00089176","VENICE, FL US","27.1006","-82.4364","2.4","2021-07-15","0.00"
"USC00089176","VENICE, FL US","27.1006","-82.4364","2.4","2021-07-16","0.70"
"USC00089176","VENICE, FL US","27.1006","-82.4364","2.4","2021-07-17","1.57"
"USC00089176","VENICE, FL US","27.1006","-82.4364","2.4","2021-07-18","0.00"
"USC00089176","VENICE, FL US","27.1006","-82.4364","2.4","2021-07-19","0.00"
"USC00089176","VENICE, FL US","27.1006","-82.4364","2.4","2021-07-20","0.00"
"USC00089176","VENICE, FL US","27.1006","-82.4364","2.4","2021-07-21","0.00"
"US1FLHB0163","BLOOMINGDALE 0.3 NW, FL US","27.88014","-82.26406","25.6","2021-07-04","2.35"
"US1FLHB0163","BLOOMINGDALE 0.3 NW, FL US","27.88014","-82.26406","25.6","2021-07-05","0.00"
"US1FLHB0163","BLOOMINGDALE 0.3 NW, FL US","27.88014","-82.26406","25.6","2021-07-06","0.64"
"US1FLHB0163","BLOOMINGDALE 0.3 NW, FL US","27.88014","-82.26406","25.6","2021-07-07","3.09"
"US1FLHB0163","BLOOMINGDALE 0.3 NW, FL US","27.88014","-82.26406","25.6","2021-07-08","0.43"
"US1FLHB0163","BLOOMINGDALE 0.3 NW, FL US","27.88014","-82.26406","25.6","2021-07-09","0.00"
"US1FLHB0163","BLOOMINGDALE 0.3 NW, FL US","27.88014","-82.26406","25.6","2021-07-10","0.00"
"US1FLHB0163","BLOOMINGDALE 0.3 NW, FL US","27.88014","-82.26406","25.6","2021-07-11","0.59"
"US1FLHB0163","BLOOMINGDALE 0.3 NW, FL US","27.88014","-82.26406","25.6","2021-07-12","0.02"
"US1FLHB0163","BLOOMINGDALE 0.3 NW, FL US","27.88014","-82.26406","25.6","2021-07-13","1.05"
"US1FLHB0163","BLOOMINGDALE 0.3 NW, FL US","27.88014","-82.26406","25.6","2021-07-14","0.00"
"US1FLHB0163","BLOOMINGDALE 0.3 NW, FL US","27.88014","-82.26406","25.6","2021-07-15","0.04"
"US1FLHB0163","BLOOMINGDALE 0.3 NW, FL US","27.88014","-82.26406","25.6","2021-07-16","0.00"
"US1FLHB0163","BLOOMINGDALE 0.3 NW, FL US","27.88014","-82.26406","25.6","2021-07-17","0.00"
"US1FLHB0163","BLOOMINGDALE 0.3 NW, FL US","27.88014","-82.26406","25.6","2021-07-18","0.00"
"US1FLHB0163","BLOOMINGDALE 0.3 NW, FL US","27.88014","-82.26406","25.6","2021-07-19","0.03"
"US1FLHB0163","BLOOMINGDALE 0.3 NW, FL US","27.88014","-82.26406","25.6","2021-07-20","0.99"
"US1FLHB0163","BLOOMINGDALE 0.3 NW, FL US","27.88014","-82.26406","25.6","2021-07-21","0.01"
"US1FLHB0162","BRANDON 2.8 N, FL US","27.9697","-82.296","25.6","2021-07-04","2.60"
"US1FLHB0162","BRANDON 2.8 N, FL US","27.9697","-82.296","25.6","2021-07-05","0.01"
"US1FLHB0162","BRANDON 2.8 N, FL US","27.9697","-82.296","25.6","2021-07-06","0.48"
"US1FLHB0162","BRANDON 2.8 N, FL US","27.9697","-82.296","25.6","2021-07-07","2.71"
"US1FLHB0162","BRANDON 2.8 N, FL US","27.9697","-82.296","25.6","2021-07-08","0.50"
"US1FLHB0162","BRANDON 2.8 N, FL US","27.9697","-82.296","25.6","2021-07-09","0.01"
"US1FLHB0162","BRANDON 2.8 N, FL US","27.9697","-82.296","25.6","2021-07-10","0.00"
"US1FLHB0162","BRANDON 2.8 N, FL US","27.9697","-82.296","25.6","2021-07-11","0.00"
"US1FLHB0162","BRANDON 2.8 N, FL US","27.9697","-82.296","25.6","2021-07-12","0.03"
"US1FLHB0162","BRANDON 2.8 N, FL US","27.9697","-82.296","25.6","2021-07-13","0.08"
"US1FLHB0162","BRANDON 2.8 N, FL US","27.9697","-82.296","25.6","2021-07-14","0.02"
"US1FLHB0162","BRANDON 2.8 N, FL US","27.9697","-82.296","25.6","2021-07-15","0.41"
"US1FLHB0162","BRANDON 2.8 N, FL US","27.9697","-82.296","25.6","2021-07-16","0.00"
"US1FLHB0162","BRANDON 2.8 N, FL US","27.9697","-82.296","25.6","2021-07-17","0.00"
"US1FLHB0162","BRANDON 2.8 N, FL US","27.9697","-82.296","25.6","2021-07-18","0.00"
"US1FLHB0162","BRANDON 2.8 N, FL US","27.9697","-82.296","25.6","2021-07-19","0.11"
"US1FLHB0162","BRANDON 2.8 N, FL US","27.9697","-82.296","25.6","2021-07-20","0.01"
"US1FLHB0162","BRANDON 2.8 N, FL US","27.9697","-82.296","25.6","2021-07-21","0.00"
"US1FLHB0167","TAMPA 4.4 S, FL US","27.896442","-82.49573","10.4","2021-07-06",
"US1FLHB0167","TAMPA 4.4 S, FL US","27.896442","-82.49573","10.4","2021-07-07","0.97"
"US1FLHB0167","TAMPA 4.4 S, FL US","27.896442","-82.49573","10.4","2021-07-08","0.10"
"US1FLHB0167","TAMPA 4.4 S, FL US","27.896442","-82.49573","10.4","2021-07-09","0.00"
"US1FLHB0167","TAMPA 4.4 S, FL US","27.896442","-82.49573","10.4","2021-07-10","0.00"
"US1FLHB0167","TAMPA 4.4 S, FL US","27.896442","-82.49573","10.4","2021-07-11","0.11"
"US1FLHB0167","TAMPA 4.4 S, FL US","27.896442","-82.49573","10.4","2021-07-12","0.00"
"US1FLHB0167","TAMPA 4.4 S, FL US","27.896442","-82.49573","10.4","2021-07-13","0.31"
"US1FLHB0167","TAMPA 4.4 S, FL US","27.896442","-82.49573","10.4","2021-07-14","0.01"
"US1FLHB0167","TAMPA 4.4 S, FL US","27.896442","-82.49573","10.4","2021-07-15","0.01"
"US1FLHB0167","TAMPA 4.4 S, FL US","27.896442","-82.49573","10.4","2021-07-16","0.00"
"US1FLHB0167","TAMPA 4.4 S, FL US","27.896442","-82.49573","10.4","2021-07-17","0.00"
"US1FLHB0167","TAMPA 4.4 S, FL US","27.896442","-82.49573","10.4","2021-07-18","0.00"
"US1FLHB0167","TAMPA 4.4 S, FL US","27.896442","-82.49573","10.4","2021-07-19","0.00"
"US1FLHB0167","TAMPA 4.4 S, FL US","27.896442","-82.49573","10.4","2021-07-20","0.00"
"US1FLHB0167","TAMPA 4.4 S, FL US","27.896442","-82.49573","10.4","2021-07-21","0.00"
"US1FLHB0166","RIVERVIEW 2.1 WNW, FL US","27.886941","-82.34495","11.6","2021-07-04","2.50"
"US1FLHB0166","RIVERVIEW 2.1 WNW, FL US","27.886941","-82.34495","11.6","2021-07-05","0.00"
"US1FLHB0166","RIVERVIEW 2.1 WNW, FL US","27.886941","-82.34495","11.6","2021-07-06","0.75"
"US1FLHB0166","RIVERVIEW 2.1 WNW, FL US","27.886941","-82.34495","11.6","2021-07-07","2.13"
"US1FLHB0166","RIVERVIEW 2.1 WNW, FL US","27.886941","-82.34495","11.6","2021-07-08","0.15"
"US1FLHB0166","RIVERVIEW 2.1 WNW, FL US","27.886941","-82.34495","11.6","2021-07-09","0.09"
"US1FLHB0166","RIVERVIEW 2.1 WNW, FL US","27.886941","-82.34495","11.6","2021-07-10","0.00"
"US1FLHB0166","RIVERVIEW 2.1 WNW, FL US","27.886941","-82.34495","11.6","2021-07-11","0.45"
"US1FLHB0166","RIVERVIEW 2.1 WNW, FL US","27.886941","-82.34495","11.6","2021-07-12","0.02"
"US1FLHB0166","RIVERVIEW 2.1 WNW, FL US","27.886941","-82.34495","11.6","2021-07-13","0.07"
"US1FLHB0166","RIVERVIEW 2.1 WNW, FL US","27.886941","-82.34495","11.6","2021-07-14","0.05"
"US1FLHB0166","RIVERVIEW 2.1 WNW, FL US","27.886941","-82.34495","11.6","2021-07-15","0.29"
"US1FLHB0166","RIVERVIEW 2.1 WNW, FL US","27.886941","-82.34495","11.6","2021-07-16","0.01"
"US1FLHB0166","RIVERVIEW 2.1 WNW, FL US","27.886941","-82.34495","11.6","2021-07-17","0.00"
"US1FLHB0166","RIVERVIEW 2.1 WNW, FL US","27.886941","-82.34495","11.6","2021-07-18","0.01"
"US1FLHB0166","RIVERVIEW 2.1 WNW, FL US","27.886941","-82.34495","11.6","2021-07-19","0.06"
"US1FLHB0166","RIVERVIEW 2.1 WNW, FL US","27.886941","-82.34495","11.6","2021-07-20","0.00"
"US1FLHB0166","RIVERVIEW 2.1 WNW, FL US","27.886941","-82.34495","11.6","2021-07-21","0.00"
"USC00083874","HASTINGS 4 NE, FL US","29.7652","-81.4697","3.0","2021-07-04","0.00"
"USC00083874","HASTINGS 4 NE, FL US","29.7652","-81.4697","3.0","2021-07-05","0.15"
"USC00083874","HASTINGS 4 NE, FL US","29.7652","-81.4697","3.0","2021-07-06","0.39"
"USC00083874","HASTINGS 4 NE, FL US","29.7652","-81.4697","3.0","2021-07-07","0.01"
"USC00083874","HASTINGS 4 NE, FL US","29.7652","-81.4697","3.0","2021-07-08","0.53"
"USC00083874","HASTINGS 4 NE, FL US","29.7652","-81.4697","3.0","2021-07-09","0.33"
"USC00083874","HASTINGS 4 NE, FL US","29.7652","-81.4697","3.0","2021-07-10","0.05"
"USC00083874","HASTINGS 4 NE, FL US","29.7652","-81.4697","3.0","2021-07-11","0.00"
"USC00083874","HASTINGS 4 NE, FL US","29.7652","-81.4697","3.0","2021-07-12","0.43"
"USC00083874","HASTINGS 4 NE, FL US","29.7652","-81.4697","3.0","2021-07-13","0.09"
"USC00083874","HASTINGS 4 NE, FL US","29.7652","-81.4697","3.0","2021-07-14","0.11"
"USC00083874","HASTINGS 4 NE, FL US","29.7652","-81.4697","3.0","2021-07-15","0.00"
"USC00083874","HASTINGS 4 NE, FL US","29.7652","-81.4697","3.0","2021-07-16","0.00"
"USC00083874","HASTINGS 4 NE, FL US","29.7652","-81.4697","3.0","2021-07-17","0.00"
"USC00083874","HASTINGS 4 NE, FL US","29.7652","-81.4697","3.0","2021-07-18","0.00"
"USC00083874","HASTINGS 4 NE, FL US","29.7652","-81.4697","3.0","2021-07-19","0.00"
"USC00083874","HASTINGS 4 NE, FL US","29.7652","-81.4697","3.0","2021-07-20","0.31"
"USC00083874","HASTINGS 4 NE, FL US","29.7652","-81.4697","3.0","2021-07-21","0.03"
"US1FLHB0168","CARROLLWOOD VILLAGE 2.3 W, FL US","28.070012","-82.558739","11.6","2021-07-10","0.00"
"US1FLHB0168","CARROLLWOOD VILLAGE 2.3 W, FL US","28.070012","-82.558739","11.6","2021-07-11","1.31"
"US1FLHB0168","CARROLLWOOD VILLAGE 2.3 W, FL US","28.070012","-82.558739","11.6","2021-07-12","0.01"
"US1FLHB0168","CARROLLWOOD VILLAGE 2.3 W, FL US","28.070012","-82.558739","11.6","2021-07-13","1.22"
"US1FLHB0168","CARROLLWOOD VILLAGE 2.3 W, FL US","28.070012","-82.558739","11.6","2021-07-14","1.27"
"US1FLHB0168","CARROLLWOOD VILLAGE 2.3 W, FL US","28.070012","-82.558739","11.6","2021-07-15","0.42"
"US1FLHB0168","CARROLLWOOD VILLAGE 2.3 W, FL US","28.070012","-82.558739","11.6","2021-07-16","0.00"
"US1FLHB0168","CARROLLWOOD VILLAGE 2.3 W, FL US","28.070012","-82.558739","11.6","2021-07-17","0.00"
"US1FLHB0168","CARROLLWOOD VILLAGE 2.3 W, FL US","28.070012","-82.558739","11.6","2021-07-18","0.00"
"US1FLHB0168","CARROLLWOOD VILLAGE 2.3 W, FL US","28.070012","-82.558739","11.6","2021-07-19","0.00"
"US1FLHB0168","CARROLLWOOD VILLAGE 2.3 W, FL US","28.070012","-82.558739","11.6","2021-07-20","0.00"
"US1FLHB0168","CARROLLWOOD VILLAGE 2.3 W, FL US","28.070012","-82.558739","11.6","2021-07-21","0.00"
"US1FLDV0106","JACKSONVILLE 11.9 S, FL US","30.16431","-81.62642","5.2","2021-07-04","0.01"
"US1FLDV0106","JACKSONVILLE 11.9 S, FL US","30.16431","-81.62642","5.2","2021-07-05","0.04"
"US1FLDV0106","JACKSONVILLE 11.9 S, FL US","30.16431","-81.62642","5.2","2021-07-07","0.23"
"US1FLDV0106","JACKSONVILLE 11.9 S, FL US","30.16431","-81.62642","5.2","2021-07-08","2.88"
"US1FLHB0160","VALRICO 1.6 NNW, FL US","27.9665","-82.2548","21.9","2021-07-04","2.07"
"US1FLHB0160","VALRICO 1.6 NNW, FL US","27.9665","-82.2548","21.9","2021-07-05","0.08"
"US1FLHB0160","VALRICO 1.6 NNW, FL US","27.9665","-82.2548","21.9","2021-07-06","0.40"
"US1FLHB0160","VALRICO 1.6 NNW, FL US","27.9665","-82.2548","21.9","2021-07-07","4.11"
"US1FLHB0160","VALRICO 1.6 NNW, FL US","27.9665","-82.2548","21.9","2021-07-08","0.67"
"US1FLHB0160","VALRICO 1.6 NNW, FL US","27.9665","-82.2548","21.9","2021-07-09","0.00"
"US1FLHB0160","VALRICO 1.6 NNW, FL US","27.9665","-82.2548","21.9","2021-07-12",
"US1FLHB0160","VALRICO 1.6 NNW, FL US","27.9665","-82.2548","21.9","2021-07-13","0.03"
"US1FLHB0160","VALRICO 1.6 NNW, FL US","27.9665","-82.2548","21.9","2021-07-14","0.00"
"US1FLHB0160","VALRICO 1.6 NNW, FL US","27.9665","-82.2548","21.9","2021-07-15","0.68"
"US1FLHB0160","VALRICO 1.6 NNW, FL US","27.9665","-82.2548","21.9","2021-07-16","0.00"
"US1FLHB0160","VALRICO 1.6 NNW, FL US","27.9665","-82.2548","21.9","2021-07-17","0.00"
"US1FLHB0160","VALRICO 1.6 NNW, FL US","27.9665","-82.2548","21.9","2021-07-18","0.00"
"US1FLHB0160","VALRICO 1.6 NNW, FL US","27.9665","-82.2548","21.9","2021-07-19","0.38"
"US1FLHB0160","VALRICO 1.6 NNW, FL US","27.9665","-82.2548","21.9","2021-07-20","0.67"
"US1FLHB0160","VALRICO 1.6 NNW, FL US","27.9665","-82.2548","21.9","2021-07-21","0.01"
"US1FLCR0038","NAPLES 8.7 SE, FL US","26.0540208220482","-81.6963750869036","1.2","2021-07-15","0.38"
"US1FLCR0038","NAPLES 8.7 SE, FL US","26.0540208220482","-81.6963750869036","1.2","2021-07-16","0.50"
"US1FLCR0038","NAPLES 8.7 SE, FL US","26.0540208220482","-81.6963750869036","1.2","2021-07-17","0.18"
"US1FLCR0038","NAPLES 8.7 SE, FL US","26.0540208220482","-81.6963750869036","1.2","2021-07-18","1.57"
"US1FLCR0038","NAPLES 8.7 SE, FL US","26.0540208220482","-81.6963750869036","1.2","2021-07-21","0.00"
"USC00080369","AVON PARK 2 W, FL US","27.5947","-81.5266","46.9","2021-07-04",
"USC00080369","AVON PARK 2 W, FL US","27.5947","-81.5266","46.9","2021-07-05",
"USC00080369","AVON PARK 2 W, FL US","27.5947","-81.5266","46.9","2021-07-06",
"USC00080369","AVON PARK 2 W, FL US","27.5947","-81.5266","46.9","2021-07-07","1.20"
"USC00080369","AVON PARK 2 W, FL US","27.5947","-81.5266","46.9","2021-07-08","0.05"
"USC00080369","AVON PARK 2 W, FL US","27.5947","-81.5266","46.9","2021-07-09","0.00"
"USC00080369","AVON PARK 2 W, FL US","27.5947","-81.5266","46.9","2021-07-10",
"USC00080369","AVON PARK 2 W, FL US","27.5947","-81.5266","46.9","2021-07-11",
"USC00080369","AVON PARK 2 W, FL US","27.5947","-81.5266","46.9","2021-07-12","0.40"
"USC00080369","AVON PARK 2 W, FL US","27.5947","-81.5266","46.9","2021-07-13","0.20"
"USC00080369","AVON PARK 2 W, FL US","27.5947","-81.5266","46.9","2021-07-14","0.05"
"USC00080369","AVON PARK 2 W, FL US","27.5947","-81.5266","46.9","2021-07-15","0.42"
"USC00080369","AVON PARK 2 W, FL US","27.5947","-81.5266","46.9","2021-07-16","0.03"
"USC00080369","AVON PARK 2 W, FL US","27.5947","-81.5266","46.9","2021-07-17",
"USC00080369","AVON PARK 2 W, FL US","27.5947","-81.5266","46.9","2021-07-18",
"USC00080369","AVON PARK 2 W, FL US","27.5947","-81.5266","46.9","2021-07-19","0.00"
"USC00080369","AVON PARK 2 W, FL US","27.5947","-81.5266","46.9","2021-07-20","1.10"
"USC00080369","AVON PARK 2 W, FL US","27.5947","-81.5266","46.9","2021-07-21","0.00"
"US1FLVL0083","DE LAND 3.9 SSE, FL US","28.98179","-81.28001","25.6","2021-07-04","0.08"
"US1FLVL0083","DE LAND 3.9 SSE, FL US","28.98179","-81.28001","25.6","2021-07-05","0.30"
"US1FLVL0083","DE LAND 3.9 SSE, FL US","28.98179","-81.28001","25.6","2021-07-06","0.14"
"US1FLVL0083","DE LAND 3.9 SSE, FL US","28.98179","-81.28001","25.6","2021-07-07","0.67"
"US1FLVL0083","DE LAND 3.9 SSE, FL US","28.98179","-81.28001","25.6","2021-07-08","0.69"
"US1FLVL0083","DE LAND 3.9 SSE, FL US","28.98179","-81.28001","25.6","2021-07-09","0.23"
"US1FLVL0083","DE LAND 3.9 SSE, FL US","28.98179","-81.28001","25.6","2021-07-10","0.29"
"US1FLVL0083","DE LAND 3.9 SSE, FL US","28.98179","-81.28001","25.6","2021-07-11","0.01"
"US1FLVL0083","DE LAND 3.9 SSE, FL US","28.98179","-81.28001","25.6","2021-07-14",
"US1FLVL0083","DE LAND 3.9 SSE, FL US","28.98179","-81.28001","25.6","2021-07-15","0.81"
"US1FLVL0083","DE LAND 3.9 SSE, FL US","28.98179","-81.28001","25.6","2021-07-16","0.01"
"US1FLVL0083","DE LAND 3.9 SSE, FL US","28.98179","-81.28001","25.6","2021-07-17","0.00"
"US1FLVL0083","DE LAND 3.9 SSE, FL US","28.98179","-81.28001","25.6","2021-07-18","0.36"
"US1FLVL0083","DE LAND 3.9 SSE, FL US","28.98179","-81.28001","25.6","2021-07-19","0.08"
"US1FLVL0083","DE LAND 3.9 SSE, FL US","28.98179","-81.28001","25.6","2021-07-20","0.07"
"US1FLVL0083","DE LAND 3.9 SSE, FL US","28.98179","-81.28001","25.6","2021-07-21","0.57"
"US1FLVL0084","LAKE HELEN 0.4 SW, FL US","28.978914","-81.235256","21.6","2021-07-04","0.08"
"US1FLVL0084","LAKE HELEN 0.4 SW, FL US","28.978914","-81.235256","21.6","2021-07-05","0.92"
"US1FLVL0084","LAKE HELEN 0.4 SW, FL US","28.978914","-81.235256","21.6","2021-07-06","0.18"
"US1FLVL0084","LAKE HELEN 0.4 SW, FL US","28.978914","-81.235256","21.6","2021-07-07","0.03"
"US1FLVL0084","LAKE HELEN 0.4 SW, FL US","28.978914","-81.235256","21.6","2021-07-08","1.20"
"US1FLVL0084","LAKE HELEN 0.4 SW, FL US","28.978914","-81.235256","21.6","2021-07-09","0.48"
"US1FLVL0084","LAKE HELEN 0.4 SW, FL US","28.978914","-81.235256","21.6","2021-07-10","0.16"
"US1FLVL0084","LAKE HELEN 0.4 SW, FL US","28.978914","-81.235256","21.6","2021-07-11","0.00"
"US1FLVL0084","LAKE HELEN 0.4 SW, FL US","28.978914","-81.235256","21.6","2021-07-12","0.00"
"US1FLVL0084","LAKE HELEN 0.4 SW, FL US","28.978914","-81.235256","21.6","2021-07-13","0.04"
"US1FLVL0084","LAKE HELEN 0.4 SW, FL US","28.978914","-81.235256","21.6","2021-07-14","0.23"
"US1FLVL0084","LAKE HELEN 0.4 SW, FL US","28.978914","-81.235256","21.6","2021-07-15","0.13"
"US1FLVL0084","LAKE HELEN 0.4 SW, FL US","28.978914","-81.235256","21.6","2021-07-16","0.05"
"US1FLVL0084","LAKE HELEN 0.4 SW, FL US","28.978914","-81.235256","21.6","2021-07-17","0.00"
"US1FLVL0084","LAKE HELEN 0.4 SW, FL US","28.978914","-81.235256","21.6","2021-07-18","0.11"
"US1FLVL0084","LAKE HELEN 0.4 SW, FL US","28.978914","-81.235256","21.6","2021-07-19","0.00"
"US1FLVL0084","LAKE HELEN 0.4 SW, FL US","28.978914","-81.235256","21.6","2021-07-20","0.12"
"US1FLVL0084","LAKE HELEN 0.4 SW, FL US","28.978914","-81.235256","21.6","2021-07-21","0.42"
"US1FLVL0081","ORMOND BY THE SEA 0.8 SSE, FL US","29.332109","-81.064317","3.0","2021-07-04","0.02"
"US1FLVL0081","ORMOND BY THE SEA 0.8 SSE, FL US","29.332109","-81.064317","3.0","2021-07-05","2.48"
"US1FLVL0081","ORMOND BY THE SEA 0.8 SSE, FL US","29.332109","-81.064317","3.0","2021-07-06","0.02"
"US1FLVL0081","ORMOND BY THE SEA 0.8 SSE, FL US","29.332109","-81.064317","3.0","2021-07-07","0.02"
"US1FLVL0081","ORMOND BY THE SEA 0.8 SSE, FL US","29.332109","-81.064317","3.0","2021-07-08","0.39"
"US1FLVL0081","ORMOND BY THE SEA 0.8 SSE, FL US","29.332109","-81.064317","3.0","2021-07-09","0.31"
"US1FLVL0081","ORMOND BY THE SEA 0.8 SSE, FL US","29.332109","-81.064317","3.0","2021-07-10","1.23"
"US1FLVL0081","ORMOND BY THE SEA 0.8 SSE, FL US","29.332109","-81.064317","3.0","2021-07-11","0.00"
"US1FLVL0081","ORMOND BY THE SEA 0.8 SSE, FL US","29.332109","-81.064317","3.0","2021-07-12","0.00"
"US1FLVL0081","ORMOND BY THE SEA 0.8 SSE, FL US","29.332109","-81.064317","3.0","2021-07-13","0.02"
"US1FLVL0081","ORMOND BY THE SEA 0.8 SSE, FL US","29.332109","-81.064317","3.0","2021-07-14","0.07"
"US1FLVL0081","ORMOND BY THE SEA 0.8 SSE, FL US","29.332109","-81.064317","3.0","2021-07-15","0.05"
"US1FLVL0081","ORMOND BY THE SEA 0.8 SSE, FL US","29.332109","-81.064317","3.0","2021-07-16","0.00"
"US1FLVL0081","ORMOND BY THE SEA 0.8 SSE, FL US","29.332109","-81.064317","3.0","2021-07-17","0.00"
"US1FLVL0081","ORMOND BY THE SEA 0.8 SSE, FL US","29.332109","-81.064317","3.0","2021-07-18","0.00"
"US1FLVL0081","ORMOND BY THE SEA 0.8 SSE, FL US","29.332109","-81.064317","3.0","2021-07-19","0.00"
"US1FLVL0081","ORMOND BY THE SEA 0.8 SSE, FL US","29.332109","-81.064317","3.0","2021-07-20","1.28"
"US1FLVL0081","ORMOND BY THE SEA 0.8 SSE, FL US","29.332109","-81.064317","3.0","2021-07-21","1.67"
"US1FLVL0082","ORMOND BEACH 4.1 ESE, FL US","29.26925","-81.0335","8.5","2021-07-04","0.02"
"US1FLVL0082","ORMOND BEACH 4.1 ESE, FL US","29.26925","-81.0335","8.5","2021-07-05","1.78"
"US1FLVL0082","ORMOND BEACH 4.1 ESE, FL US","29.26925","-81.0335","8.5","2021-07-06","0.00"
"US1FLVL0082","ORMOND BEACH 4.1 ESE, FL US","29.26925","-81.0335","8.5","2021-07-07","0.00"
"US1FLVL0082","ORMOND BEACH 4.1 ESE, FL US","29.26925","-81.0335","8.5","2021-07-08","0.38"
"US1FLVL0082","ORMOND BEACH 4.1 ESE, FL US","29.26925","-81.0335","8.5","2021-07-09","0.03"
"US1FLVL0082","ORMOND BEACH 4.1 ESE, FL US","29.26925","-81.0335","8.5","2021-07-10","0.96"
"US1FLVL0082","ORMOND BEACH 4.1 ESE, FL US","29.26925","-81.0335","8.5","2021-07-11","0.02"
"US1FLVL0082","ORMOND BEACH 4.1 ESE, FL US","29.26925","-81.0335","8.5","2021-07-12","0.00"
"US1FLVL0082","ORMOND BEACH 4.1 ESE, FL US","29.26925","-81.0335","8.5","2021-07-13","0.00"
"US1FLVL0082","ORMOND BEACH 4.1 ESE, FL US","29.26925","-81.0335","8.5","2021-07-14","0.00"
"US1FLVL0082","ORMOND BEACH 4.1 ESE, FL US","29.26925","-81.0335","8.5","2021-07-15","0.16"
"US1FLVL0082","ORMOND BEACH 4.1 ESE, FL US","29.26925","-81.0335","8.5","2021-07-16","0.00"
"US1FLVL0082","ORMOND BEACH 4.1 ESE, FL US","29.26925","-81.0335","8.5","2021-07-17","0.00"
"US1FLVL0082","ORMOND BEACH 4.1 ESE, FL US","29.26925","-81.0335","8.5","2021-07-18","0.00"
"US1FLVL0082","ORMOND BEACH 4.1 ESE, FL US","29.26925","-81.0335","8.5","2021-07-19","0.00"
"US1FLVL0082","ORMOND BEACH 4.1 ESE, FL US","29.26925","-81.0335","8.5","2021-07-20","0.36"
"US1FLVL0082","ORMOND BEACH 4.1 ESE, FL US","29.26925","-81.0335","8.5","2021-07-21","1.26"
"US1FLVL0087","PORT ORANGE 0.8 NNW, FL US","29.12087","-81.01041","12.2","2021-07-04","0.00"
"US1FLVL0087","PORT ORANGE 0.8 NNW, FL US","29.12087","-81.01041","12.2","2021-07-05","0.18"
"US1FLVL0087","PORT ORANGE 0.8 NNW, FL US","29.12087","-81.01041","12.2","2021-07-06","0.02"
"US1FLVL0087","PORT ORANGE 0.8 NNW, FL US","29.12087","-81.01041","12.2","2021-07-07","0.50"
"US1FLVL0087","PORT ORANGE 0.8 NNW, FL US","29.12087","-81.01041","12.2","2021-07-08","0.20"
"US1FLVL0087","PORT ORANGE 0.8 NNW, FL US","29.12087","-81.01041","12.2","2021-07-09","0.50"
"US1FLVL0087","PORT ORANGE 0.8 NNW, FL US","29.12087","-81.01041","12.2","2021-07-10","1.45"
"US1FLVL0087","PORT ORANGE 0.8 NNW, FL US","29.12087","-81.01041","12.2","2021-07-11","0.00"
"US1FLVL0087","PORT ORANGE 0.8 NNW, FL US","29.12087","-81.01041","12.2","2021-07-12","0.00"
"US1FLVL0087","PORT ORANGE 0.8 NNW, FL US","29.12087","-81.01041","12.2","2021-07-13","0.10"
"US1FLVL0087","PORT ORANGE 0.8 NNW, FL US","29.12087","-81.01041","12.2","2021-07-14","0.00"
"US1FLVL0087","PORT ORANGE 0.8 NNW, FL US","29.12087","-81.01041","12.2","2021-07-15","0.00"
"US1FLVL0087","PORT ORANGE 0.8 NNW, FL US","29.12087","-81.01041","12.2","2021-07-16","0.20"
"US1FLVL0087","PORT ORANGE 0.8 NNW, FL US","29.12087","-81.01041","12.2","2021-07-17","0.00"
"US1FLVL0087","PORT ORANGE 0.8 NNW, FL US","29.12087","-81.01041","12.2","2021-07-18","0.00"
"US1FLVL0087","PORT ORANGE 0.8 NNW, FL US","29.12087","-81.01041","12.2","2021-07-19","0.00"
"US1FLVL0087","PORT ORANGE 0.8 NNW, FL US","29.12087","-81.01041","12.2","2021-07-20","0.65"
"US1FLVL0087","PORT ORANGE 0.8 NNW, FL US","29.12087","-81.01041","12.2","2021-07-21","1.25"
"US1FLVL0088","PORT ORANGE 5.0 WSW, FL US","29.08019","-81.08171","23.5","2021-07-07","0.19"
"US1FLVL0088","PORT ORANGE 5.0 WSW, FL US","29.08019","-81.08171","23.5","2021-07-10","0.52"
"US1FLVL0088","PORT ORANGE 5.0 WSW, FL US","29.08019","-81.08171","23.5","2021-07-13","2.16"
"US1FLVL0088","PORT ORANGE 5.0 WSW, FL US","29.08019","-81.08171","23.5","2021-07-21","2.40"
"US1FLVL0086","DE LEON SPRINGS 1.6 ESE, FL US","29.107378","-81.328679","12.5","2021-07-04","0.02"
"US1FLVL0086","DE LEON SPRINGS 1.6 ESE, FL US","29.107378","-81.328679","12.5","2021-07-05","0.19"
"US1FLVL0086","DE LEON SPRINGS 1.6 ESE, FL US","29.107378","-81.328679","12.5","2021-07-06","0.16"
"US1FLVL0086","DE LEON SPRINGS 1.6 ESE, FL US","29.107378","-81.328679","12.5","2021-07-07","0.58"
"US1FLVL0086","DE LEON SPRINGS 1.6 ESE, FL US","29.107378","-81.328679","12.5","2021-07-08","0.31"
"US1FLVL0086","DE LEON SPRINGS 1.6 ESE, FL US","29.107378","-81.328679","12.5","2021-07-09","0.21"
"US1FLVL0086","DE LEON SPRINGS 1.6 ESE, FL US","29.107378","-81.328679","12.5","2021-07-10","0.62"
"US1FLVL0086","DE LEON SPRINGS 1.6 ESE, FL US","29.107378","-81.328679","12.5","2021-07-11","0.00"
"US1FLVL0086","DE LEON SPRINGS 1.6 ESE, FL US","29.107378","-81.328679","12.5","2021-07-12","0.00"
"US1FLVL0086","DE LEON SPRINGS 1.6 ESE, FL US","29.107378","-81.328679","12.5","2021-07-13","0.01"
"US1FLVL0086","DE LEON SPRINGS 1.6 ESE, FL US","29.107378","-81.328679","12.5","2021-07-14","0.03"
"US1FLVL0086","DE LEON SPRINGS 1.6 ESE, FL US","29.107378","-81.328679","12.5","2021-07-15","0.40"
"US1FLVL0086","DE LEON SPRINGS 1.6 ESE, FL US","29.107378","-81.328679","12.5","2021-07-16","0.00"
"US1FLVL0086","DE LEON SPRINGS 1.6 ESE, FL US","29.107378","-81.328679","12.5","2021-07-17","0.00"
"US1FLVL0086","DE LEON SPRINGS 1.6 ESE, FL US","29.107378","-81.328679","12.5","2021-07-18","0.73"
"US1FLVL0086","DE LEON SPRINGS 1.6 ESE, FL US","29.107378","-81.328679","12.5","2021-07-19","1.00"
"US1FLVL0086","DE LEON SPRINGS 1.6 ESE, FL US","29.107378","-81.328679","12.5","2021-07-20","0.05"
"US1FLVL0086","DE LEON SPRINGS 1.6 ESE, FL US","29.107378","-81.328679","12.5","2021-07-21","1.93"
"USW00053853","DESTIN FORT WALTON BEACH AIRPORT, FL US","30.39333","-86.46738","5.4","2021-07-04","0.77"
"USW00053853","DESTIN FORT WALTON BEACH AIRPORT, FL US","30.39333","-86.46738","5.4","2021-07-05","0.59"
"USW00053853","DESTIN FORT WALTON BEACH AIRPORT, FL US","30.39333","-86.46738","5.4","2021-07-06","0.47"
"USW00053853","DESTIN FORT WALTON BEACH AIRPORT, FL US","30.39333","-86.46738","5.4","2021-07-07","0.01"
"USW00053853","DESTIN FORT WALTON BEACH AIRPORT, FL US","30.39333","-86.46738","5.4","2021-07-08",
"USW00053853","DESTIN FORT WALTON BEACH AIRPORT, FL US","30.39333","-86.46738","5.4","2021-07-09","0.03"
"USW00053853","DESTIN FORT WALTON BEACH AIRPORT, FL US","30.39333","-86.46738","5.4","2021-07-10","0.00"
"USW00053853","DESTIN FORT WALTON BEACH AIRPORT, FL US","30.39333","-86.46738","5.4","2021-07-11","1.12"
"USW00053853","DESTIN FORT WALTON BEACH AIRPORT, FL US","30.39333","-86.46738","5.4","2021-07-12","1.36"
"USW00053853","DESTIN FORT WALTON BEACH AIRPORT, FL US","30.39333","-86.46738","5.4","2021-07-13","0.00"
"USW00053853","DESTIN FORT WALTON BEACH AIRPORT, FL US","30.39333","-86.46738","5.4","2021-07-14","0.00"
"USW00053853","DESTIN FORT WALTON BEACH AIRPORT, FL US","30.39333","-86.46738","5.4","2021-07-15","0.00"
"USW00053853","DESTIN FORT WALTON BEACH AIRPORT, FL US","30.39333","-86.46738","5.4","2021-07-16","0.12"
"USW00053853","DESTIN FORT WALTON BEACH AIRPORT, FL US","30.39333","-86.46738","5.4","2021-07-17","0.00"
"USW00053853","DESTIN FORT WALTON BEACH AIRPORT, FL US","30.39333","-86.46738","5.4","2021-07-18","0.24"
"USW00053853","DESTIN FORT WALTON BEACH AIRPORT, FL US","30.39333","-86.46738","5.4","2021-07-19","0.09"
"USW00053853","DESTIN FORT WALTON BEACH AIRPORT, FL US","30.39333","-86.46738","5.4","2021-07-20","0.81"
"USW00053853","DESTIN FORT WALTON BEACH AIRPORT, FL US","30.39333","-86.46738","5.4","2021-07-21","0.09"
"USC00084500","KENANSVILLE, FL US","27.8703","-81.0435","18.6","2021-07-04","0.70"
"USC00084500","KENANSVILLE, FL US","27.8703","-81.0435","18.6","2021-07-05",
"USC00084500","KENANSVILLE, FL US","27.8703","-81.0435","18.6","2021-07-06","0.50"
"USC00084500","KENANSVILLE, FL US","27.8703","-81.0435","18.6","2021-07-07",
"USC00084500","KENANSVILLE, FL US","27.8703","-81.0435","18.6","2021-07-08","0.13"
"USC00084500","KENANSVILLE, FL US","27.8703","-81.0435","18.6","2021-07-11","0.00"
"USC00084500","KENANSVILLE, FL US","27.8703","-81.0435","18.6","2021-07-12","0.00"
"USC00084500","KENANSVILLE, FL US","27.8703","-81.0435","18.6","2021-07-13","0.10"
"USC00084500","KENANSVILLE, FL US","27.8703","-81.0435","18.6","2021-07-15","0.10"
"USC00084500","KENANSVILLE, FL US","27.8703","-81.0435","18.6","2021-07-16","0.00"
"USC00084500","KENANSVILLE, FL US","27.8703","-81.0435","18.6","2021-07-17","0.00"
"USC00084500","KENANSVILLE, FL US","27.8703","-81.0435","18.6","2021-07-19","0.00"
"USC00084500","KENANSVILLE, FL US","27.8703","-81.0435","18.6","2021-07-20","0.00"
"USC00084500","KENANSVILLE, FL US","27.8703","-81.0435","18.6","2021-07-21","0.69"
"USR0000FSAN","SANBORN FLORIDA, FL US","30.23","-84.68","22.6","2021-07-04",
"USR0000FSAN","SANBORN FLORIDA, FL US","30.23","-84.68","22.6","2021-07-05",
"USR0000FSAN","SANBORN FLORIDA, FL US","30.23","-84.68","22.6","2021-07-06",
"USR0000FSAN","SANBORN FLORIDA, FL US","30.23","-84.68","22.6","2021-07-07",
"USR0000FSAN","SANBORN FLORIDA, FL US","30.23","-84.68","22.6","2021-07-08",
"USR0000FSAN","SANBORN FLORIDA, FL US","30.23","-84.68","22.6","2021-07-09",
"USR0000FSAN","SANBORN FLORIDA, FL US","30.23","-84.68","22.6","2021-07-10",
"USR0000FSAN","SANBORN FLORIDA, FL US","30.23","-84.68","22.6","2021-07-11",
"USR0000FSAN","SANBORN FLORIDA, FL US","30.23","-84.68","22.6","2021-07-12",
"USR0000FSAN","SANBORN FLORIDA, FL US","30.23","-84.68","22.6","2021-07-13",
"USR0000FSAN","SANBORN FLORIDA, FL US","30.23","-84.68","22.6","2021-07-14",
"USR0000FSAN","SANBORN FLORIDA, FL US","30.23","-84.68","22.6","2021-07-15",
"USR0000FSAN","SANBORN FLORIDA, FL US","30.23","-84.68","22.6","2021-07-16",
"USR0000FSAN","SANBORN FLORIDA, FL US","30.23","-84.68","22.6","2021-07-17",
"USR0000FSAN","SANBORN FLORIDA, FL US","30.23","-84.68","22.6","2021-07-18",
"USR0000FSAN","SANBORN FLORIDA, FL US","30.23","-84.68","22.6","2021-07-19",
"USR0000FSAN","SANBORN FLORIDA, FL US","30.23","-84.68","22.6","2021-07-20",
"USR0000FSAN","SANBORN FLORIDA, FL US","30.23","-84.68","22.6","2021-07-21",
"USW00053860","JACKSONVILLE CRAIG MUNICIPAL AIRPORT, FL US","30.33708","-81.51277","11.9","2021-07-04","2.37"
"USW00053860","JACKSONVILLE CRAIG MUNICIPAL AIRPORT, FL US","30.33708","-81.51277","11.9","2021-07-05","0.20"
"USW00053860","JACKSONVILLE CRAIG MUNICIPAL AIRPORT, FL US","30.33708","-81.51277","11.9","2021-07-06","0.00"
"USW00053860","JACKSONVILLE CRAIG MUNICIPAL AIRPORT, FL US","30.33708","-81.51277","11.9","2021-07-07","2.22"
"USW00053860","JACKSONVILLE CRAIG MUNICIPAL AIRPORT, FL US","30.33708","-81.51277","11.9","2021-07-08","0.19"
"USW00053860","JACKSONVILLE CRAIG MUNICIPAL AIRPORT, FL US","30.33708","-81.51277","11.9","2021-07-09","0.45"
"USW00053860","JACKSONVILLE CRAIG MUNICIPAL AIRPORT, FL US","30.33708","-81.51277","11.9","2021-07-10","0.00"
"USW00053860","JACKSONVILLE CRAIG MUNICIPAL AIRPORT, FL US","30.33708","-81.51277","11.9","2021-07-11","0.50"
"USW00053860","JACKSONVILLE CRAIG MUNICIPAL AIRPORT, FL US","30.33708","-81.51277","11.9","2021-07-12","0.31"
"USW00053860","JACKSONVILLE CRAIG MUNICIPAL AIRPORT, FL US","30.33708","-81.51277","11.9","2021-07-13","0.00"
"USW00053860","JACKSONVILLE CRAIG MUNICIPAL AIRPORT, FL US","30.33708","-81.51277","11.9","2021-07-14","0.00"
"USW00053860","JACKSONVILLE CRAIG MUNICIPAL AIRPORT, FL US","30.33708","-81.51277","11.9","2021-07-15","0.00"
"USW00053860","JACKSONVILLE CRAIG MUNICIPAL AIRPORT, FL US","30.33708","-81.51277","11.9","2021-07-16","0.00"
"USW00053860","JACKSONVILLE CRAIG MUNICIPAL AIRPORT, FL US","30.33708","-81.51277","11.9","2021-07-17","0.00"
"USW00053860","JACKSONVILLE CRAIG MUNICIPAL AIRPORT, FL US","30.33708","-81.51277","11.9","2021-07-18","0.00"
"USW00053860","JACKSONVILLE CRAIG MUNICIPAL AIRPORT, FL US","30.33708","-81.51277","11.9","2021-07-19","0.56"
"USW00053860","JACKSONVILLE CRAIG MUNICIPAL AIRPORT, FL US","30.33708","-81.51277","11.9","2021-07-20","0.05"
"USW00053860","JACKSONVILLE CRAIG MUNICIPAL AIRPORT, FL US","30.33708","-81.51277","11.9","2021-07-21","0.08"
"US1FLMN0037","KEY LARGO 17.9 NE, FL US","25.32093","-80.28178","3.7","2021-07-04","0.00"
"US1FLMN0037","KEY LARGO 17.9 NE, FL US","25.32093","-80.28178","3.7","2021-07-05","0.66"
"US1FLMN0037","KEY LARGO 17.9 NE, FL US","25.32093","-80.28178","3.7","2021-07-06","0.55"
"US1FLMN0037","KEY LARGO 17.9 NE, FL US","25.32093","-80.28178","3.7","2021-07-07","0.01"
"US1FLMN0037","KEY LARGO 17.9 NE, FL US","25.32093","-80.28178","3.7","2021-07-08","0.00"
"US1FLMN0037","KEY LARGO 17.9 NE, FL US","25.32093","-80.28178","3.7","2021-07-09","0.00"
"US1FLMN0037","KEY LARGO 17.9 NE, FL US","25.32093","-80.28178","3.7","2021-07-10","0.00"
"US1FLMN0037","KEY LARGO 17.9 NE, FL US","25.32093","-80.28178","3.7","2021-07-11","0.00"
"US1FLMN0037","KEY LARGO 17.9 NE, FL US","25.32093","-80.28178","3.7","2021-07-12","0.29"
"US1FLMN0037","KEY LARGO 17.9 NE, FL US","25.32093","-80.28178","3.7","2021-07-13","0.34"
"US1FLMN0037","KEY LARGO 17.9 NE, FL US","25.32093","-80.28178","3.7","2021-07-14","0.27"
"US1FLMN0037","KEY LARGO 17.9 NE, FL US","25.32093","-80.28178","3.7","2021-07-15","0.22"
"US1FLMN0037","KEY LARGO 17.9 NE, FL US","25.32093","-80.28178","3.7","2021-07-16","0.00"
"US1FLMN0037","KEY LARGO 17.9 NE, FL US","25.32093","-80.28178","3.7","2021-07-17","0.00"
"US1FLMN0037","KEY LARGO 17.9 NE, FL US","25.32093","-80.28178","3.7","2021-07-18","0.27"
"US1FLMN0037","KEY LARGO 17.9 NE, FL US","25.32093","-80.28178","3.7","2021-07-19","0.13"
"US1FLMN0037","KEY LARGO 17.9 NE, FL US","25.32093","-80.28178","3.7","2021-07-20","0.08"
"US1FLMN0037","KEY LARGO 17.9 NE, FL US","25.32093","-80.28178","3.7","2021-07-21","0.02"
"US1FLMN0035","KEY LARGO 4.5 NE, FL US","25.15135","-80.38924","2.7","2021-07-06","0.58"
"US1FLMN0035","KEY LARGO 4.5 NE, FL US","25.15135","-80.38924","2.7","2021-07-12","0.54"
"US1FLMN0035","KEY LARGO 4.5 NE, FL US","25.15135","-80.38924","2.7","2021-07-14","0.71"
"US1FLMN0035","KEY LARGO 4.5 NE, FL US","25.15135","-80.38924","2.7","2021-07-15","1.27"
"US1FLFL0049","PALM COAST 1.9 S, FL US","29.544003","-81.21661","7.3","2021-07-04","0.00"
"US1FLFL0049","PALM COAST 1.9 S, FL US","29.544003","-81.21661","7.3","2021-07-05","0.15"
"US1FLFL0049","PALM COAST 1.9 S, FL US","29.544003","-81.21661","7.3","2021-07-06","0.03"
"US1FLFL0049","PALM COAST 1.9 S, FL US","29.544003","-81.21661","7.3","2021-07-07","0.00"
"US1FLFL0049","PALM COAST 1.9 S, FL US","29.544003","-81.21661","7.3","2021-07-08","0.80"
"US1FLFL0049","PALM COAST 1.9 S, FL US","29.544003","-81.21661","7.3","2021-07-09","0.00"
"US1FLFL0049","PALM COAST 1.9 S, FL US","29.544003","-81.21661","7.3","2021-07-10","0.29"
"US1FLFL0049","PALM COAST 1.9 S, FL US","29.544003","-81.21661","7.3","2021-07-11","0.00"
"US1FLFL0049","PALM COAST 1.9 S, FL US","29.544003","-81.21661","7.3","2021-07-12","0.00"
"US1FLFL0049","PALM COAST 1.9 S, FL US","29.544003","-81.21661","7.3","2021-07-13","0.00"
"US1FLFL0049","PALM COAST 1.9 S, FL US","29.544003","-81.21661","7.3","2021-07-14","0.00"
"US1FLFL0049","PALM COAST 1.9 S, FL US","29.544003","-81.21661","7.3","2021-07-15","0.05"
"US1FLFL0049","PALM COAST 1.9 S, FL US","29.544003","-81.21661","7.3","2021-07-16","0.00"
"US1FLFL0049","PALM COAST 1.9 S, FL US","29.544003","-81.21661","7.3","2021-07-17","0.00"
"US1FLFL0049","PALM COAST 1.9 S, FL US","29.544003","-81.21661","7.3","2021-07-18","0.00"
"US1FLFL0049","PALM COAST 1.9 S, FL US","29.544003","-81.21661","7.3","2021-07-19","0.00"
"US1FLFL0049","PALM COAST 1.9 S, FL US","29.544003","-81.21661","7.3","2021-07-20","0.74"
"US1FLFL0049","PALM COAST 1.9 S, FL US","29.544003","-81.21661","7.3","2021-07-21","0.84"
"US1FLVL0089","NEW SMYRNA BEACH 8.5 W, FL US","29.050979","-81.057293","7.9","2021-07-04","0.01"
"US1FLVL0089","NEW SMYRNA BEACH 8.5 W, FL US","29.050979","-81.057293","7.9","2021-07-05","0.05"
"US1FLVL0089","NEW SMYRNA BEACH 8.5 W, FL US","29.050979","-81.057293","7.9","2021-07-06","0.53"
"US1FLVL0089","NEW SMYRNA BEACH 8.5 W, FL US","29.050979","-81.057293","7.9","2021-07-07","0.22"
"US1FLVL0089","NEW SMYRNA BEACH 8.5 W, FL US","29.050979","-81.057293","7.9","2021-07-08","0.19"
"US1FLVL0089","NEW SMYRNA BEACH 8.5 W, FL US","29.050979","-81.057293","7.9","2021-07-09","0.65"
"US1FLVL0089","NEW SMYRNA BEACH 8.5 W, FL US","29.050979","-81.057293","7.9","2021-07-10","1.71"
"US1FLVL0089","NEW SMYRNA BEACH 8.5 W, FL US","29.050979","-81.057293","7.9","2021-07-11","0.01"
"US1FLVL0089","NEW SMYRNA BEACH 8.5 W, FL US","29.050979","-81.057293","7.9","2021-07-12","0.00"
"US1FLVL0089","NEW SMYRNA BEACH 8.5 W, FL US","29.050979","-81.057293","7.9","2021-07-13","1.57"
"US1FLVL0089","NEW SMYRNA BEACH 8.5 W, FL US","29.050979","-81.057293","7.9","2021-07-14","0.00"
"US1FLVL0089","NEW SMYRNA BEACH 8.5 W, FL US","29.050979","-81.057293","7.9","2021-07-15","0.17"
"US1FLVL0089","NEW SMYRNA BEACH 8.5 W, FL US","29.050979","-81.057293","7.9","2021-07-16","0.33"
"US1FLVL0089","NEW SMYRNA BEACH 8.5 W, FL US","29.050979","-81.057293","7.9","2021-07-17","0.00"
"US1FLVL0089","NEW SMYRNA BEACH 8.5 W, FL US","29.050979","-81.057293","7.9","2021-07-18","0.00"
"US1FLVL0089","NEW SMYRNA BEACH 8.5 W, FL US","29.050979","-81.057293","7.9","2021-07-19","0.00"
"US1FLVL0089","NEW SMYRNA BEACH 8.5 W, FL US","29.050979","-81.057293","7.9","2021-07-20","0.85"
"US1FLVL0089","NEW SMYRNA BEACH 8.5 W, FL US","29.050979","-81.057293","7.9","2021-07-21","0.88"
"US1FLFL0047","PALM COAST 4.5 SSW, FL US","29.5135373","-81.2507217","12.2","2021-07-09",
"US1FLFL0047","PALM COAST 4.5 SSW, FL US","29.5135373","-81.2507217","12.2","2021-07-10","0.10"
"US1FLFL0047","PALM COAST 4.5 SSW, FL US","29.5135373","-81.2507217","12.2","2021-07-11","0.00"
"US1FLFL0047","PALM COAST 4.5 SSW, FL US","29.5135373","-81.2507217","12.2","2021-07-12","0.00"
"US1FLFL0047","PALM COAST 4.5 SSW, FL US","29.5135373","-81.2507217","12.2","2021-07-13","0.01"
"US1FLFL0047","PALM COAST 4.5 SSW, FL US","29.5135373","-81.2507217","12.2","2021-07-14","0.17"
"US1FLFL0047","PALM COAST 4.5 SSW, FL US","29.5135373","-81.2507217","12.2","2021-07-15","0.12"
"US1FLFL0047","PALM COAST 4.5 SSW, FL US","29.5135373","-81.2507217","12.2","2021-07-16","0.00"
"US1FLFL0047","PALM COAST 4.5 SSW, FL US","29.5135373","-81.2507217","12.2","2021-07-17","0.00"
"US1FLFL0047","PALM COAST 4.5 SSW, FL US","29.5135373","-81.2507217","12.2","2021-07-18","0.01"
"US1FLFL0047","PALM COAST 4.5 SSW, FL US","29.5135373","-81.2507217","12.2","2021-07-19","0.00"
"US1FLFL0047","PALM COAST 4.5 SSW, FL US","29.5135373","-81.2507217","12.2","2021-07-20","0.30"
"US1FLFL0047","PALM COAST 4.5 SSW, FL US","29.5135373","-81.2507217","12.2","2021-07-21","0.61"
"USR0000FLSU","LOWER SUWANNEE FLORIDA, FL US","29.3731","-83.0344","4.6","2021-07-04",
"USR0000FLSU","LOWER SUWANNEE FLORIDA, FL US","29.3731","-83.0344","4.6","2021-07-05",
"USR0000FLSU","LOWER SUWANNEE FLORIDA, FL US","29.3731","-83.0344","4.6","2021-07-06",
"USR0000FLSU","LOWER SUWANNEE FLORIDA, FL US","29.3731","-83.0344","4.6","2021-07-07",
"USR0000FLSU","LOWER SUWANNEE FLORIDA, FL US","29.3731","-83.0344","4.6","2021-07-08",
"USR0000FLSU","LOWER SUWANNEE FLORIDA, FL US","29.3731","-83.0344","4.6","2021-07-09",
"USR0000FLSU","LOWER SUWANNEE FLORIDA, FL US","29.3731","-83.0344","4.6","2021-07-10",
"USR0000FLSU","LOWER SUWANNEE FLORIDA, FL US","29.3731","-83.0344","4.6","2021-07-11",
"USR0000FLSU","LOWER SUWANNEE FLORIDA, FL US","29.3731","-83.0344","4.6","2021-07-12",
"USR0000FLSU","LOWER SUWANNEE FLORIDA, FL US","29.3731","-83.0344","4.6","2021-07-13",
"USR0000FLSU","LOWER SUWANNEE FLORIDA, FL US","29.3731","-83.0344","4.6","2021-07-14",
"USR0000FLSU","LOWER SUWANNEE FLORIDA, FL US","29.3731","-83.0344","4.6","2021-07-15",
"USR0000FLSU","LOWER SUWANNEE FLORIDA, FL US","29.3731","-83.0344","4.6","2021-07-16",
"USR0000FLSU","LOWER SUWANNEE FLORIDA, FL US","29.3731","-83.0344","4.6","2021-07-17",
"USR0000FLSU","LOWER SUWANNEE FLORIDA, FL US","29.3731","-83.0344","4.6","2021-07-18",
"USR0000FLSU","LOWER SUWANNEE FLORIDA, FL US","29.3731","-83.0344","4.6","2021-07-19",
"USR0000FLSU","LOWER SUWANNEE FLORIDA, FL US","29.3731","-83.0344","4.6","2021-07-20",
"USR0000FLSU","LOWER SUWANNEE FLORIDA, FL US","29.3731","-83.0344","4.6","2021-07-21",
"US1FLFL0042","PALM COAST 5.7 SSW, FL US","29.493861","-81.245204","13.1","2021-07-04","0.00"
"US1FLFL0042","PALM COAST 5.7 SSW, FL US","29.493861","-81.245204","13.1","2021-07-05","0.91"
"US1FLFL0042","PALM COAST 5.7 SSW, FL US","29.493861","-81.245204","13.1","2021-07-06","0.00"
"US1FLFL0042","PALM COAST 5.7 SSW, FL US","29.493861","-81.245204","13.1","2021-07-07","0.03"
"US1FLFL0042","PALM COAST 5.7 SSW, FL US","29.493861","-81.245204","13.1","2021-07-08","0.84"
"US1FLFL0042","PALM COAST 5.7 SSW, FL US","29.493861","-81.245204","13.1","2021-07-09","0.00"
"US1FLFL0042","PALM COAST 5.7 SSW, FL US","29.493861","-81.245204","13.1","2021-07-10","0.29"
"US1FLFL0042","PALM COAST 5.7 SSW, FL US","29.493861","-81.245204","13.1","2021-07-11","0.00"
"US1FLFL0042","PALM COAST 5.7 SSW, FL US","29.493861","-81.245204","13.1","2021-07-12","0.00"
"US1FLFL0042","PALM COAST 5.7 SSW, FL US","29.493861","-81.245204","13.1","2021-07-13","0.00"
"US1FLFL0042","PALM COAST 5.7 SSW, FL US","29.493861","-81.245204","13.1","2021-07-14","0.00"
"US1FLFL0042","PALM COAST 5.7 SSW, FL US","29.493861","-81.245204","13.1","2021-07-15","0.17"
"US1FLFL0042","PALM COAST 5.7 SSW, FL US","29.493861","-81.245204","13.1","2021-07-16","0.00"
"US1FLFL0042","PALM COAST 5.7 SSW, FL US","29.493861","-81.245204","13.1","2021-07-17","0.00"
"US1FLFL0042","PALM COAST 5.7 SSW, FL US","29.493861","-81.245204","13.1","2021-07-18","0.00"
"US1FLFL0042","PALM COAST 5.7 SSW, FL US","29.493861","-81.245204","13.1","2021-07-19","0.00"
"US1FLFL0042","PALM COAST 5.7 SSW, FL US","29.493861","-81.245204","13.1","2021-07-20","0.49"
"US1FLFL0042","PALM COAST 5.7 SSW, FL US","29.493861","-81.245204","13.1","2021-07-21","0.99"
"US1FLFL0043","PALM COAST 8.3 S, FL US","29.4504","-81.2156","9.4","2021-07-04","0.01"
"US1FLFL0043","PALM COAST 8.3 S, FL US","29.4504","-81.2156","9.4","2021-07-05","0.95"
"US1FLFL0043","PALM COAST 8.3 S, FL US","29.4504","-81.2156","9.4","2021-07-06","0.01"
"US1FLFL0043","PALM COAST 8.3 S, FL US","29.4504","-81.2156","9.4","2021-07-07","0.05"
"US1FLFL0043","PALM COAST 8.3 S, FL US","29.4504","-81.2156","9.4","2021-07-08","0.63"
"US1FLFL0043","PALM COAST 8.3 S, FL US","29.4504","-81.2156","9.4","2021-07-09","0.10"
"US1FLFL0043","PALM COAST 8.3 S, FL US","29.4504","-81.2156","9.4","2021-07-10","0.36"
"US1FLFL0043","PALM COAST 8.3 S, FL US","29.4504","-81.2156","9.4","2021-07-11","0.00"
"US1FLFL0043","PALM COAST 8.3 S, FL US","29.4504","-81.2156","9.4","2021-07-12","0.00"
"US1FLFL0043","PALM COAST 8.3 S, FL US","29.4504","-81.2156","9.4","2021-07-13","0.00"
"US1FLFL0043","PALM COAST 8.3 S, FL US","29.4504","-81.2156","9.4","2021-07-14","0.00"
"US1FLFL0043","PALM COAST 8.3 S, FL US","29.4504","-81.2156","9.4","2021-07-15","0.07"
"US1FLFL0043","PALM COAST 8.3 S, FL US","29.4504","-81.2156","9.4","2021-07-16","0.00"
"US1FLFL0043","PALM COAST 8.3 S, FL US","29.4504","-81.2156","9.4","2021-07-17","0.00"
"US1FLFL0043","PALM COAST 8.3 S, FL US","29.4504","-81.2156","9.4","2021-07-18","0.00"
"US1FLFL0043","PALM COAST 8.3 S, FL US","29.4504","-81.2156","9.4","2021-07-19","0.00"
"US1FLVL0099","ORMOND BEACH 2.0 ENE, FL US","29.30626","-81.0645","1.2","2021-07-04","0.00"
"US1FLVL0099","ORMOND BEACH 2.0 ENE, FL US","29.30626","-81.0645","1.2","2021-07-05","1.93"
"US1FLVL0099","ORMOND BEACH 2.0 ENE, FL US","29.30626","-81.0645","1.2","2021-07-06","0.02"
"US1FLVL0099","ORMOND BEACH 2.0 ENE, FL US","29.30626","-81.0645","1.2","2021-07-07","0.00"
"US1FLVL0099","ORMOND BEACH 2.0 ENE, FL US","29.30626","-81.0645","1.2","2021-07-08","0.41"
"US1FLVL0099","ORMOND BEACH 2.0 ENE, FL US","29.30626","-81.0645","1.2","2021-07-09","0.26"
"US1FLVL0099","ORMOND BEACH 2.0 ENE, FL US","29.30626","-81.0645","1.2","2021-07-10","1.61"
"US1FLVL0099","ORMOND BEACH 2.0 ENE, FL US","29.30626","-81.0645","1.2","2021-07-11","0.00"
"US1FLVL0099","ORMOND BEACH 2.0 ENE, FL US","29.30626","-81.0645","1.2","2021-07-12","0.00"
"US1FLVL0099","ORMOND BEACH 2.0 ENE, FL US","29.30626","-81.0645","1.2","2021-07-13","0.00"
"US1FLVL0099","ORMOND BEACH 2.0 ENE, FL US","29.30626","-81.0645","1.2","2021-07-14","0.05"
"US1FLVL0099","ORMOND BEACH 2.0 ENE, FL US","29.30626","-81.0645","1.2","2021-07-15","0.11"
"US1FLVL0099","ORMOND BEACH 2.0 ENE, FL US","29.30626","-81.0645","1.2","2021-07-16","0.00"
"US1FLVL0099","ORMOND BEACH 2.0 ENE, FL US","29.30626","-81.0645","1.2","2021-07-17","0.00"
"US1FLVL0099","ORMOND BEACH 2.0 ENE, FL US","29.30626","-81.0645","1.2","2021-07-19","0.00"
"US1FLVL0099","ORMOND BEACH 2.0 ENE, FL US","29.30626","-81.0645","1.2","2021-07-20","0.55"
"US1FLVL0099","ORMOND BEACH 2.0 ENE, FL US","29.30626","-81.0645","1.2","2021-07-21","1.56"
"US1FLFL0040","PALM COAST 0.8 NNW, FL US","29.58079","-81.22079","11.0","2021-07-04","0.01"
"US1FLFL0040","PALM COAST 0.8 NNW, FL US","29.58079","-81.22079","11.0","2021-07-05","0.15"
"US1FLFL0040","PALM COAST 0.8 NNW, FL US","29.58079","-81.22079","11.0","2021-07-06","0.00"
"US1FLFL0040","PALM COAST 0.8 NNW, FL US","29.58079","-81.22079","11.0","2021-07-07","0.00"
"US1FLFL0040","PALM COAST 0.8 NNW, FL US","29.58079","-81.22079","11.0","2021-07-08","0.55"
"US1FLFL0040","PALM COAST 0.8 NNW, FL US","29.58079","-81.22079","11.0","2021-07-09","0.02"
"US1FLFL0040","PALM COAST 0.8 NNW, FL US","29.58079","-81.22079","11.0","2021-07-10","0.29"
"US1FLFL0040","PALM COAST 0.8 NNW, FL US","29.58079","-81.22079","11.0","2021-07-11","0.00"
"US1FLFL0040","PALM COAST 0.8 NNW, FL US","29.58079","-81.22079","11.0","2021-07-12","0.00"
"US1FLFL0040","PALM COAST 0.8 NNW, FL US","29.58079","-81.22079","11.0","2021-07-13","0.00"
"US1FLFL0040","PALM COAST 0.8 NNW, FL US","29.58079","-81.22079","11.0","2021-07-14","0.00"
"US1FLFL0040","PALM COAST 0.8 NNW, FL US","29.58079","-81.22079","11.0","2021-07-15","0.02"
"US1FLFL0040","PALM COAST 0.8 NNW, FL US","29.58079","-81.22079","11.0","2021-07-16","0.00"
"US1FLFL0040","PALM COAST 0.8 NNW, FL US","29.58079","-81.22079","11.0","2021-07-17","0.00"
"US1FLFL0040","PALM COAST 0.8 NNW, FL US","29.58079","-81.22079","11.0","2021-07-18","0.00"
"US1FLFL0040","PALM COAST 0.8 NNW, FL US","29.58079","-81.22079","11.0","2021-07-19","0.00"
"US1FLFL0040","PALM COAST 0.8 NNW, FL US","29.58079","-81.22079","11.0","2021-07-20","1.04"
"US1FLFL0040","PALM COAST 0.8 NNW, FL US","29.58079","-81.22079","11.0","2021-07-21","0.98"
"US1FLMN0039","ISLAMORADA 7.8 SW, FL US","24.85058","-80.73566","1.8","2021-07-04","0.00"
"US1FLMN0039","ISLAMORADA 7.8 SW, FL US","24.85058","-80.73566","1.8","2021-07-05","0.00"
"US1FLMN0039","ISLAMORADA 7.8 SW, FL US","24.85058","-80.73566","1.8","2021-07-06","0.68"
"US1FLMN0039","ISLAMORADA 7.8 SW, FL US","24.85058","-80.73566","1.8","2021-07-07","0.14"
"US1FLMN0039","ISLAMORADA 7.8 SW, FL US","24.85058","-80.73566","1.8","2021-07-08","0.00"
"US1FLMN0039","ISLAMORADA 7.8 SW, FL US","24.85058","-80.73566","1.8","2021-07-09","0.00"
"US1FLMN0039","ISLAMORADA 7.8 SW, FL US","24.85058","-80.73566","1.8","2021-07-10","0.00"
"US1FLMN0039","ISLAMORADA 7.8 SW, FL US","24.85058","-80.73566","1.8","2021-07-11","0.00"
"US1FLMN0039","ISLAMORADA 7.8 SW, FL US","24.85058","-80.73566","1.8","2021-07-12","0.02"
"US1FLMN0039","ISLAMORADA 7.8 SW, FL US","24.85058","-80.73566","1.8","2021-07-13","0.01"
"US1FLMN0039","ISLAMORADA 7.8 SW, FL US","24.85058","-80.73566","1.8","2021-07-14","0.08"
"US1FLMN0039","ISLAMORADA 7.8 SW, FL US","24.85058","-80.73566","1.8","2021-07-15","0.71"
"US1FLMN0039","ISLAMORADA 7.8 SW, FL US","24.85058","-80.73566","1.8","2021-07-16","0.06"
"US1FLMN0039","ISLAMORADA 7.8 SW, FL US","24.85058","-80.73566","1.8","2021-07-17","0.06"
"US1FLMN0039","ISLAMORADA 7.8 SW, FL US","24.85058","-80.73566","1.8","2021-07-18","0.02"
"US1FLMN0039","ISLAMORADA 7.8 SW, FL US","24.85058","-80.73566","1.8","2021-07-19","0.16"
"US1FLMN0039","ISLAMORADA 7.8 SW, FL US","24.85058","-80.73566","1.8","2021-07-20","0.02"
"US1FLMN0039","ISLAMORADA 7.8 SW, FL US","24.85058","-80.73566","1.8","2021-07-21","0.00"
"US1FLVL0090","LAKE HELEN 0.9 S, FL US","28.9707","-81.2341","17.4","2021-07-04","0.04"
"US1FLVL0090","LAKE HELEN 0.9 S, FL US","28.9707","-81.2341","17.4","2021-07-05","0.61"
"US1FLVL0090","LAKE HELEN 0.9 S, FL US","28.9707","-81.2341","17.4","2021-07-06","0.16"
"US1FLVL0090","LAKE HELEN 0.9 S, FL US","28.9707","-81.2341","17.4","2021-07-07","0.96"
"US1FLVL0090","LAKE HELEN 0.9 S, FL US","28.9707","-81.2341","17.4","2021-07-08","0.44"
"US1FLVL0090","LAKE HELEN 0.9 S, FL US","28.9707","-81.2341","17.4","2021-07-09","0.47"
"US1FLVL0090","LAKE HELEN 0.9 S, FL US","28.9707","-81.2341","17.4","2021-07-10","0.14"
"US1FLVL0090","LAKE HELEN 0.9 S, FL US","28.9707","-81.2341","17.4","2021-07-11","0.00"
"US1FLVL0090","LAKE HELEN 0.9 S, FL US","28.9707","-81.2341","17.4","2021-07-12","0.02"
"US1FLVL0090","LAKE HELEN 0.9 S, FL US","28.9707","-81.2341","17.4","2021-07-13","0.03"
"US1FLVL0090","LAKE HELEN 0.9 S, FL US","28.9707","-81.2341","17.4","2021-07-14","0.20"
"US1FLVL0090","LAKE HELEN 0.9 S, FL US","28.9707","-81.2341","17.4","2021-07-15","0.07"
"US1FLVL0090","LAKE HELEN 0.9 S, FL US","28.9707","-81.2341","17.4","2021-07-16","0.08"
"US1FLVL0090","LAKE HELEN 0.9 S, FL US","28.9707","-81.2341","17.4","2021-07-17","0.00"
"US1FLVL0090","LAKE HELEN 0.9 S, FL US","28.9707","-81.2341","17.4","2021-07-18","0.13"
"US1FLVL0090","LAKE HELEN 0.9 S, FL US","28.9707","-81.2341","17.4","2021-07-19","0.00"
"US1FLVL0090","LAKE HELEN 0.9 S, FL US","28.9707","-81.2341","17.4","2021-07-20","0.15"
"US1FLVL0090","LAKE HELEN 0.9 S, FL US","28.9707","-81.2341","17.4","2021-07-21","0.37"
"US1FLVL0091","DELAND 4.2 NW, FL US","29.077239","-81.34761","22.6","2021-07-04","0.03"
"US1FLVL0091","DELAND 4.2 NW, FL US","29.077239","-81.34761","22.6","2021-07-05","0.27"
"US1FLVL0091","DELAND 4.2 NW, FL US","29.077239","-81.34761","22.6","2021-07-06","0.79"
"US1FLVL0091","DELAND 4.2 NW, FL US","29.077239","-81.34761","22.6","2021-07-07","0.53"
"US1FLVL0091","DELAND 4.2 NW, FL US","29.077239","-81.34761","22.6","2021-07-08","0.26"
"US1FLVL0091","DELAND 4.2 NW, FL US","29.077239","-81.34761","22.6","2021-07-09","0.11"
"US1FLVL0091","DELAND 4.2 NW, FL US","29.077239","-81.34761","22.6","2021-07-10","0.19"
"US1FLVL0091","DELAND 4.2 NW, FL US","29.077239","-81.34761","22.6","2021-07-11","0.00"
"US1FLVL0091","DELAND 4.2 NW, FL US","29.077239","-81.34761","22.6","2021-07-12","0.00"
"US1FLVL0091","DELAND 4.2 NW, FL US","29.077239","-81.34761","22.6","2021-07-13","0.22"
"US1FLVL0091","DELAND 4.2 NW, FL US","29.077239","-81.34761","22.6","2021-07-14","0.39"
"US1FLVL0091","DELAND 4.2 NW, FL US","29.077239","-81.34761","22.6","2021-07-15","0.05"
"US1FLVL0091","DELAND 4.2 NW, FL US","29.077239","-81.34761","22.6","2021-07-16","0.00"
"US1FLVL0091","DELAND 4.2 NW, FL US","29.077239","-81.34761","22.6","2021-07-17","0.00"
"US1FLVL0091","DELAND 4.2 NW, FL US","29.077239","-81.34761","22.6","2021-07-18","0.37"
"US1FLVL0091","DELAND 4.2 NW, FL US","29.077239","-81.34761","22.6","2021-07-19","1.30"
"US1FLVL0091","DELAND 4.2 NW, FL US","29.077239","-81.34761","22.6","2021-07-20","0.05"
"US1FLVL0091","DELAND 4.2 NW, FL US","29.077239","-81.34761","22.6","2021-07-21","1.76"
"USC00084731","LAKE CITY 2 E, FL US","30.1852","-82.5941","59.4","2021-07-04","0.22"
"USC00084731","LAKE CITY 2 E, FL US","30.1852","-82.5941","59.4","2021-07-06","0.17"
"USC00084731","LAKE CITY 2 E, FL US","30.1852","-82.5941","59.4","2021-07-08","3.95"
"USC00084731","LAKE CITY 2 E, FL US","30.1852","-82.5941","59.4","2021-07-09","0.00"
"USC00084731","LAKE CITY 2 E, FL US","30.1852","-82.5941","59.4","2021-07-10","0.21"
"USC00084731","LAKE CITY 2 E, FL US","30.1852","-82.5941","59.4","2021-07-11","0.01"
"USC00084731","LAKE CITY 2 E, FL US","30.1852","-82.5941","59.4","2021-07-12","0.00"
"USC00084731","LAKE CITY 2 E, FL US","30.1852","-82.5941","59.4","2021-07-13","0.00"
"USC00084731","LAKE CITY 2 E, FL US","30.1852","-82.5941","59.4","2021-07-14","0.05"
"USC00084731","LAKE CITY 2 E, FL US","30.1852","-82.5941","59.4","2021-07-15","0.00"
"USC00084731","LAKE CITY 2 E, FL US","30.1852","-82.5941","59.4","2021-07-16","0.00"
"USC00084731","LAKE CITY 2 E, FL US","30.1852","-82.5941","59.4","2021-07-17","0.00"
"USC00084731","LAKE CITY 2 E, FL US","30.1852","-82.5941","59.4","2021-07-18","0.13"
"USC00084731","LAKE CITY 2 E, FL US","30.1852","-82.5941","59.4","2021-07-19","1.34"
"USC00084731","LAKE CITY 2 E, FL US","30.1852","-82.5941","59.4","2021-07-20","0.50"
"USC00084731","LAKE CITY 2 E, FL US","30.1852","-82.5941","59.4","2021-07-21","0.41"
"US1FLMN0045","TAVERNIER 0.3 SSE, FL US","25.012304","-80.517082","2.4","2021-07-04","0.00"
"US1FLMN0045","TAVERNIER 0.3 SSE, FL US","25.012304","-80.517082","2.4","2021-07-05","0.14"
"US1FLMN0045","TAVERNIER 0.3 SSE, FL US","25.012304","-80.517082","2.4","2021-07-06","0.49"
"US1FLMN0045","TAVERNIER 0.3 SSE, FL US","25.012304","-80.517082","2.4","2021-07-07","0.03"
"US1FLMN0045","TAVERNIER 0.3 SSE, FL US","25.012304","-80.517082","2.4","2021-07-08","0.00"
"US1FLMN0045","TAVERNIER 0.3 SSE, FL US","25.012304","-80.517082","2.4","2021-07-09","0.00"
"US1FLMN0045","TAVERNIER 0.3 SSE, FL US","25.012304","-80.517082","2.4","2021-07-10","0.00"
"US1FLMN0045","TAVERNIER 0.3 SSE, FL US","25.012304","-80.517082","2.4","2021-07-11","0.25"
"US1FLMN0045","TAVERNIER 0.3 SSE, FL US","25.012304","-80.517082","2.4","2021-07-12","0.12"
"US1FLMN0045","TAVERNIER 0.3 SSE, FL US","25.012304","-80.517082","2.4","2021-07-13","0.80"
"US1FLMN0045","TAVERNIER 0.3 SSE, FL US","25.012304","-80.517082","2.4","2021-07-14","0.02"
"US1FLMN0045","TAVERNIER 0.3 SSE, FL US","25.012304","-80.517082","2.4","2021-07-15","0.00"
"US1FLMN0045","TAVERNIER 0.3 SSE, FL US","25.012304","-80.517082","2.4","2021-07-16","0.08"
"US1FLMN0045","TAVERNIER 0.3 SSE, FL US","25.012304","-80.517082","2.4","2021-07-17","0.00"
"US1FLMN0045","TAVERNIER 0.3 SSE, FL US","25.012304","-80.517082","2.4","2021-07-18","0.00"
"US1FLMN0045","TAVERNIER 0.3 SSE, FL US","25.012304","-80.517082","2.4","2021-07-19","0.00"
"US1FLMN0045","TAVERNIER 0.3 SSE, FL US","25.012304","-80.517082","2.4","2021-07-20","0.05"
"US1FLMN0045","TAVERNIER 0.3 SSE, FL US","25.012304","-80.517082","2.4","2021-07-21","0.16"
"US1FLMN0044","BIG PINE KEY 2.8 NNW, FL US","24.72143","-81.390759","0.6","2021-07-13",
"US1FLMN0049","MARATHON 1.7 ENE, FL US","24.720189","-81.05572","0.9","2021-07-04","0.00"
"US1FLMN0049","MARATHON 1.7 ENE, FL US","24.720189","-81.05572","0.9","2021-07-05","0.02"
"US1FLMN0049","MARATHON 1.7 ENE, FL US","24.720189","-81.05572","0.9","2021-07-06","0.94"
"US1FLMN0049","MARATHON 1.7 ENE, FL US","24.720189","-81.05572","0.9","2021-07-07","0.84"
"US1FLMN0049","MARATHON 1.7 ENE, FL US","24.720189","-81.05572","0.9","2021-07-08","0.00"
"US1FLMN0049","MARATHON 1.7 ENE, FL US","24.720189","-81.05572","0.9","2021-07-09","0.00"
"US1FLMN0049","MARATHON 1.7 ENE, FL US","24.720189","-81.05572","0.9","2021-07-11","0.00"
"US1FLMN0049","MARATHON 1.7 ENE, FL US","24.720189","-81.05572","0.9","2021-07-12","0.92"
"US1FLMN0049","MARATHON 1.7 ENE, FL US","24.720189","-81.05572","0.9","2021-07-13","0.10"
"US1FLMN0049","MARATHON 1.7 ENE, FL US","24.720189","-81.05572","0.9","2021-07-14","0.92"
"US1FLMN0049","MARATHON 1.7 ENE, FL US","24.720189","-81.05572","0.9","2021-07-15","0.12"
"US1FLMN0049","MARATHON 1.7 ENE, FL US","24.720189","-81.05572","0.9","2021-07-16","0.09"
"US1FLMN0049","MARATHON 1.7 ENE, FL US","24.720189","-81.05572","0.9","2021-07-17","0.00"
"US1FLMN0049","MARATHON 1.7 ENE, FL US","24.720189","-81.05572","0.9","2021-07-18","0.00"
"US1FLMN0049","MARATHON 1.7 ENE, FL US","24.720189","-81.05572","0.9","2021-07-19","0.00"
"US1FLMN0049","MARATHON 1.7 ENE, FL US","24.720189","-81.05572","0.9","2021-07-20","0.00"
"US1FLFL0039","FLAGLER BEACH 2.3 SSE, FL US","29.44176","-81.1106","6.1","2021-07-04","0.00"
"US1FLFL0039","FLAGLER BEACH 2.3 SSE, FL US","29.44176","-81.1106","6.1","2021-07-05","1.22"
"US1FLFL0039","FLAGLER BEACH 2.3 SSE, FL US","29.44176","-81.1106","6.1","2021-07-06","0.02"
"US1FLFL0039","FLAGLER BEACH 2.3 SSE, FL US","29.44176","-81.1106","6.1","2021-07-07","0.17"
"US1FLFL0039","FLAGLER BEACH 2.3 SSE, FL US","29.44176","-81.1106","6.1","2021-07-08","0.62"
"US1FLFL0039","FLAGLER BEACH 2.3 SSE, FL US","29.44176","-81.1106","6.1","2021-07-09","0.00"
"US1FLFL0039","FLAGLER BEACH 2.3 SSE, FL US","29.44176","-81.1106","6.1","2021-07-10","1.46"
"US1FLFL0039","FLAGLER BEACH 2.3 SSE, FL US","29.44176","-81.1106","6.1","2021-07-11","0.00"
"US1FLFL0039","FLAGLER BEACH 2.3 SSE, FL US","29.44176","-81.1106","6.1","2021-07-12","0.00"
"US1FLFL0039","FLAGLER BEACH 2.3 SSE, FL US","29.44176","-81.1106","6.1","2021-07-13","0.00"
"US1FLFL0039","FLAGLER BEACH 2.3 SSE, FL US","29.44176","-81.1106","6.1","2021-07-14","0.00"
"US1FLFL0039","FLAGLER BEACH 2.3 SSE, FL US","29.44176","-81.1106","6.1","2021-07-15","0.16"
"US1FLFL0039","FLAGLER BEACH 2.3 SSE, FL US","29.44176","-81.1106","6.1","2021-07-16","0.00"
"US1FLFL0039","FLAGLER BEACH 2.3 SSE, FL US","29.44176","-81.1106","6.1","2021-07-17","0.00"
"US1FLFL0039","FLAGLER BEACH 2.3 SSE, FL US","29.44176","-81.1106","6.1","2021-07-18","0.00"
"US1FLFL0039","FLAGLER BEACH 2.3 SSE, FL US","29.44176","-81.1106","6.1","2021-07-19","0.00"
"US1FLFL0039","FLAGLER BEACH 2.3 SSE, FL US","29.44176","-81.1106","6.1","2021-07-20","0.22"
"US1FLFL0039","FLAGLER BEACH 2.3 SSE, FL US","29.44176","-81.1106","6.1","2021-07-21","0.45"
"US1FLMN0041","RAMROD KEY 0.7 ESE, FL US","24.6581291637423","-81.4051381410151","1.2","2021-07-07",
"US1FLFL0035","PALM COAST 1.8 N, FL US","29.597231","-81.220062","4.6","2021-07-04","0.00"
"US1FLFL0035","PALM COAST 1.8 N, FL US","29.597231","-81.220062","4.6","2021-07-05","0.21"
"US1FLFL0035","PALM COAST 1.8 N, FL US","29.597231","-81.220062","4.6","2021-07-06","0.00"
"US1FLFL0035","PALM COAST 1.8 N, FL US","29.597231","-81.220062","4.6","2021-07-07","0.02"
"US1FLFL0035","PALM COAST 1.8 N, FL US","29.597231","-81.220062","4.6","2021-07-08","0.64"
"US1FLFL0035","PALM COAST 1.8 N, FL US","29.597231","-81.220062","4.6","2021-07-09","0.00"
"US1FLFL0035","PALM COAST 1.8 N, FL US","29.597231","-81.220062","4.6","2021-07-10","0.11"
"US1FLFL0035","PALM COAST 1.8 N, FL US","29.597231","-81.220062","4.6","2021-07-11","0.00"
"US1FLFL0035","PALM COAST 1.8 N, FL US","29.597231","-81.220062","4.6","2021-07-12","0.00"
"US1FLFL0035","PALM COAST 1.8 N, FL US","29.597231","-81.220062","4.6","2021-07-13","0.01"
"US1FLFL0035","PALM COAST 1.8 N, FL US","29.597231","-81.220062","4.6","2021-07-14","0.00"
"US1FLFL0035","PALM COAST 1.8 N, FL US","29.597231","-81.220062","4.6","2021-07-15","0.00"
"US1FLFL0035","PALM COAST 1.8 N, FL US","29.597231","-81.220062","4.6","2021-07-16","0.00"
"US1FLFL0035","PALM COAST 1.8 N, FL US","29.597231","-81.220062","4.6","2021-07-17","0.00"
"US1FLFL0035","PALM COAST 1.8 N, FL US","29.597231","-81.220062","4.6","2021-07-18","0.00"
"US1FLFL0035","PALM COAST 1.8 N, FL US","29.597231","-81.220062","4.6","2021-07-19","0.00"
"US1FLFL0035","PALM COAST 1.8 N, FL US","29.597231","-81.220062","4.6","2021-07-20","0.91"
"US1FLFL0035","PALM COAST 1.8 N, FL US","29.597231","-81.220062","4.6","2021-07-21","0.90"
"US1FLFL0036","PALM COAST 2.4 NE, FL US","29.592","-81.1828","9.4","2021-07-04","0.15"
"US1FLFL0036","PALM COAST 2.4 NE, FL US","29.592","-81.1828","9.4","2021-07-05","0.09"
"US1FLFL0036","PALM COAST 2.4 NE, FL US","29.592","-81.1828","9.4","2021-07-06","0.02"
"US1FLFL0036","PALM COAST 2.4 NE, FL US","29.592","-81.1828","9.4","2021-07-08",
"US1FLFL0036","PALM COAST 2.4 NE, FL US","29.592","-81.1828","9.4","2021-07-09","0.00"
"US1FLFL0036","PALM COAST 2.4 NE, FL US","29.592","-81.1828","9.4","2021-07-10","0.08"
"US1FLFL0036","PALM COAST 2.4 NE, FL US","29.592","-81.1828","9.4","2021-07-11","0.00"
"US1FLFL0036","PALM COAST 2.4 NE, FL US","29.592","-81.1828","9.4","2021-07-12","0.00"
"US1FLFL0036","PALM COAST 2.4 NE, FL US","29.592","-81.1828","9.4","2021-07-13","0.00"
"US1FLFL0036","PALM COAST 2.4 NE, FL US","29.592","-81.1828","9.4","2021-07-15","0.01"
"US1FLFL0036","PALM COAST 2.4 NE, FL US","29.592","-81.1828","9.4","2021-07-16","0.00"
"US1FLFL0036","PALM COAST 2.4 NE, FL US","29.592","-81.1828","9.4","2021-07-17","0.00"
"US1FLFL0036","PALM COAST 2.4 NE, FL US","29.592","-81.1828","9.4","2021-07-18","0.00"
"US1FLFL0036","PALM COAST 2.4 NE, FL US","29.592","-81.1828","9.4","2021-07-20","0.83"
"US1FLFL0036","PALM COAST 2.4 NE, FL US","29.592","-81.1828","9.4","2021-07-21","0.74"
"US1FLFL0037","PALM COAST 3.9 SSW, FL US","29.517738","-81.235001","10.1","2021-07-04","0.01"
"US1FLFL0037","PALM COAST 3.9 SSW, FL US","29.517738","-81.235001","10.1","2021-07-05","0.41"
"US1FLFL0037","PALM COAST 3.9 SSW, FL US","29.517738","-81.235001","10.1","2021-07-06","0.00"
"US1FLFL0037","PALM COAST 3.9 SSW, FL US","29.517738","-81.235001","10.1","2021-07-07","0.03"
"US1FLFL0037","PALM COAST 3.9 SSW, FL US","29.517738","-81.235001","10.1","2021-07-08","0.61"
"US1FLFL0037","PALM COAST 3.9 SSW, FL US","29.517738","-81.235001","10.1","2021-07-09","0.01"
"US1FLFL0037","PALM COAST 3.9 SSW, FL US","29.517738","-81.235001","10.1","2021-07-10","0.19"
"US1FLFL0037","PALM COAST 3.9 SSW, FL US","29.517738","-81.235001","10.1","2021-07-11","0.00"
"US1FLFL0037","PALM COAST 3.9 SSW, FL US","29.517738","-81.235001","10.1","2021-07-12","0.00"
"US1FLFL0037","PALM COAST 3.9 SSW, FL US","29.517738","-81.235001","10.1","2021-07-13","0.00"
"US1FLFL0037","PALM COAST 3.9 SSW, FL US","29.517738","-81.235001","10.1","2021-07-14","0.06"
"US1FLFL0037","PALM COAST 3.9 SSW, FL US","29.517738","-81.235001","10.1","2021-07-15","0.09"
"US1FLFL0037","PALM COAST 3.9 SSW, FL US","29.517738","-81.235001","10.1","2021-07-16","0.00"
"US1FLFL0037","PALM COAST 3.9 SSW, FL US","29.517738","-81.235001","10.1","2021-07-17","0.00"
"US1FLFL0037","PALM COAST 3.9 SSW, FL US","29.517738","-81.235001","10.1","2021-07-18","0.00"
"US1FLFL0037","PALM COAST 3.9 SSW, FL US","29.517738","-81.235001","10.1","2021-07-19","0.00"
"US1FLFL0037","PALM COAST 3.9 SSW, FL US","29.517738","-81.235001","10.1","2021-07-20","0.62"
"US1FLFL0037","PALM COAST 3.9 SSW, FL US","29.517738","-81.235001","10.1","2021-07-21","0.56"
"US1FLVL0061","ORMOND BEACH 4.8 NNE, FL US","29.3621117","-81.07536859999","6.4","2021-07-04","0.00"
"US1FLVL0061","ORMOND BEACH 4.8 NNE, FL US","29.3621117","-81.07536859999","6.4","2021-07-05","1.07"
"US1FLVL0061","ORMOND BEACH 4.8 NNE, FL US","29.3621117","-81.07536859999","6.4","2021-07-06","0.00"
"US1FLVL0061","ORMOND BEACH 4.8 NNE, FL US","29.3621117","-81.07536859999","6.4","2021-07-07","0.28"
"US1FLVL0061","ORMOND BEACH 4.8 NNE, FL US","29.3621117","-81.07536859999","6.4","2021-07-08","0.29"
"US1FLVL0061","ORMOND BEACH 4.8 NNE, FL US","29.3621117","-81.07536859999","6.4","2021-07-09","0.19"
"US1FLVL0061","ORMOND BEACH 4.8 NNE, FL US","29.3621117","-81.07536859999","6.4","2021-07-10","1.20"
"US1FLVL0061","ORMOND BEACH 4.8 NNE, FL US","29.3621117","-81.07536859999","6.4","2021-07-11","0.00"
"US1FLVL0061","ORMOND BEACH 4.8 NNE, FL US","29.3621117","-81.07536859999","6.4","2021-07-12","0.00"
"US1FLVL0061","ORMOND BEACH 4.8 NNE, FL US","29.3621117","-81.07536859999","6.4","2021-07-13","0.00"
"US1FLVL0061","ORMOND BEACH 4.8 NNE, FL US","29.3621117","-81.07536859999","6.4","2021-07-16",
"US1FLVL0061","ORMOND BEACH 4.8 NNE, FL US","29.3621117","-81.07536859999","6.4","2021-07-17","0.00"
"US1FLVL0061","ORMOND BEACH 4.8 NNE, FL US","29.3621117","-81.07536859999","6.4","2021-07-18","0.00"
"US1FLVL0061","ORMOND BEACH 4.8 NNE, FL US","29.3621117","-81.07536859999","6.4","2021-07-19","0.00"
"US1FLVL0061","ORMOND BEACH 4.8 NNE, FL US","29.3621117","-81.07536859999","6.4","2021-07-20","0.84"
"US1FLVL0061","ORMOND BEACH 4.8 NNE, FL US","29.3621117","-81.07536859999","6.4","2021-07-21","0.57"
"US1FLFL0030","PALM COAST 4.2 SSW, FL US","29.51611","-81.24503","13.7","2021-07-04","0.01"
"US1FLFL0030","PALM COAST 4.2 SSW, FL US","29.51611","-81.24503","13.7","2021-07-05","0.49"
"US1FLFL0030","PALM COAST 4.2 SSW, FL US","29.51611","-81.24503","13.7","2021-07-06","0.01"
"US1FLFL0030","PALM COAST 4.2 SSW, FL US","29.51611","-81.24503","13.7","2021-07-07","0.01"
"US1FLFL0030","PALM COAST 4.2 SSW, FL US","29.51611","-81.24503","13.7","2021-07-08","0.46"
"US1FLFL0030","PALM COAST 4.2 SSW, FL US","29.51611","-81.24503","13.7","2021-07-09","0.01"
"US1FLFL0030","PALM COAST 4.2 SSW, FL US","29.51611","-81.24503","13.7","2021-07-10","0.19"
"US1FLFL0030","PALM COAST 4.2 SSW, FL US","29.51611","-81.24503","13.7","2021-07-11","0.00"
"US1FLFL0030","PALM COAST 4.2 SSW, FL US","29.51611","-81.24503","13.7","2021-07-12","0.00"
"US1FLFL0030","PALM COAST 4.2 SSW, FL US","29.51611","-81.24503","13.7","2021-07-13","0.00"
"US1FLFL0030","PALM COAST 4.2 SSW, FL US","29.51611","-81.24503","13.7","2021-07-14","0.10"
"US1FLFL0030","PALM COAST 4.2 SSW, FL US","29.51611","-81.24503","13.7","2021-07-15","0.05"
"US1FLFL0030","PALM COAST 4.2 SSW, FL US","29.51611","-81.24503","13.7","2021-07-16","0.00"
"US1FLFL0030","PALM COAST 4.2 SSW, FL US","29.51611","-81.24503","13.7","2021-07-17","0.00"
"US1FLFL0030","PALM COAST 4.2 SSW, FL US","29.51611","-81.24503","13.7","2021-07-18","0.00"
"US1FLFL0030","PALM COAST 4.2 SSW, FL US","29.51611","-81.24503","13.7","2021-07-19","0.00"
"US1FLFL0030","PALM COAST 4.2 SSW, FL US","29.51611","-81.24503","13.7","2021-07-20","0.34"
"US1FLFL0030","PALM COAST 4.2 SSW, FL US","29.51611","-81.24503","13.7","2021-07-21","0.55"
"US1FLFL0032","PALM COAST 1.9 NNE, FL US","29.59384","-81.19681","16.8","2021-07-04","0.01"
"US1FLFL0032","PALM COAST 1.9 NNE, FL US","29.59384","-81.19681","16.8","2021-07-05","0.15"
"US1FLFL0032","PALM COAST 1.9 NNE, FL US","29.59384","-81.19681","16.8","2021-07-06","0.00"
"US1FLFL0032","PALM COAST 1.9 NNE, FL US","29.59384","-81.19681","16.8","2021-07-07","0.03"
"US1FLFL0032","PALM COAST 1.9 NNE, FL US","29.59384","-81.19681","16.8","2021-07-08","0.60"
"US1FLFL0032","PALM COAST 1.9 NNE, FL US","29.59384","-81.19681","16.8","2021-07-09","0.00"
"US1FLFL0032","PALM COAST 1.9 NNE, FL US","29.59384","-81.19681","16.8","2021-07-10","0.12"
"US1FLFL0032","PALM COAST 1.9 NNE, FL US","29.59384","-81.19681","16.8","2021-07-11","0.00"
"US1FLFL0032","PALM COAST 1.9 NNE, FL US","29.59384","-81.19681","16.8","2021-07-12","0.00"
"US1FLFL0032","PALM COAST 1.9 NNE, FL US","29.59384","-81.19681","16.8","2021-07-13","0.00"
"US1FLFL0032","PALM COAST 1.9 NNE, FL US","29.59384","-81.19681","16.8","2021-07-14","0.00"
"US1FLFL0032","PALM COAST 1.9 NNE, FL US","29.59384","-81.19681","16.8","2021-07-15","0.00"
"US1FLFL0032","PALM COAST 1.9 NNE, FL US","29.59384","-81.19681","16.8","2021-07-16","0.00"
"US1FLFL0032","PALM COAST 1.9 NNE, FL US","29.59384","-81.19681","16.8","2021-07-17","0.00"
"US1FLFL0032","PALM COAST 1.9 NNE, FL US","29.59384","-81.19681","16.8","2021-07-18","0.00"
"US1FLFL0032","PALM COAST 1.9 NNE, FL US","29.59384","-81.19681","16.8","2021-07-19","0.00"
"US1FLFL0032","PALM COAST 1.9 NNE, FL US","29.59384","-81.19681","16.8","2021-07-20","0.85"
"US1FLFL0032","PALM COAST 1.9 NNE, FL US","29.59384","-81.19681","16.8","2021-07-21","1.01"
"US1FLVL0060","PORT ORANGE 2.5 NNE, FL US","29.1452","-80.99597","7.0","2021-07-04","0.03"
"US1FLVL0060","PORT ORANGE 2.5 NNE, FL US","29.1452","-80.99597","7.0","2021-07-05","0.05"
"US1FLVL0060","PORT ORANGE 2.5 NNE, FL US","29.1452","-80.99597","7.0","2021-07-06","0.07"
"US1FLVL0060","PORT ORANGE 2.5 NNE, FL US","29.1452","-80.99597","7.0","2021-07-07","0.00"
"US1FLVL0060","PORT ORANGE 2.5 NNE, FL US","29.1452","-80.99597","7.0","2021-07-08","0.34"
"US1FLVL0060","PORT ORANGE 2.5 NNE, FL US","29.1452","-80.99597","7.0","2021-07-09","0.28"
"US1FLVL0060","PORT ORANGE 2.5 NNE, FL US","29.1452","-80.99597","7.0","2021-07-10","0.78"
"US1FLVL0060","PORT ORANGE 2.5 NNE, FL US","29.1452","-80.99597","7.0","2021-07-11","0.20"
"US1FLVL0060","PORT ORANGE 2.5 NNE, FL US","29.1452","-80.99597","7.0","2021-07-12","0.00"
"US1FLVL0060","PORT ORANGE 2.5 NNE, FL US","29.1452","-80.99597","7.0","2021-07-13","0.19"
"US1FLVL0060","PORT ORANGE 2.5 NNE, FL US","29.1452","-80.99597","7.0","2021-07-14","0.00"
"US1FLVL0060","PORT ORANGE 2.5 NNE, FL US","29.1452","-80.99597","7.0","2021-07-15","0.00"
"US1FLVL0060","PORT ORANGE 2.5 NNE, FL US","29.1452","-80.99597","7.0","2021-07-16","0.05"
"US1FLVL0060","PORT ORANGE 2.5 NNE, FL US","29.1452","-80.99597","7.0","2021-07-17","0.00"
"US1FLVL0060","PORT ORANGE 2.5 NNE, FL US","29.1452","-80.99597","7.0","2021-07-18","0.00"
"US1FLVL0060","PORT ORANGE 2.5 NNE, FL US","29.1452","-80.99597","7.0","2021-07-19","0.00"
"US1FLVL0060","PORT ORANGE 2.5 NNE, FL US","29.1452","-80.99597","7.0","2021-07-20","0.31"
"US1FLVL0060","PORT ORANGE 2.5 NNE, FL US","29.1452","-80.99597","7.0","2021-07-21","0.85"
"US1FLFL0033","FLAGLER BEACH 1.3 SE, FL US","29.456418","-81.116289","6.1","2021-07-04","0.00"
"US1FLFL0033","FLAGLER BEACH 1.3 SE, FL US","29.456418","-81.116289","6.1","2021-07-05","1.29"
"US1FLFL0033","FLAGLER BEACH 1.3 SE, FL US","29.456418","-81.116289","6.1","2021-07-06","0.00"
"US1FLFL0033","FLAGLER BEACH 1.3 SE, FL US","29.456418","-81.116289","6.1","2021-07-07","0.09"
"US1FLFL0033","FLAGLER BEACH 1.3 SE, FL US","29.456418","-81.116289","6.1","2021-07-08","0.58"
"US1FLFL0033","FLAGLER BEACH 1.3 SE, FL US","29.456418","-81.116289","6.1","2021-07-09","0.00"
"US1FLFL0033","FLAGLER BEACH 1.3 SE, FL US","29.456418","-81.116289","6.1","2021-07-10","1.31"
"US1FLFL0033","FLAGLER BEACH 1.3 SE, FL US","29.456418","-81.116289","6.1","2021-07-11","0.00"
"US1FLFL0033","FLAGLER BEACH 1.3 SE, FL US","29.456418","-81.116289","6.1","2021-07-12","0.00"
"US1FLFL0033","FLAGLER BEACH 1.3 SE, FL US","29.456418","-81.116289","6.1","2021-07-13","0.00"
"US1FLFL0033","FLAGLER BEACH 1.3 SE, FL US","29.456418","-81.116289","6.1","2021-07-14","0.02"
"US1FLFL0033","FLAGLER BEACH 1.3 SE, FL US","29.456418","-81.116289","6.1","2021-07-15","0.08"
"US1FLFL0033","FLAGLER BEACH 1.3 SE, FL US","29.456418","-81.116289","6.1","2021-07-16","0.00"
"US1FLFL0033","FLAGLER BEACH 1.3 SE, FL US","29.456418","-81.116289","6.1","2021-07-17","0.00"
"US1FLFL0033","FLAGLER BEACH 1.3 SE, FL US","29.456418","-81.116289","6.1","2021-07-18","0.00"
"US1FLFL0033","FLAGLER BEACH 1.3 SE, FL US","29.456418","-81.116289","6.1","2021-07-19","0.00"
"US1FLFL0033","FLAGLER BEACH 1.3 SE, FL US","29.456418","-81.116289","6.1","2021-07-20","0.19"
"US1FLFL0033","FLAGLER BEACH 1.3 SE, FL US","29.456418","-81.116289","6.1","2021-07-21","0.71"
"US1FLVL0063","ORMOND BY THE SEA 0.1 SSE, FL US","29.342091","-81.067134","6.7","2021-07-04","0.01"
"US1FLVL0063","ORMOND BY THE SEA 0.1 SSE, FL US","29.342091","-81.067134","6.7","2021-07-05","2.78"
"US1FLVL0063","ORMOND BY THE SEA 0.1 SSE, FL US","29.342091","-81.067134","6.7","2021-07-06","0.01"
"US1FLVL0063","ORMOND BY THE SEA 0.1 SSE, FL US","29.342091","-81.067134","6.7","2021-07-07","0.01"
"US1FLVL0063","ORMOND BY THE SEA 0.1 SSE, FL US","29.342091","-81.067134","6.7","2021-07-08","0.38"
"US1FLVL0063","ORMOND BY THE SEA 0.1 SSE, FL US","29.342091","-81.067134","6.7","2021-07-09","0.17"
"US1FLVL0063","ORMOND BY THE SEA 0.1 SSE, FL US","29.342091","-81.067134","6.7","2021-07-10","1.53"
"US1FLVL0063","ORMOND BY THE SEA 0.1 SSE, FL US","29.342091","-81.067134","6.7","2021-07-11","0.00"
"US1FLVL0063","ORMOND BY THE SEA 0.1 SSE, FL US","29.342091","-81.067134","6.7","2021-07-12","0.00"
"US1FLVL0063","ORMOND BY THE SEA 0.1 SSE, FL US","29.342091","-81.067134","6.7","2021-07-13","0.01"
"US1FLVL0063","ORMOND BY THE SEA 0.1 SSE, FL US","29.342091","-81.067134","6.7","2021-07-14","0.01"
"US1FLVL0063","ORMOND BY THE SEA 0.1 SSE, FL US","29.342091","-81.067134","6.7","2021-07-15","0.00"
"US1FLVL0063","ORMOND BY THE SEA 0.1 SSE, FL US","29.342091","-81.067134","6.7","2021-07-16","0.00"
"US1FLVL0063","ORMOND BY THE SEA 0.1 SSE, FL US","29.342091","-81.067134","6.7","2021-07-17","0.00"
"US1FLVL0063","ORMOND BY THE SEA 0.1 SSE, FL US","29.342091","-81.067134","6.7","2021-07-18","0.00"
"US1FLVL0063","ORMOND BY THE SEA 0.1 SSE, FL US","29.342091","-81.067134","6.7","2021-07-19","0.00"
"US1FLVL0063","ORMOND BY THE SEA 0.1 SSE, FL US","29.342091","-81.067134","6.7","2021-07-20","1.21"
"US1FLVL0063","ORMOND BY THE SEA 0.1 SSE, FL US","29.342091","-81.067134","6.7","2021-07-21","1.14"
"US1FLCT0041","HOMOSASSA 5.3 NNE, FL US","28.852901","-82.585779","6.7","2021-07-11","0.00"
"US1FLCT0041","HOMOSASSA 5.3 NNE, FL US","28.852901","-82.585779","6.7","2021-07-12","0.78"
"US1FLCT0041","HOMOSASSA 5.3 NNE, FL US","28.852901","-82.585779","6.7","2021-07-13","0.03"
"US1FLCT0041","HOMOSASSA 5.3 NNE, FL US","28.852901","-82.585779","6.7","2021-07-14","0.36"
"US1FLCT0041","HOMOSASSA 5.3 NNE, FL US","28.852901","-82.585779","6.7","2021-07-15","0.46"
"US1FLCT0041","HOMOSASSA 5.3 NNE, FL US","28.852901","-82.585779","6.7","2021-07-16","0.00"
"US1FLCT0041","HOMOSASSA 5.3 NNE, FL US","28.852901","-82.585779","6.7","2021-07-17","0.01"
"US1FLCT0041","HOMOSASSA 5.3 NNE, FL US","28.852901","-82.585779","6.7","2021-07-18","0.30"
"US1FLCT0041","HOMOSASSA 5.3 NNE, FL US","28.852901","-82.585779","6.7","2021-07-19","0.12"
"US1FLCT0041","HOMOSASSA 5.3 NNE, FL US","28.852901","-82.585779","6.7","2021-07-20","0.00"
"US1FLCT0041","HOMOSASSA 5.3 NNE, FL US","28.852901","-82.585779","6.7","2021-07-21","0.00"
"US1FLPN0108","ST. PETERSBURG 3.9 NNE, FL US","27.812586","-82.625753","1.5","2021-07-04","1.38"
"US1FLPN0108","ST. PETERSBURG 3.9 NNE, FL US","27.812586","-82.625753","1.5","2021-07-05","0.00"
"US1FLPN0108","ST. PETERSBURG 3.9 NNE, FL US","27.812586","-82.625753","1.5","2021-07-06","0.19"
"US1FLPN0108","ST. PETERSBURG 3.9 NNE, FL US","27.812586","-82.625753","1.5","2021-07-07","1.85"
"US1FLPN0108","ST. PETERSBURG 3.9 NNE, FL US","27.812586","-82.625753","1.5","2021-07-08","0.04"
"US1FLPN0108","ST. PETERSBURG 3.9 NNE, FL US","27.812586","-82.625753","1.5","2021-07-09","0.00"
"US1FLPN0108","ST. PETERSBURG 3.9 NNE, FL US","27.812586","-82.625753","1.5","2021-07-10","0.00"
"US1FLPN0108","ST. PETERSBURG 3.9 NNE, FL US","27.812586","-82.625753","1.5","2021-07-11","0.00"
"US1FLPN0108","ST. PETERSBURG 3.9 NNE, FL US","27.812586","-82.625753","1.5","2021-07-12","0.00"
"US1FLPN0108","ST. PETERSBURG 3.9 NNE, FL US","27.812586","-82.625753","1.5","2021-07-13","0.09"
"US1FLPN0108","ST. PETERSBURG 3.9 NNE, FL US","27.812586","-82.625753","1.5","2021-07-14","0.38"
"US1FLPN0108","ST. PETERSBURG 3.9 NNE, FL US","27.812586","-82.625753","1.5","2021-07-15","0.03"
"US1FLPN0108","ST. PETERSBURG 3.9 NNE, FL US","27.812586","-82.625753","1.5","2021-07-16","0.00"
"US1FLPN0108","ST. PETERSBURG 3.9 NNE, FL US","27.812586","-82.625753","1.5","2021-07-17","0.00"
"US1FLPN0108","ST. PETERSBURG 3.9 NNE, FL US","27.812586","-82.625753","1.5","2021-07-18","0.00"
"US1FLPN0108","ST. PETERSBURG 3.9 NNE, FL US","27.812586","-82.625753","1.5","2021-07-19","0.00"
"US1FLPN0108","ST. PETERSBURG 3.9 NNE, FL US","27.812586","-82.625753","1.5","2021-07-20","0.00"
"US1FLPN0108","ST. PETERSBURG 3.9 NNE, FL US","27.812586","-82.625753","1.5","2021-07-21","0.00"
"USC00085612","MELBOURNE WEATHER FORECAST OFFICE, FL US","28.1136","-80.654","10.7","2021-07-04","0.03"
"USC00085612","MELBOURNE WEATHER FORECAST OFFICE, FL US","28.1136","-80.654","10.7","2021-07-05","0.51"
"USC00085612","MELBOURNE WEATHER FORECAST OFFICE, FL US","28.1136","-80.654","10.7","2021-07-06","0.90"
"USC00085612","MELBOURNE WEATHER FORECAST OFFICE, FL US","28.1136","-80.654","10.7","2021-07-07","0.04"
"USC00085612","MELBOURNE WEATHER FORECAST OFFICE, FL US","28.1136","-80.654","10.7","2021-07-08","0.09"
"USC00085612","MELBOURNE WEATHER FORECAST OFFICE, FL US","28.1136","-80.654","10.7","2021-07-09","0.00"
"USC00085612","MELBOURNE WEATHER FORECAST OFFICE, FL US","28.1136","-80.654","10.7","2021-07-10","0.21"
"USC00085612","MELBOURNE WEATHER FORECAST OFFICE, FL US","28.1136","-80.654","10.7","2021-07-11","0.07"
"USC00085612","MELBOURNE WEATHER FORECAST OFFICE, FL US","28.1136","-80.654","10.7","2021-07-12","0.00"
"USC00085612","MELBOURNE WEATHER FORECAST OFFICE, FL US","28.1136","-80.654","10.7","2021-07-13","0.01"
"USC00085612","MELBOURNE WEATHER FORECAST OFFICE, FL US","28.1136","-80.654","10.7","2021-07-14","0.09"
"USC00085612","MELBOURNE WEATHER FORECAST OFFICE, FL US","28.1136","-80.654","10.7","2021-07-15","0.06"
"USC00085612","MELBOURNE WEATHER FORECAST OFFICE, FL US","28.1136","-80.654","10.7","2021-07-16","0.03"
"USC00085612","MELBOURNE WEATHER FORECAST OFFICE, FL US","28.1136","-80.654","10.7","2021-07-17","0.00"
"USC00085612","MELBOURNE WEATHER FORECAST OFFICE, FL US","28.1136","-80.654","10.7","2021-07-18","0.00"
"USC00085612","MELBOURNE WEATHER FORECAST OFFICE, FL US","28.1136","-80.654","10.7","2021-07-19","0.00"
"USC00085612","MELBOURNE WEATHER FORECAST OFFICE, FL US","28.1136","-80.654","10.7","2021-07-20","0.00"
"USC00085612","MELBOURNE WEATHER FORECAST OFFICE, FL US","28.1136","-80.654","10.7","2021-07-21","0.15"
"US1FLPN0112","CLEARWATER 2.4 S, FL US","27.94487","-82.76129","11.6","2021-07-04","0.49"
"US1FLPN0112","CLEARWATER 2.4 S, FL US","27.94487","-82.76129","11.6","2021-07-06","0.26"
"US1FLPN0112","CLEARWATER 2.4 S, FL US","27.94487","-82.76129","11.6","2021-07-07","2.92"
"US1FLPN0112","CLEARWATER 2.4 S, FL US","27.94487","-82.76129","11.6","2021-07-08","0.35"
"US1FLPN0112","CLEARWATER 2.4 S, FL US","27.94487","-82.76129","11.6","2021-07-12","0.46"
"US1FLPN0112","CLEARWATER 2.4 S, FL US","27.94487","-82.76129","11.6","2021-07-13","0.33"
"US1FLMN0056","ISLAMORADA 8.7 NE, FL US","25.005541","-80.536016","3.0","2021-07-04","0.00"
"US1FLMN0056","ISLAMORADA 8.7 NE, FL US","25.005541","-80.536016","3.0","2021-07-05","0.17"
"US1FLMN0056","ISLAMORADA 8.7 NE, FL US","25.005541","-80.536016","3.0","2021-07-06","0.24"
"US1FLMN0056","ISLAMORADA 8.7 NE, FL US","25.005541","-80.536016","3.0","2021-07-07","0.02"
"US1FLMN0056","ISLAMORADA 8.7 NE, FL US","25.005541","-80.536016","3.0","2021-07-08","0.00"
"US1FLMN0056","ISLAMORADA 8.7 NE, FL US","25.005541","-80.536016","3.0","2021-07-09","0.00"
"US1FLMN0056","ISLAMORADA 8.7 NE, FL US","25.005541","-80.536016","3.0","2021-07-10","0.00"
"US1FLMN0056","ISLAMORADA 8.7 NE, FL US","25.005541","-80.536016","3.0","2021-07-11","0.30"
"US1FLMN0056","ISLAMORADA 8.7 NE, FL US","25.005541","-80.536016","3.0","2021-07-12","0.01"
"US1FLMN0056","ISLAMORADA 8.7 NE, FL US","25.005541","-80.536016","3.0","2021-07-13","0.46"
"US1FLMN0056","ISLAMORADA 8.7 NE, FL US","25.005541","-80.536016","3.0","2021-07-14","0.06"
"US1FLMN0056","ISLAMORADA 8.7 NE, FL US","25.005541","-80.536016","3.0","2021-07-18","0.00"
"US1FLMN0056","ISLAMORADA 8.7 NE, FL US","25.005541","-80.536016","3.0","2021-07-19","0.00"
"US1FLMN0056","ISLAMORADA 8.7 NE, FL US","25.005541","-80.536016","3.0","2021-07-20","0.00"
"US1FLMN0056","ISLAMORADA 8.7 NE, FL US","25.005541","-80.536016","3.0","2021-07-21","0.00"
"US1FLPN0111","PALM HARBOR 0.5 S, FL US","28.0808","-82.7617","14.0","2021-07-04","1.82"
"US1FLPN0111","PALM HARBOR 0.5 S, FL US","28.0808","-82.7617","14.0","2021-07-05","0.00"
"US1FLPN0111","PALM HARBOR 0.5 S, FL US","28.0808","-82.7617","14.0","2021-07-06","0.22"
"US1FLPN0111","PALM HARBOR 0.5 S, FL US","28.0808","-82.7617","14.0","2021-07-07","3.30"
"US1FLPN0111","PALM HARBOR 0.5 S, FL US","28.0808","-82.7617","14.0","2021-07-08","0.15"
"US1FLPN0111","PALM HARBOR 0.5 S, FL US","28.0808","-82.7617","14.0","2021-07-09","0.08"
"US1FLPN0111","PALM HARBOR 0.5 S, FL US","28.0808","-82.7617","14.0","2021-07-10","0.00"
"US1FLPN0111","PALM HARBOR 0.5 S, FL US","28.0808","-82.7617","14.0","2021-07-11","0.02"
"US1FLPN0111","PALM HARBOR 0.5 S, FL US","28.0808","-82.7617","14.0","2021-07-12","0.52"
"US1FLPN0111","PALM HARBOR 0.5 S, FL US","28.0808","-82.7617","14.0","2021-07-13","0.18"
"US1FLPN0111","PALM HARBOR 0.5 S, FL US","28.0808","-82.7617","14.0","2021-07-14","0.80"
"US1FLPN0111","PALM HARBOR 0.5 S, FL US","28.0808","-82.7617","14.0","2021-07-15","0.00"
"US1FLPN0111","PALM HARBOR 0.5 S, FL US","28.0808","-82.7617","14.0","2021-07-16","0.00"
"US1FLPN0111","PALM HARBOR 0.5 S, FL US","28.0808","-82.7617","14.0","2021-07-17","0.00"
"US1FLPN0111","PALM HARBOR 0.5 S, FL US","28.0808","-82.7617","14.0","2021-07-18","0.88"
"US1FLPN0111","PALM HARBOR 0.5 S, FL US","28.0808","-82.7617","14.0","2021-07-19","0.00"
"US1FLPN0111","PALM HARBOR 0.5 S, FL US","28.0808","-82.7617","14.0","2021-07-20","0.00"
"US1FLPN0111","PALM HARBOR 0.5 S, FL US","28.0808","-82.7617","14.0","2021-07-21","0.00"
"US1FLMN0053","LOWER SUGARLOAF KEY 0.5 SW, FL US","24.637004","-81.566932","0.9","2021-07-15","0.00"
"US1FLMN0053","LOWER SUGARLOAF KEY 0.5 SW, FL US","24.637004","-81.566932","0.9","2021-07-16","0.02"
"US1FLMN0053","LOWER SUGARLOAF KEY 0.5 SW, FL US","24.637004","-81.566932","0.9","2021-07-17","0.04"
"US1FLMN0053","LOWER SUGARLOAF KEY 0.5 SW, FL US","24.637004","-81.566932","0.9","2021-07-18","0.00"
"US1FLMN0053","LOWER SUGARLOAF KEY 0.5 SW, FL US","24.637004","-81.566932","0.9","2021-07-19","0.00"
"US1FLMN0053","LOWER SUGARLOAF KEY 0.5 SW, FL US","24.637004","-81.566932","0.9","2021-07-20","0.13"
"US1FLMN0053","LOWER SUGARLOAF KEY 0.5 SW, FL US","24.637004","-81.566932","0.9","2021-07-21","0.00"
"US1FLPN0116","TARPON SPRINGS 3.1 E, FL US","28.145981","-82.729787","10.1","2021-07-04","0.00"
"US1FLPN0116","TARPON SPRINGS 3.1 E, FL US","28.145981","-82.729787","10.1","2021-07-07",
"US1FLPN0116","TARPON SPRINGS 3.1 E, FL US","28.145981","-82.729787","10.1","2021-07-08","0.84"
"US1FLPN0116","TARPON SPRINGS 3.1 E, FL US","28.145981","-82.729787","10.1","2021-07-09","0.00"
"US1FLPN0116","TARPON SPRINGS 3.1 E, FL US","28.145981","-82.729787","10.1","2021-07-10","0.00"
"US1FLPN0116","TARPON SPRINGS 3.1 E, FL US","28.145981","-82.729787","10.1","2021-07-15",
"US1FLPN0116","TARPON SPRINGS 3.1 E, FL US","28.145981","-82.729787","10.1","2021-07-16","0.00"
"US1FLPN0116","TARPON SPRINGS 3.1 E, FL US","28.145981","-82.729787","10.1","2021-07-19",
"US1FLPN0115","PALM HARBOR 0.8 WNW, FL US","28.09081","-82.776453","1.2","2021-07-04","1.22"
"US1FLPN0115","PALM HARBOR 0.8 WNW, FL US","28.09081","-82.776453","1.2","2021-07-05","0.00"
"US1FLPN0115","PALM HARBOR 0.8 WNW, FL US","28.09081","-82.776453","1.2","2021-07-06","0.18"
"US1FLPN0115","PALM HARBOR 0.8 WNW, FL US","28.09081","-82.776453","1.2","2021-07-07","3.03"
"US1FLPN0115","PALM HARBOR 0.8 WNW, FL US","28.09081","-82.776453","1.2","2021-07-08","0.05"
"US1FLPN0115","PALM HARBOR 0.8 WNW, FL US","28.09081","-82.776453","1.2","2021-07-09","0.05"
"US1FLPN0115","PALM HARBOR 0.8 WNW, FL US","28.09081","-82.776453","1.2","2021-07-10","0.00"
"US1FLPN0115","PALM HARBOR 0.8 WNW, FL US","28.09081","-82.776453","1.2","2021-07-11","0.00"
"US1FLPN0115","PALM HARBOR 0.8 WNW, FL US","28.09081","-82.776453","1.2","2021-07-12","0.48"
"US1FLPN0115","PALM HARBOR 0.8 WNW, FL US","28.09081","-82.776453","1.2","2021-07-13","0.14"
"US1FLPN0115","PALM HARBOR 0.8 WNW, FL US","28.09081","-82.776453","1.2","2021-07-14","0.80"
"US1FLPN0115","PALM HARBOR 0.8 WNW, FL US","28.09081","-82.776453","1.2","2021-07-15","1.83"
"US1FLPN0115","PALM HARBOR 0.8 WNW, FL US","28.09081","-82.776453","1.2","2021-07-16","0.00"
"US1FLPN0115","PALM HARBOR 0.8 WNW, FL US","28.09081","-82.776453","1.2","2021-07-17","0.00"
"US1FLPN0115","PALM HARBOR 0.8 WNW, FL US","28.09081","-82.776453","1.2","2021-07-18","0.59"
"US1FLPN0115","PALM HARBOR 0.8 WNW, FL US","28.09081","-82.776453","1.2","2021-07-19","0.00"
"US1FLPN0115","PALM HARBOR 0.8 WNW, FL US","28.09081","-82.776453","1.2","2021-07-20","0.00"
"US1FLPN0115","PALM HARBOR 0.8 WNW, FL US","28.09081","-82.776453","1.2","2021-07-21","0.00"
"US1FLMN0059","KEY WEST 1.2 WSW, FL US","24.55501","-81.79218","2.1","2021-07-04","0.00"
"US1FLMN0059","KEY WEST 1.2 WSW, FL US","24.55501","-81.79218","2.1","2021-07-05","0.53"
"US1FLMN0059","KEY WEST 1.2 WSW, FL US","24.55501","-81.79218","2.1","2021-07-07",
"US1FLMN0058","ISLAMORADA 5.2 SW, FL US","24.873651","-80.701495","1.2","2021-07-12","0.03"
"US1FLMN0058","ISLAMORADA 5.2 SW, FL US","24.873651","-80.701495","1.2","2021-07-13","0.03"
"US1FLMN0058","ISLAMORADA 5.2 SW, FL US","24.873651","-80.701495","1.2","2021-07-14","0.27"
"US1FLMN0058","ISLAMORADA 5.2 SW, FL US","24.873651","-80.701495","1.2","2021-07-15","0.31"
"US1FLMN0058","ISLAMORADA 5.2 SW, FL US","24.873651","-80.701495","1.2","2021-07-16","0.20"
"US1FLMN0058","ISLAMORADA 5.2 SW, FL US","24.873651","-80.701495","1.2","2021-07-17","0.00"
"US1FLMN0058","ISLAMORADA 5.2 SW, FL US","24.873651","-80.701495","1.2","2021-07-18","0.00"
"US1FLMN0058","ISLAMORADA 5.2 SW, FL US","24.873651","-80.701495","1.2","2021-07-19","0.02"
"US1FLMN0058","ISLAMORADA 5.2 SW, FL US","24.873651","-80.701495","1.2","2021-07-20","0.08"
"US1FLMN0058","ISLAMORADA 5.2 SW, FL US","24.873651","-80.701495","1.2","2021-07-21","0.00"
"US1FLMN0057","CUDJOE KEY 0.7 SE, FL US","24.6631","-81.4919","0.3","2021-07-04","0.00"
"US1FLMN0057","CUDJOE KEY 0.7 SE, FL US","24.6631","-81.4919","0.3","2021-07-05","0.04"
"US1FLMN0057","CUDJOE KEY 0.7 SE, FL US","24.6631","-81.4919","0.3","2021-07-06","2.30"
"US1FLMN0057","CUDJOE KEY 0.7 SE, FL US","24.6631","-81.4919","0.3","2021-07-07","0.02"
"US1FLMN0057","CUDJOE KEY 0.7 SE, FL US","24.6631","-81.4919","0.3","2021-07-17","0.00"
"US1FLMN0057","CUDJOE KEY 0.7 SE, FL US","24.6631","-81.4919","0.3","2021-07-19","0.00"
"US1FLMN0057","CUDJOE KEY 0.7 SE, FL US","24.6631","-81.4919","0.3","2021-07-20","0.02"
"US1FLMN0052","KEY WEST 0.4 E, FL US","24.563056","-81.768611","2.7","2021-07-04","0.00"
"US1FLMN0052","KEY WEST 0.4 E, FL US","24.563056","-81.768611","2.7","2021-07-05","0.91"
"US1FLMN0052","KEY WEST 0.4 E, FL US","24.563056","-81.768611","2.7","2021-07-06","1.13"
"US1FLMN0052","KEY WEST 0.4 E, FL US","24.563056","-81.768611","2.7","2021-07-07","3.36"
"US1FLMN0052","KEY WEST 0.4 E, FL US","24.563056","-81.768611","2.7","2021-07-08","0.00"
"US1FLMN0052","KEY WEST 0.4 E, FL US","24.563056","-81.768611","2.7","2021-07-09","0.00"
"US1FLMN0052","KEY WEST 0.4 E, FL US","24.563056","-81.768611","2.7","2021-07-10","0.00"
"US1FLMN0052","KEY WEST 0.4 E, FL US","24.563056","-81.768611","2.7","2021-07-11","0.55"
"US1FLMN0052","KEY WEST 0.4 E, FL US","24.563056","-81.768611","2.7","2021-07-12","0.46"
"US1FLMN0052","KEY WEST 0.4 E, FL US","24.563056","-81.768611","2.7","2021-07-13","0.11"
"US1FLMN0052","KEY WEST 0.4 E, FL US","24.563056","-81.768611","2.7","2021-07-14","0.00"
"US1FLMN0052","KEY WEST 0.4 E, FL US","24.563056","-81.768611","2.7","2021-07-15","1.90"
"US1FLMN0052","KEY WEST 0.4 E, FL US","24.563056","-81.768611","2.7","2021-07-16","0.00"
"US1FLMN0052","KEY WEST 0.4 E, FL US","24.563056","-81.768611","2.7","2021-07-17","0.15"
"US1FLMN0052","KEY WEST 0.4 E, FL US","24.563056","-81.768611","2.7","2021-07-18","0.00"
"US1FLMN0052","KEY WEST 0.4 E, FL US","24.563056","-81.768611","2.7","2021-07-19","0.00"
"US1FLMN0052","KEY WEST 0.4 E, FL US","24.563056","-81.768611","2.7","2021-07-20","0.00"
"US1FLMN0052","KEY WEST 0.4 E, FL US","24.563056","-81.768611","2.7","2021-07-21","0.00"
"US1FLFL0023","BUNNELL 7.7 W, FL US","29.459171295166","-81.3858947753906","5.8","2021-07-05","0.87"
"US1FLFL0023","BUNNELL 7.7 W, FL US","29.459171295166","-81.3858947753906","5.8","2021-07-13",
"US1FLFL0023","BUNNELL 7.7 W, FL US","29.459171295166","-81.3858947753906","5.8","2021-07-20",
"US1FLMN0051","LITTLE TORCH KEY 1.6 NNW, FL US","24.687719","-81.396387","0.9","2021-07-05","0.54"
"US1FLMN0051","LITTLE TORCH KEY 1.6 NNW, FL US","24.687719","-81.396387","0.9","2021-07-07","3.49"
"US1FLMN0051","LITTLE TORCH KEY 1.6 NNW, FL US","24.687719","-81.396387","0.9","2021-07-08","0.00"
"US1FLMN0051","LITTLE TORCH KEY 1.6 NNW, FL US","24.687719","-81.396387","0.9","2021-07-10","0.00"
"US1FLMN0051","LITTLE TORCH KEY 1.6 NNW, FL US","24.687719","-81.396387","0.9","2021-07-11","0.00"
"US1FLMN0051","LITTLE TORCH KEY 1.6 NNW, FL US","24.687719","-81.396387","0.9","2021-07-12","0.90"
"US1FLMN0051","LITTLE TORCH KEY 1.6 NNW, FL US","24.687719","-81.396387","0.9","2021-07-15","0.00"
"US1FLMN0051","LITTLE TORCH KEY 1.6 NNW, FL US","24.687719","-81.396387","0.9","2021-07-19","0.00"
"US1FLMN0051","LITTLE TORCH KEY 1.6 NNW, FL US","24.687719","-81.396387","0.9","2021-07-21","0.00"
"US1FLFL0024","PALM COAST 2.1 NNE, FL US","29.59963","-81.20458","2.1","2021-07-04","0.01"
"US1FLFL0024","PALM COAST 2.1 NNE, FL US","29.59963","-81.20458","2.1","2021-07-05","0.15"
"US1FLFL0024","PALM COAST 2.1 NNE, FL US","29.59963","-81.20458","2.1","2021-07-06","0.00"
"US1FLFL0024","PALM COAST 2.1 NNE, FL US","29.59963","-81.20458","2.1","2021-07-07","0.01"
"US1FLFL0024","PALM COAST 2.1 NNE, FL US","29.59963","-81.20458","2.1","2021-07-08","0.59"
"US1FLFL0024","PALM COAST 2.1 NNE, FL US","29.59963","-81.20458","2.1","2021-07-09","0.01"
"US1FLFL0024","PALM COAST 2.1 NNE, FL US","29.59963","-81.20458","2.1","2021-07-10","0.05"
"US1FLFL0024","PALM COAST 2.1 NNE, FL US","29.59963","-81.20458","2.1","2021-07-11","0.00"
"US1FLFL0024","PALM COAST 2.1 NNE, FL US","29.59963","-81.20458","2.1","2021-07-12","0.00"
"US1FLFL0024","PALM COAST 2.1 NNE, FL US","29.59963","-81.20458","2.1","2021-07-13","0.00"
"US1FLFL0024","PALM COAST 2.1 NNE, FL US","29.59963","-81.20458","2.1","2021-07-14","0.00"
"US1FLFL0024","PALM COAST 2.1 NNE, FL US","29.59963","-81.20458","2.1","2021-07-15","0.00"
"US1FLFL0024","PALM COAST 2.1 NNE, FL US","29.59963","-81.20458","2.1","2021-07-16","0.00"
"US1FLFL0024","PALM COAST 2.1 NNE, FL US","29.59963","-81.20458","2.1","2021-07-17","0.00"
"US1FLFL0024","PALM COAST 2.1 NNE, FL US","29.59963","-81.20458","2.1","2021-07-18","0.00"
"US1FLFL0024","PALM COAST 2.1 NNE, FL US","29.59963","-81.20458","2.1","2021-07-19","0.00"
"US1FLFL0024","PALM COAST 2.1 NNE, FL US","29.59963","-81.20458","2.1","2021-07-20","0.91"
"US1FLFL0024","PALM COAST 2.1 NNE, FL US","29.59963","-81.20458","2.1","2021-07-21","1.07"
"US1FLMN0050","KEY LARGO 3.4 NE, FL US","25.1359728","-80.3974373","1.2","2021-07-04","0.00"
"US1FLMN0050","KEY LARGO 3.4 NE, FL US","25.1359728","-80.3974373","1.2","2021-07-05","0.06"
"US1FLMN0050","KEY LARGO 3.4 NE, FL US","25.1359728","-80.3974373","1.2","2021-07-06","0.33"
"US1FLMN0050","KEY LARGO 3.4 NE, FL US","25.1359728","-80.3974373","1.2","2021-07-07","0.00"
"US1FLMN0050","KEY LARGO 3.4 NE, FL US","25.1359728","-80.3974373","1.2","2021-07-08","0.14"
"US1FLMN0050","KEY LARGO 3.4 NE, FL US","25.1359728","-80.3974373","1.2","2021-07-09","0.00"
"US1FLMN0050","KEY LARGO 3.4 NE, FL US","25.1359728","-80.3974373","1.2","2021-07-10","0.00"
"US1FLMN0050","KEY LARGO 3.4 NE, FL US","25.1359728","-80.3974373","1.2","2021-07-11","0.05"
"US1FLMN0050","KEY LARGO 3.4 NE, FL US","25.1359728","-80.3974373","1.2","2021-07-12","0.26"
"US1FLMN0050","KEY LARGO 3.4 NE, FL US","25.1359728","-80.3974373","1.2","2021-07-13","0.09"
"US1FLMN0050","KEY LARGO 3.4 NE, FL US","25.1359728","-80.3974373","1.2","2021-07-14","2.02"
"US1FLMN0050","KEY LARGO 3.4 NE, FL US","25.1359728","-80.3974373","1.2","2021-07-15","0.33"
"US1FLMN0050","KEY LARGO 3.4 NE, FL US","25.1359728","-80.3974373","1.2","2021-07-16","0.00"
"US1FLMN0050","KEY LARGO 3.4 NE, FL US","25.1359728","-80.3974373","1.2","2021-07-17","0.00"
"US1FLMN0050","KEY LARGO 3.4 NE, FL US","25.1359728","-80.3974373","1.2","2021-07-18","0.00"
"US1FLMN0050","KEY LARGO 3.4 NE, FL US","25.1359728","-80.3974373","1.2","2021-07-19","0.00"
"US1FLMN0050","KEY LARGO 3.4 NE, FL US","25.1359728","-80.3974373","1.2","2021-07-20","0.02"
"US1FLMN0050","KEY LARGO 3.4 NE, FL US","25.1359728","-80.3974373","1.2","2021-07-21","0.01"
"US1FLVL0072","NEW SMYRNA BEACH 1.6 NNE, FL US","29.054378","-80.905279","9.1","2021-07-04","0.00"
"US1FLVL0072","NEW SMYRNA BEACH 1.6 NNE, FL US","29.054378","-80.905279","9.1","2021-07-05","0.01"
"US1FLVL0072","NEW SMYRNA BEACH 1.6 NNE, FL US","29.054378","-80.905279","9.1","2021-07-06","0.02"
"US1FLVL0072","NEW SMYRNA BEACH 1.6 NNE, FL US","29.054378","-80.905279","9.1","2021-07-07","0.04"
"US1FLVL0072","NEW SMYRNA BEACH 1.6 NNE, FL US","29.054378","-80.905279","9.1","2021-07-08","0.27"
"US1FLVL0072","NEW SMYRNA BEACH 1.6 NNE, FL US","29.054378","-80.905279","9.1","2021-07-09","0.56"
"US1FLVL0072","NEW SMYRNA BEACH 1.6 NNE, FL US","29.054378","-80.905279","9.1","2021-07-10","0.22"
"US1FLVL0072","NEW SMYRNA BEACH 1.6 NNE, FL US","29.054378","-80.905279","9.1","2021-07-11","0.50"
"US1FLVL0072","NEW SMYRNA BEACH 1.6 NNE, FL US","29.054378","-80.905279","9.1","2021-07-12","0.00"
"US1FLVL0072","NEW SMYRNA BEACH 1.6 NNE, FL US","29.054378","-80.905279","9.1","2021-07-13","0.22"
"US1FLVL0072","NEW SMYRNA BEACH 1.6 NNE, FL US","29.054378","-80.905279","9.1","2021-07-14","0.00"
"US1FLVL0072","NEW SMYRNA BEACH 1.6 NNE, FL US","29.054378","-80.905279","9.1","2021-07-15","0.11"
"US1FLVL0072","NEW SMYRNA BEACH 1.6 NNE, FL US","29.054378","-80.905279","9.1","2021-07-16","0.01"
"US1FLVL0072","NEW SMYRNA BEACH 1.6 NNE, FL US","29.054378","-80.905279","9.1","2021-07-17","0.00"
"US1FLVL0072","NEW SMYRNA BEACH 1.6 NNE, FL US","29.054378","-80.905279","9.1","2021-07-18","0.00"
"US1FLVL0072","NEW SMYRNA BEACH 1.6 NNE, FL US","29.054378","-80.905279","9.1","2021-07-19","0.00"
"US1FLVL0072","NEW SMYRNA BEACH 1.6 NNE, FL US","29.054378","-80.905279","9.1","2021-07-20","0.19"
"US1FLVL0072","NEW SMYRNA BEACH 1.6 NNE, FL US","29.054378","-80.905279","9.1","2021-07-21","1.09"
"US1FLVL0073","ORMOND BEACH 2.6 SE, FL US","29.26414","-81.06944","4.6","2021-07-04","0.02"
"US1FLVL0073","ORMOND BEACH 2.6 SE, FL US","29.26414","-81.06944","4.6","2021-07-05","1.30"
"US1FLVL0073","ORMOND BEACH 2.6 SE, FL US","29.26414","-81.06944","4.6","2021-07-06","0.02"
"US1FLVL0073","ORMOND BEACH 2.6 SE, FL US","29.26414","-81.06944","4.6","2021-07-07","0.02"
"US1FLVL0073","ORMOND BEACH 2.6 SE, FL US","29.26414","-81.06944","4.6","2021-07-08","0.38"
"US1FLVL0073","ORMOND BEACH 2.6 SE, FL US","29.26414","-81.06944","4.6","2021-07-09","0.09"
"US1FLVL0073","ORMOND BEACH 2.6 SE, FL US","29.26414","-81.06944","4.6","2021-07-10","2.42"
"US1FLVL0073","ORMOND BEACH 2.6 SE, FL US","29.26414","-81.06944","4.6","2021-07-11","0.08"
"US1FLVL0073","ORMOND BEACH 2.6 SE, FL US","29.26414","-81.06944","4.6","2021-07-12","0.00"
"US1FLVL0073","ORMOND BEACH 2.6 SE, FL US","29.26414","-81.06944","4.6","2021-07-13","0.00"
"US1FLVL0073","ORMOND BEACH 2.6 SE, FL US","29.26414","-81.06944","4.6","2021-07-15","0.08"
"US1FLVL0073","ORMOND BEACH 2.6 SE, FL US","29.26414","-81.06944","4.6","2021-07-16","0.00"
"US1FLVL0073","ORMOND BEACH 2.6 SE, FL US","29.26414","-81.06944","4.6","2021-07-17","0.00"
"US1FLVL0073","ORMOND BEACH 2.6 SE, FL US","29.26414","-81.06944","4.6","2021-07-18","0.00"
"US1FLVL0073","ORMOND BEACH 2.6 SE, FL US","29.26414","-81.06944","4.6","2021-07-19","0.00"
"US1FLVL0073","ORMOND BEACH 2.6 SE, FL US","29.26414","-81.06944","4.6","2021-07-20","0.74"
"US1FLVL0073","ORMOND BEACH 2.6 SE, FL US","29.26414","-81.06944","4.6","2021-07-21","1.95"
"US1FLVL0070","DE LAND 0.6 SSE, FL US","29.02933","-81.29249","20.1","2021-07-04","0.00"
"US1FLVL0070","DE LAND 0.6 SSE, FL US","29.02933","-81.29249","20.1","2021-07-05","0.40"
"US1FLVL0070","DE LAND 0.6 SSE, FL US","29.02933","-81.29249","20.1","2021-07-06","0.41"
"US1FLVL0070","DE LAND 0.6 SSE, FL US","29.02933","-81.29249","20.1","2021-07-07","0.70"
"US1FLVL0070","DE LAND 0.6 SSE, FL US","29.02933","-81.29249","20.1","2021-07-08","0.54"
"US1FLVL0070","DE LAND 0.6 SSE, FL US","29.02933","-81.29249","20.1","2021-07-09","0.21"
"US1FLVL0070","DE LAND 0.6 SSE, FL US","29.02933","-81.29249","20.1","2021-07-10","0.00"
"US1FLVL0070","DE LAND 0.6 SSE, FL US","29.02933","-81.29249","20.1","2021-07-11","0.00"
"US1FLVL0070","DE LAND 0.6 SSE, FL US","29.02933","-81.29249","20.1","2021-07-12","0.00"
"US1FLVL0070","DE LAND 0.6 SSE, FL US","29.02933","-81.29249","20.1","2021-07-13","0.00"
"US1FLVL0070","DE LAND 0.6 SSE, FL US","29.02933","-81.29249","20.1","2021-07-14","0.24"
"US1FLVL0070","DE LAND 0.6 SSE, FL US","29.02933","-81.29249","20.1","2021-07-15","0.18"
"US1FLVL0070","DE LAND 0.6 SSE, FL US","29.02933","-81.29249","20.1","2021-07-16","0.00"
"US1FLVL0070","DE LAND 0.6 SSE, FL US","29.02933","-81.29249","20.1","2021-07-17","0.00"
"US1FLVL0070","DE LAND 0.6 SSE, FL US","29.02933","-81.29249","20.1","2021-07-18","0.00"
"US1FLVL0070","DE LAND 0.6 SSE, FL US","29.02933","-81.29249","20.1","2021-07-19","0.25"
"US1FLVL0070","DE LAND 0.6 SSE, FL US","29.02933","-81.29249","20.1","2021-07-20","0.07"
"US1FLVL0070","DE LAND 0.6 SSE, FL US","29.02933","-81.29249","20.1","2021-07-21","1.12"
"US1FLFL0021","PALM COAST 0.6 ESE, FL US","29.56626","-81.20536","1.5","2021-07-20","1.03"
"US1FLFL0021","PALM COAST 0.6 ESE, FL US","29.56626","-81.20536","1.5","2021-07-21","1.83"
"US1FLVL0071","DE LEON SPRINGS 3.2 ENE, FL US","29.1278","-81.30043","15.2","2021-07-04","0.01"
"US1FLVL0071","DE LEON SPRINGS 3.2 ENE, FL US","29.1278","-81.30043","15.2","2021-07-05","0.08"
"US1FLVL0071","DE LEON SPRINGS 3.2 ENE, FL US","29.1278","-81.30043","15.2","2021-07-06","0.06"
"US1FLVL0071","DE LEON SPRINGS 3.2 ENE, FL US","29.1278","-81.30043","15.2","2021-07-07","0.22"
"US1FLVL0071","DE LEON SPRINGS 3.2 ENE, FL US","29.1278","-81.30043","15.2","2021-07-08","0.19"
"US1FLVL0071","DE LEON SPRINGS 3.2 ENE, FL US","29.1278","-81.30043","15.2","2021-07-09","0.12"
"US1FLVL0071","DE LEON SPRINGS 3.2 ENE, FL US","29.1278","-81.30043","15.2","2021-07-10","0.40"
"US1FLVL0071","DE LEON SPRINGS 3.2 ENE, FL US","29.1278","-81.30043","15.2","2021-07-11","0.00"
"US1FLVL0071","DE LEON SPRINGS 3.2 ENE, FL US","29.1278","-81.30043","15.2","2021-07-12","0.00"
"US1FLVL0071","DE LEON SPRINGS 3.2 ENE, FL US","29.1278","-81.30043","15.2","2021-07-13","0.19"
"US1FLVL0071","DE LEON SPRINGS 3.2 ENE, FL US","29.1278","-81.30043","15.2","2021-07-14","0.01"
"US1FLVL0071","DE LEON SPRINGS 3.2 ENE, FL US","29.1278","-81.30043","15.2","2021-07-15","0.29"
"US1FLVL0071","DE LEON SPRINGS 3.2 ENE, FL US","29.1278","-81.30043","15.2","2021-07-16","0.02"
"US1FLVL0071","DE LEON SPRINGS 3.2 ENE, FL US","29.1278","-81.30043","15.2","2021-07-17","0.00"
"US1FLVL0071","DE LEON SPRINGS 3.2 ENE, FL US","29.1278","-81.30043","15.2","2021-07-18","0.01"
"US1FLVL0071","DE LEON SPRINGS 3.2 ENE, FL US","29.1278","-81.30043","15.2","2021-07-19","0.65"
"US1FLVL0071","DE LEON SPRINGS 3.2 ENE, FL US","29.1278","-81.30043","15.2","2021-07-20","0.03"
"US1FLVL0071","DE LEON SPRINGS 3.2 ENE, FL US","29.1278","-81.30043","15.2","2021-07-21","1.94"
"US1FLVL0077","NEW SMYRNA BEACH 3.9 W, FL US","29.031821","-80.984001","13.7","2021-07-04","0.01"
"US1FLVL0077","NEW SMYRNA BEACH 3.9 W, FL US","29.031821","-80.984001","13.7","2021-07-05","0.04"
"US1FLVL0077","NEW SMYRNA BEACH 3.9 W, FL US","29.031821","-80.984001","13.7","2021-07-06","0.77"
"US1FLVL0077","NEW SMYRNA BEACH 3.9 W, FL US","29.031821","-80.984001","13.7","2021-07-07","0.28"
"US1FLVL0077","NEW SMYRNA BEACH 3.9 W, FL US","29.031821","-80.984001","13.7","2021-07-08","0.14"
"US1FLVL0077","NEW SMYRNA BEACH 3.9 W, FL US","29.031821","-80.984001","13.7","2021-07-09","1.68"
"US1FLVL0077","NEW SMYRNA BEACH 3.9 W, FL US","29.031821","-80.984001","13.7","2021-07-10","1.42"
"US1FLVL0077","NEW SMYRNA BEACH 3.9 W, FL US","29.031821","-80.984001","13.7","2021-07-11","0.00"
"US1FLVL0077","NEW SMYRNA BEACH 3.9 W, FL US","29.031821","-80.984001","13.7","2021-07-12","0.01"
"US1FLVL0077","NEW SMYRNA BEACH 3.9 W, FL US","29.031821","-80.984001","13.7","2021-07-13","0.03"
"US1FLVL0077","NEW SMYRNA BEACH 3.9 W, FL US","29.031821","-80.984001","13.7","2021-07-14","0.00"
"US1FLVL0077","NEW SMYRNA BEACH 3.9 W, FL US","29.031821","-80.984001","13.7","2021-07-15","0.15"
"US1FLVL0077","NEW SMYRNA BEACH 3.9 W, FL US","29.031821","-80.984001","13.7","2021-07-16","0.02"
"US1FLVL0077","NEW SMYRNA BEACH 3.9 W, FL US","29.031821","-80.984001","13.7","2021-07-17","0.00"
"US1FLVL0077","NEW SMYRNA BEACH 3.9 W, FL US","29.031821","-80.984001","13.7","2021-07-18","0.00"
"US1FLVL0077","NEW SMYRNA BEACH 3.9 W, FL US","29.031821","-80.984001","13.7","2021-07-19","0.00"
"US1FLVL0077","NEW SMYRNA BEACH 3.9 W, FL US","29.031821","-80.984001","13.7","2021-07-20","0.32"
"US1FLVL0077","NEW SMYRNA BEACH 3.9 W, FL US","29.031821","-80.984001","13.7","2021-07-21","0.52"
"USW00063890","JACKSONVILLE WHITEHOUSE NAVAL OUTLYING FIELD, FL US","30.35016","-81.876247","27.0","2021-07-04","0.00"
"USW00063890","JACKSONVILLE WHITEHOUSE NAVAL OUTLYING FIELD, FL US","30.35016","-81.876247","27.0","2021-07-05",
"USW00063890","JACKSONVILLE WHITEHOUSE NAVAL OUTLYING FIELD, FL US","30.35016","-81.876247","27.0","2021-07-06",
"USW00063890","JACKSONVILLE WHITEHOUSE NAVAL OUTLYING FIELD, FL US","30.35016","-81.876247","27.0","2021-07-07",
"USW00063890","JACKSONVILLE WHITEHOUSE NAVAL OUTLYING FIELD, FL US","30.35016","-81.876247","27.0","2021-07-08",
"USW00063890","JACKSONVILLE WHITEHOUSE NAVAL OUTLYING FIELD, FL US","30.35016","-81.876247","27.0","2021-07-09","0.00"
"USW00063890","JACKSONVILLE WHITEHOUSE NAVAL OUTLYING FIELD, FL US","30.35016","-81.876247","27.0","2021-07-10","0.00"
"USW00063890","JACKSONVILLE WHITEHOUSE NAVAL OUTLYING FIELD, FL US","30.35016","-81.876247","27.0","2021-07-11","0.00"
"USW00063890","JACKSONVILLE WHITEHOUSE NAVAL OUTLYING FIELD, FL US","30.35016","-81.876247","27.0","2021-07-12",
"USW00063890","JACKSONVILLE WHITEHOUSE NAVAL OUTLYING FIELD, FL US","30.35016","-81.876247","27.0","2021-07-13","0.00"
"USW00063890","JACKSONVILLE WHITEHOUSE NAVAL OUTLYING FIELD, FL US","30.35016","-81.876247","27.0","2021-07-14","0.00"
"USW00063890","JACKSONVILLE WHITEHOUSE NAVAL OUTLYING FIELD, FL US","30.35016","-81.876247","27.0","2021-07-15","0.00"
"USW00063890","JACKSONVILLE WHITEHOUSE NAVAL OUTLYING FIELD, FL US","30.35016","-81.876247","27.0","2021-07-16","0.00"
"USW00063890","JACKSONVILLE WHITEHOUSE NAVAL OUTLYING FIELD, FL US","30.35016","-81.876247","27.0","2021-07-17","0.00"
"USW00063890","JACKSONVILLE WHITEHOUSE NAVAL OUTLYING FIELD, FL US","30.35016","-81.876247","27.0","2021-07-18","0.00"
"USW00063890","JACKSONVILLE WHITEHOUSE NAVAL OUTLYING FIELD, FL US","30.35016","-81.876247","27.0","2021-07-19",
"USW00063890","JACKSONVILLE WHITEHOUSE NAVAL OUTLYING FIELD, FL US","30.35016","-81.876247","27.0","2021-07-20",
"USW00063890","JACKSONVILLE WHITEHOUSE NAVAL OUTLYING FIELD, FL US","30.35016","-81.876247","27.0","2021-07-21",
"US1FLVL0075","EDGEWATER 0.2 S, FL US","28.96437","-80.90476","9.4","2021-07-04","0.09"
"US1FLVL0075","EDGEWATER 0.2 S, FL US","28.96437","-80.90476","9.4","2021-07-05","0.10"
"US1FLVL0075","EDGEWATER 0.2 S, FL US","28.96437","-80.90476","9.4","2021-07-06","0.29"
"US1FLVL0075","EDGEWATER 0.2 S, FL US","28.96437","-80.90476","9.4","2021-07-07","0.05"
"US1FLVL0075","EDGEWATER 0.2 S, FL US","28.96437","-80.90476","9.4","2021-07-08","0.30"
"US1FLVL0075","EDGEWATER 0.2 S, FL US","28.96437","-80.90476","9.4","2021-07-09","2.08"
"US1FLVL0075","EDGEWATER 0.2 S, FL US","28.96437","-80.90476","9.4","2021-07-10","0.68"
"US1FLVL0075","EDGEWATER 0.2 S, FL US","28.96437","-80.90476","9.4","2021-07-11","0.00"
"US1FLVL0075","EDGEWATER 0.2 S, FL US","28.96437","-80.90476","9.4","2021-07-12","0.00"
"US1FLVL0075","EDGEWATER 0.2 S, FL US","28.96437","-80.90476","9.4","2021-07-13","0.35"
"US1FLVL0075","EDGEWATER 0.2 S, FL US","28.96437","-80.90476","9.4","2021-07-14","0.00"
"US1FLVL0075","EDGEWATER 0.2 S, FL US","28.96437","-80.90476","9.4","2021-07-15","0.03"
"US1FLVL0075","EDGEWATER 0.2 S, FL US","28.96437","-80.90476","9.4","2021-07-16","0.00"
"US1FLVL0075","EDGEWATER 0.2 S, FL US","28.96437","-80.90476","9.4","2021-07-17","0.00"
"US1FLVL0075","EDGEWATER 0.2 S, FL US","28.96437","-80.90476","9.4","2021-07-18","0.00"
"US1FLVL0075","EDGEWATER 0.2 S, FL US","28.96437","-80.90476","9.4","2021-07-19","0.29"
"US1FLVL0075","EDGEWATER 0.2 S, FL US","28.96437","-80.90476","9.4","2021-07-20","0.33"
"US1FLVL0075","EDGEWATER 0.2 S, FL US","28.96437","-80.90476","9.4","2021-07-21","1.72"
"USW00053848","CHOCTAW NAVAL OUTLYING FIELD MILTON, FL US","30.51195","-86.95406","34.0","2021-07-04","0.00"
"USW00053848","CHOCTAW NAVAL OUTLYING FIELD MILTON, FL US","30.51195","-86.95406","34.0","2021-07-05","0.66"
"USW00053848","CHOCTAW NAVAL OUTLYING FIELD MILTON, FL US","30.51195","-86.95406","34.0","2021-07-06","0.31"
"USW00053848","CHOCTAW NAVAL OUTLYING FIELD MILTON, FL US","30.51195","-86.95406","34.0","2021-07-07","0.00"
"USW00053848","CHOCTAW NAVAL OUTLYING FIELD MILTON, FL US","30.51195","-86.95406","34.0","2021-07-08","0.00"
"USW00053848","CHOCTAW NAVAL OUTLYING FIELD MILTON, FL US","30.51195","-86.95406","34.0","2021-07-09","0.01"
"USW00053848","CHOCTAW NAVAL OUTLYING FIELD MILTON, FL US","30.51195","-86.95406","34.0","2021-07-10","0.00"
"USW00053848","CHOCTAW NAVAL OUTLYING FIELD MILTON, FL US","30.51195","-86.95406","34.0","2021-07-11","0.03"
"USW00053848","CHOCTAW NAVAL OUTLYING FIELD MILTON, FL US","30.51195","-86.95406","34.0","2021-07-12","0.02"
"USW00053848","CHOCTAW NAVAL OUTLYING FIELD MILTON, FL US","30.51195","-86.95406","34.0","2021-07-13","0.00"
"USW00053848","CHOCTAW NAVAL OUTLYING FIELD MILTON, FL US","30.51195","-86.95406","34.0","2021-07-14","0.01"
"USW00053848","CHOCTAW NAVAL OUTLYING FIELD MILTON, FL US","30.51195","-86.95406","34.0","2021-07-16","0.02"
"USW00053848","CHOCTAW NAVAL OUTLYING FIELD MILTON, FL US","30.51195","-86.95406","34.0","2021-07-17","0.00"
"USW00053848","CHOCTAW NAVAL OUTLYING FIELD MILTON, FL US","30.51195","-86.95406","34.0","2021-07-18","0.00"
"USW00053848","CHOCTAW NAVAL OUTLYING FIELD MILTON, FL US","30.51195","-86.95406","34.0","2021-07-19","0.02"
"USW00053848","CHOCTAW NAVAL OUTLYING FIELD MILTON, FL US","30.51195","-86.95406","34.0","2021-07-20","0.00"
"USW00053848","CHOCTAW NAVAL OUTLYING FIELD MILTON, FL US","30.51195","-86.95406","34.0","2021-07-21","0.01"
"USW00053847","WHITING FIELD NAS SOUTH, FL US","30.69729","-87.02073","49.9","2021-07-04","0.21"
"USW00053847","WHITING FIELD NAS SOUTH, FL US","30.69729","-87.02073","49.9","2021-07-05","0.13"
"USW00053847","WHITING FIELD NAS SOUTH, FL US","30.69729","-87.02073","49.9","2021-07-06","0.29"
"USW00053847","WHITING FIELD NAS SOUTH, FL US","30.69729","-87.02073","49.9","2021-07-07","0.21"
"USW00053847","WHITING FIELD NAS SOUTH, FL US","30.69729","-87.02073","49.9","2021-07-08","0.00"
"USW00053847","WHITING FIELD NAS SOUTH, FL US","30.69729","-87.02073","49.9","2021-07-09","0.98"
"USW00053847","WHITING FIELD NAS SOUTH, FL US","30.69729","-87.02073","49.9","2021-07-10","0.95"
"USW00053847","WHITING FIELD NAS SOUTH, FL US","30.69729","-87.02073","49.9","2021-07-11","2.66"
"USW00053847","WHITING FIELD NAS SOUTH, FL US","30.69729","-87.02073","49.9","2021-07-12","0.24"
"USW00053847","WHITING FIELD NAS SOUTH, FL US","30.69729","-87.02073","49.9","2021-07-13","0.00"
"USW00053847","WHITING FIELD NAS SOUTH, FL US","30.69729","-87.02073","49.9","2021-07-14","0.00"
"USW00053847","WHITING FIELD NAS SOUTH, FL US","30.69729","-87.02073","49.9","2021-07-15","0.01"
"USW00053847","WHITING FIELD NAS SOUTH, FL US","30.69729","-87.02073","49.9","2021-07-16","0.02"
"USW00053847","WHITING FIELD NAS SOUTH, FL US","30.69729","-87.02073","49.9","2021-07-17","0.00"
"USW00053847","WHITING FIELD NAS SOUTH, FL US","30.69729","-87.02073","49.9","2021-07-18","0.00"
"USW00053847","WHITING FIELD NAS SOUTH, FL US","30.69729","-87.02073","49.9","2021-07-19","0.85"
"USW00053847","WHITING FIELD NAS SOUTH, FL US","30.69729","-87.02073","49.9","2021-07-20","0.10"
"USW00053847","WHITING FIELD NAS SOUTH, FL US","30.69729","-87.02073","49.9","2021-07-21","0.03"
"US1FLPN0105","FEATHER SOUND 1.3 S, FL US","27.889942","-82.659935","9.4","2021-07-04","2.90"
"US1FLPN0105","FEATHER SOUND 1.3 S, FL US","27.889942","-82.659935","9.4","2021-07-05","0.00"
"US1FLPN0105","FEATHER SOUND 1.3 S, FL US","27.889942","-82.659935","9.4","2021-07-06","0.41"
"US1FLPN0105","FEATHER SOUND 1.3 S, FL US","27.889942","-82.659935","9.4","2021-07-07","2.88"
"US1FLPN0105","FEATHER SOUND 1.3 S, FL US","27.889942","-82.659935","9.4","2021-07-08","0.51"
"US1FLPN0105","FEATHER SOUND 1.3 S, FL US","27.889942","-82.659935","9.4","2021-07-09","0.10"
"US1FLPN0105","FEATHER SOUND 1.3 S, FL US","27.889942","-82.659935","9.4","2021-07-10","0.00"
"US1FLPN0105","FEATHER SOUND 1.3 S, FL US","27.889942","-82.659935","9.4","2021-07-11","0.00"
"US1FLPN0105","FEATHER SOUND 1.3 S, FL US","27.889942","-82.659935","9.4","2021-07-12","0.00"
"US1FLPN0105","FEATHER SOUND 1.3 S, FL US","27.889942","-82.659935","9.4","2021-07-13","0.30"
"US1FLPN0105","FEATHER SOUND 1.3 S, FL US","27.889942","-82.659935","9.4","2021-07-14","0.00"
"US1FLPN0105","FEATHER SOUND 1.3 S, FL US","27.889942","-82.659935","9.4","2021-07-15","0.00"
"US1FLPN0105","FEATHER SOUND 1.3 S, FL US","27.889942","-82.659935","9.4","2021-07-16","0.00"
"US1FLPN0105","FEATHER SOUND 1.3 S, FL US","27.889942","-82.659935","9.4","2021-07-17","0.00"
"US1FLPN0105","FEATHER SOUND 1.3 S, FL US","27.889942","-82.659935","9.4","2021-07-18","0.00"
"US1FLPN0105","FEATHER SOUND 1.3 S, FL US","27.889942","-82.659935","9.4","2021-07-19","0.00"
"US1FLPN0105","FEATHER SOUND 1.3 S, FL US","27.889942","-82.659935","9.4","2021-07-20","0.00"
"US1FLPN0105","FEATHER SOUND 1.3 S, FL US","27.889942","-82.659935","9.4","2021-07-21","0.00"
"US1FLPN0104","LARGO 1.5 SSW, FL US","27.890416","-82.793086","14.6","2021-07-05",
"US1FLPN0104","LARGO 1.5 SSW, FL US","27.890416","-82.793086","14.6","2021-07-06","1.66"
"US1FLPN0104","LARGO 1.5 SSW, FL US","27.890416","-82.793086","14.6","2021-07-07","2.02"
"US1FLPN0104","LARGO 1.5 SSW, FL US","27.890416","-82.793086","14.6","2021-07-08","0.25"
"US1FLPN0104","LARGO 1.5 SSW, FL US","27.890416","-82.793086","14.6","2021-07-09","0.02"
"US1FLPN0104","LARGO 1.5 SSW, FL US","27.890416","-82.793086","14.6","2021-07-10","0.00"
"US1FLPN0104","LARGO 1.5 SSW, FL US","27.890416","-82.793086","14.6","2021-07-11","0.00"
"US1FLPN0104","LARGO 1.5 SSW, FL US","27.890416","-82.793086","14.6","2021-07-12","1.02"
"US1FLPN0104","LARGO 1.5 SSW, FL US","27.890416","-82.793086","14.6","2021-07-13","1.88"
"US1FLPN0104","LARGO 1.5 SSW, FL US","27.890416","-82.793086","14.6","2021-07-14","1.15"
"US1FLPN0104","LARGO 1.5 SSW, FL US","27.890416","-82.793086","14.6","2021-07-15","0.32"
"US1FLPN0104","LARGO 1.5 SSW, FL US","27.890416","-82.793086","14.6","2021-07-16","0.01"
"US1FLPN0104","LARGO 1.5 SSW, FL US","27.890416","-82.793086","14.6","2021-07-17","0.40"
"US1FLPN0104","LARGO 1.5 SSW, FL US","27.890416","-82.793086","14.6","2021-07-18","0.44"
"US1FLPN0104","LARGO 1.5 SSW, FL US","27.890416","-82.793086","14.6","2021-07-19","0.00"
"US1FLPN0104","LARGO 1.5 SSW, FL US","27.890416","-82.793086","14.6","2021-07-20","0.00"
"US1FLPN0104","LARGO 1.5 SSW, FL US","27.890416","-82.793086","14.6","2021-07-21","0.00"
"US1FLFL0019","BUNNELL 1.0 ENE, FL US","29.472222","-81.243889","5.8","2021-07-06",
"US1FLFL0019","BUNNELL 1.0 ENE, FL US","29.472222","-81.243889","5.8","2021-07-07","0.09"
"US1FLFL0019","BUNNELL 1.0 ENE, FL US","29.472222","-81.243889","5.8","2021-07-08","0.75"
"US1FLFL0019","BUNNELL 1.0 ENE, FL US","29.472222","-81.243889","5.8","2021-07-09","0.44"
"US1FLFL0019","BUNNELL 1.0 ENE, FL US","29.472222","-81.243889","5.8","2021-07-12",
"US1FLFL0019","BUNNELL 1.0 ENE, FL US","29.472222","-81.243889","5.8","2021-07-13","0.04"
"US1FLFL0019","BUNNELL 1.0 ENE, FL US","29.472222","-81.243889","5.8","2021-07-14","0.09"
"US1FLFL0019","BUNNELL 1.0 ENE, FL US","29.472222","-81.243889","5.8","2021-07-15","0.11"
"US1FLFL0019","BUNNELL 1.0 ENE, FL US","29.472222","-81.243889","5.8","2021-07-19",
"US1FLFL0019","BUNNELL 1.0 ENE, FL US","29.472222","-81.243889","5.8","2021-07-20","0.58"
"US1FLMN0063","TAVERNIER 1.2 WSW, FL US","25.00688","-80.53501","1.5","2021-07-04","0.00"
"US1FLMN0063","TAVERNIER 1.2 WSW, FL US","25.00688","-80.53501","1.5","2021-07-06","0.29"
"US1FLMN0063","TAVERNIER 1.2 WSW, FL US","25.00688","-80.53501","1.5","2021-07-08","0.00"
"US1FLMN0063","TAVERNIER 1.2 WSW, FL US","25.00688","-80.53501","1.5","2021-07-11","0.31"
"US1FLMN0063","TAVERNIER 1.2 WSW, FL US","25.00688","-80.53501","1.5","2021-07-12","0.03"
"US1FLMN0063","TAVERNIER 1.2 WSW, FL US","25.00688","-80.53501","1.5","2021-07-13","0.50"
"US1FLMN0063","TAVERNIER 1.2 WSW, FL US","25.00688","-80.53501","1.5","2021-07-14","0.58"
"US1FLMN0063","TAVERNIER 1.2 WSW, FL US","25.00688","-80.53501","1.5","2021-07-16","0.18"
"US1FLMN0063","TAVERNIER 1.2 WSW, FL US","25.00688","-80.53501","1.5","2021-07-20","0.00"
"US1FLMN0063","TAVERNIER 1.2 WSW, FL US","25.00688","-80.53501","1.5","2021-07-21","0.00"
"US1FLMN0062","KEY WEST 1.0 E, FL US","24.56447","-81.759408","1.2","2021-07-04","0.00"
"US1FLMN0062","KEY WEST 1.0 E, FL US","24.56447","-81.759408","1.2","2021-07-05","0.87"
"US1FLMN0062","KEY WEST 1.0 E, FL US","24.56447","-81.759408","1.2","2021-07-06","1.85"
"US1FLMN0062","KEY WEST 1.0 E, FL US","24.56447","-81.759408","1.2","2021-07-07","4.09"
"US1FLMN0062","KEY WEST 1.0 E, FL US","24.56447","-81.759408","1.2","2021-07-08","0.00"
"US1FLMN0062","KEY WEST 1.0 E, FL US","24.56447","-81.759408","1.2","2021-07-09","0.00"
"US1FLMN0062","KEY WEST 1.0 E, FL US","24.56447","-81.759408","1.2","2021-07-10","0.00"
"US1FLMN0062","KEY WEST 1.0 E, FL US","24.56447","-81.759408","1.2","2021-07-11","0.85"
"US1FLMN0062","KEY WEST 1.0 E, FL US","24.56447","-81.759408","1.2","2021-07-12","0.35"
"US1FLMN0062","KEY WEST 1.0 E, FL US","24.56447","-81.759408","1.2","2021-07-13","0.10"
"US1FLMN0062","KEY WEST 1.0 E, FL US","24.56447","-81.759408","1.2","2021-07-14","0.02"
"US1FLMN0062","KEY WEST 1.0 E, FL US","24.56447","-81.759408","1.2","2021-07-15","2.33"
"US1FLMN0062","KEY WEST 1.0 E, FL US","24.56447","-81.759408","1.2","2021-07-16","0.00"
"US1FLMN0062","KEY WEST 1.0 E, FL US","24.56447","-81.759408","1.2","2021-07-17","0.21"
"US1FLMN0062","KEY WEST 1.0 E, FL US","24.56447","-81.759408","1.2","2021-07-18","0.00"
"US1FLMN0062","KEY WEST 1.0 E, FL US","24.56447","-81.759408","1.2","2021-07-19","0.00"
"US1FLMN0062","KEY WEST 1.0 E, FL US","24.56447","-81.759408","1.2","2021-07-20","0.00"
"US1FLMN0062","KEY WEST 1.0 E, FL US","24.56447","-81.759408","1.2","2021-07-21","0.00"
"US1FLMN0060","BIG PINE KEY 0.7 NW, FL US","24.69326","-81.37385","1.5","2021-07-07","1.40"
"US1FLMN0060","BIG PINE KEY 0.7 NW, FL US","24.69326","-81.37385","1.5","2021-07-08","0.00"
"US1FLMN0060","BIG PINE KEY 0.7 NW, FL US","24.69326","-81.37385","1.5","2021-07-12",
"US1FLMN0060","BIG PINE KEY 0.7 NW, FL US","24.69326","-81.37385","1.5","2021-07-13","0.14"
"US1FLMN0060","BIG PINE KEY 0.7 NW, FL US","24.69326","-81.37385","1.5","2021-07-14","0.00"
"US1FLMN0060","BIG PINE KEY 0.7 NW, FL US","24.69326","-81.37385","1.5","2021-07-15","0.00"
"US1FLMN0060","BIG PINE KEY 0.7 NW, FL US","24.69326","-81.37385","1.5","2021-07-16","0.00"
"US1FLMN0060","BIG PINE KEY 0.7 NW, FL US","24.69326","-81.37385","1.5","2021-07-17","0.00"
"US1FLMN0060","BIG PINE KEY 0.7 NW, FL US","24.69326","-81.37385","1.5","2021-07-18","0.00"
"US1FLMN0060","BIG PINE KEY 0.7 NW, FL US","24.69326","-81.37385","1.5","2021-07-19","0.00"
"US1FLMN0060","BIG PINE KEY 0.7 NW, FL US","24.69326","-81.37385","1.5","2021-07-20","0.00"
"US1FLMN0060","BIG PINE KEY 0.7 NW, FL US","24.69326","-81.37385","1.5","2021-07-21","0.00"
"US1FLVL0040","EDGEWATER 0.1 SW, FL US","28.966198","-80.906013",,"2021-07-04","0.09"
"US1FLVL0040","EDGEWATER 0.1 SW, FL US","28.966198","-80.906013",,"2021-07-05","0.14"
"US1FLVL0040","EDGEWATER 0.1 SW, FL US","28.966198","-80.906013",,"2021-07-06","0.33"
"US1FLVL0040","EDGEWATER 0.1 SW, FL US","28.966198","-80.906013",,"2021-07-07","0.19"
"US1FLVL0040","EDGEWATER 0.1 SW, FL US","28.966198","-80.906013",,"2021-07-08","0.14"
"US1FLVL0040","EDGEWATER 0.1 SW, FL US","28.966198","-80.906013",,"2021-07-09","1.91"
"US1FLVL0040","EDGEWATER 0.1 SW, FL US","28.966198","-80.906013",,"2021-07-10","0.88"
"US1FLVL0040","EDGEWATER 0.1 SW, FL US","28.966198","-80.906013",,"2021-07-11","0.00"
"US1FLVL0040","EDGEWATER 0.1 SW, FL US","28.966198","-80.906013",,"2021-07-13","0.38"
"US1FLVL0040","EDGEWATER 0.1 SW, FL US","28.966198","-80.906013",,"2021-07-14","0.00"
"US1FLVL0040","EDGEWATER 0.1 SW, FL US","28.966198","-80.906013",,"2021-07-15","0.03"
"US1FLVL0040","EDGEWATER 0.1 SW, FL US","28.966198","-80.906013",,"2021-07-16","0.00"
"US1FLVL0040","EDGEWATER 0.1 SW, FL US","28.966198","-80.906013",,"2021-07-17","0.00"
"US1FLVL0040","EDGEWATER 0.1 SW, FL US","28.966198","-80.906013",,"2021-07-18","0.00"
"US1FLVL0040","EDGEWATER 0.1 SW, FL US","28.966198","-80.906013",,"2021-07-19","0.23"
"US1FLVL0040","EDGEWATER 0.1 SW, FL US","28.966198","-80.906013",,"2021-07-20","0.23"
"US1FLVL0040","EDGEWATER 0.1 SW, FL US","28.966198","-80.906013",,"2021-07-21","1.73"
"US1FLHB0107","SUN CITY CENTER 0.9 SSE, FL US","27.708626","-82.348262","18.9","2021-07-19","0.00"
"US1FLHB0107","SUN CITY CENTER 0.9 SSE, FL US","27.708626","-82.348262","18.9","2021-07-20","0.00"
"US1FLHB0107","SUN CITY CENTER 0.9 SSE, FL US","27.708626","-82.348262","18.9","2021-07-21","0.05"
"US1FLCT0024","HERNANDO 2.9 W, FL US","28.91421","-82.42147","23.2","2021-07-04","1.57"
"US1FLCT0024","HERNANDO 2.9 W, FL US","28.91421","-82.42147","23.2","2021-07-05","0.33"
"US1FLCT0024","HERNANDO 2.9 W, FL US","28.91421","-82.42147","23.2","2021-07-07","1.90"
"US1FLCT0024","HERNANDO 2.9 W, FL US","28.91421","-82.42147","23.2","2021-07-08","1.35"
"US1FLCT0024","HERNANDO 2.9 W, FL US","28.91421","-82.42147","23.2","2021-07-09","1.33"
"US1FLCT0024","HERNANDO 2.9 W, FL US","28.91421","-82.42147","23.2","2021-07-10","0.02"
"US1FLCT0024","HERNANDO 2.9 W, FL US","28.91421","-82.42147","23.2","2021-07-11","1.13"
"US1FLCT0024","HERNANDO 2.9 W, FL US","28.91421","-82.42147","23.2","2021-07-12","0.23"
"US1FLCT0024","HERNANDO 2.9 W, FL US","28.91421","-82.42147","23.2","2021-07-13","0.08"
"US1FLCT0024","HERNANDO 2.9 W, FL US","28.91421","-82.42147","23.2","2021-07-14","0.29"
"US1FLCT0024","HERNANDO 2.9 W, FL US","28.91421","-82.42147","23.2","2021-07-16","0.00"
"US1FLCT0024","HERNANDO 2.9 W, FL US","28.91421","-82.42147","23.2","2021-07-17","0.00"
"US1FLCT0024","HERNANDO 2.9 W, FL US","28.91421","-82.42147","23.2","2021-07-18","0.00"
"US1FLCT0024","HERNANDO 2.9 W, FL US","28.91421","-82.42147","23.2","2021-07-19","0.33"
"US1FLCT0024","HERNANDO 2.9 W, FL US","28.91421","-82.42147","23.2","2021-07-20","0.09"
"US1FLLN0060","TALLAHASSEE 6.2 E, FL US","30.45733","-84.17725","25.3","2021-07-04","0.00"
"US1FLLN0060","TALLAHASSEE 6.2 E, FL US","30.45733","-84.17725","25.3","2021-07-05","0.15"
"US1FLLN0060","TALLAHASSEE 6.2 E, FL US","30.45733","-84.17725","25.3","2021-07-06","0.64"
"US1FLLN0060","TALLAHASSEE 6.2 E, FL US","30.45733","-84.17725","25.3","2021-07-07","0.11"
"US1FLLN0060","TALLAHASSEE 6.2 E, FL US","30.45733","-84.17725","25.3","2021-07-08","0.74"
"US1FLLN0060","TALLAHASSEE 6.2 E, FL US","30.45733","-84.17725","25.3","2021-07-09","0.55"
"US1FLLN0060","TALLAHASSEE 6.2 E, FL US","30.45733","-84.17725","25.3","2021-07-10","0.10"
"US1FLLN0060","TALLAHASSEE 6.2 E, FL US","30.45733","-84.17725","25.3","2021-07-11","0.00"
"US1FLLN0060","TALLAHASSEE 6.2 E, FL US","30.45733","-84.17725","25.3","2021-07-12","0.00"
"US1FLLN0060","TALLAHASSEE 6.2 E, FL US","30.45733","-84.17725","25.3","2021-07-13","0.00"
"US1FLLN0060","TALLAHASSEE 6.2 E, FL US","30.45733","-84.17725","25.3","2021-07-14","0.00"
"US1FLLN0060","TALLAHASSEE 6.2 E, FL US","30.45733","-84.17725","25.3","2021-07-15","0.00"
"US1FLLN0060","TALLAHASSEE 6.2 E, FL US","30.45733","-84.17725","25.3","2021-07-16","0.00"
"US1FLLN0060","TALLAHASSEE 6.2 E, FL US","30.45733","-84.17725","25.3","2021-07-17","0.00"
"US1FLLN0060","TALLAHASSEE 6.2 E, FL US","30.45733","-84.17725","25.3","2021-07-18","0.52"
"US1FLLN0060","TALLAHASSEE 6.2 E, FL US","30.45733","-84.17725","25.3","2021-07-19","1.31"
"US1FLLN0060","TALLAHASSEE 6.2 E, FL US","30.45733","-84.17725","25.3","2021-07-20","0.01"
"US1FLLN0060","TALLAHASSEE 6.2 E, FL US","30.45733","-84.17725","25.3","2021-07-21","0.23"
"US1FLVL0044","PORT ORANGE 2.9 WSW, FL US","29.1","-81.05276","7.3","2021-07-04","0.02"
"US1FLVL0044","PORT ORANGE 2.9 WSW, FL US","29.1","-81.05276","7.3","2021-07-05","0.14"
"US1FLVL0044","PORT ORANGE 2.9 WSW, FL US","29.1","-81.05276","7.3","2021-07-06","0.11"
"US1FLVL0044","PORT ORANGE 2.9 WSW, FL US","29.1","-81.05276","7.3","2021-07-07","0.09"
"US1FLVL0044","PORT ORANGE 2.9 WSW, FL US","29.1","-81.05276","7.3","2021-07-08","0.32"
"US1FLVL0044","PORT ORANGE 2.9 WSW, FL US","29.1","-81.05276","7.3","2021-07-09","0.22"
"US1FLVL0044","PORT ORANGE 2.9 WSW, FL US","29.1","-81.05276","7.3","2021-07-10","1.45"
"US1FLVL0044","PORT ORANGE 2.9 WSW, FL US","29.1","-81.05276","7.3","2021-07-11","0.11"
"US1FLVL0044","PORT ORANGE 2.9 WSW, FL US","29.1","-81.05276","7.3","2021-07-12","0.00"
"US1FLVL0044","PORT ORANGE 2.9 WSW, FL US","29.1","-81.05276","7.3","2021-07-13","0.02"
"US1FLVL0044","PORT ORANGE 2.9 WSW, FL US","29.1","-81.05276","7.3","2021-07-14","0.00"
"US1FLVL0044","PORT ORANGE 2.9 WSW, FL US","29.1","-81.05276","7.3","2021-07-15","0.03"
"US1FLVL0044","PORT ORANGE 2.9 WSW, FL US","29.1","-81.05276","7.3","2021-07-16","0.02"
"US1FLVL0044","PORT ORANGE 2.9 WSW, FL US","29.1","-81.05276","7.3","2021-07-17","0.00"
"US1FLVL0044","PORT ORANGE 2.9 WSW, FL US","29.1","-81.05276","7.3","2021-07-18","0.00"
"US1FLVL0044","PORT ORANGE 2.9 WSW, FL US","29.1","-81.05276","7.3","2021-07-19","0.00"
"US1FLVL0044","PORT ORANGE 2.9 WSW, FL US","29.1","-81.05276","7.3","2021-07-20","0.44"
"US1FLVL0044","PORT ORANGE 2.9 WSW, FL US","29.1","-81.05276","7.3","2021-07-21","1.92"
"US1FLVL0042","DAYTONA BEACH SHORES 1.8 SSE, FL US","29.149417","-80.969621","2.4","2021-07-04","0.00"
"US1FLVL0042","DAYTONA BEACH SHORES 1.8 SSE, FL US","29.149417","-80.969621","2.4","2021-07-05","0.04"
"US1FLVL0042","DAYTONA BEACH SHORES 1.8 SSE, FL US","29.149417","-80.969621","2.4","2021-07-06","0.10"
"US1FLVL0042","DAYTONA BEACH SHORES 1.8 SSE, FL US","29.149417","-80.969621","2.4","2021-07-07","0.02"
"US1FLVL0042","DAYTONA BEACH SHORES 1.8 SSE, FL US","29.149417","-80.969621","2.4","2021-07-08","0.34"
"US1FLVL0042","DAYTONA BEACH SHORES 1.8 SSE, FL US","29.149417","-80.969621","2.4","2021-07-09","0.55"
"US1FLVL0042","DAYTONA BEACH SHORES 1.8 SSE, FL US","29.149417","-80.969621","2.4","2021-07-10","0.43"
"US1FLVL0042","DAYTONA BEACH SHORES 1.8 SSE, FL US","29.149417","-80.969621","2.4","2021-07-11","0.49"
"US1FLVL0042","DAYTONA BEACH SHORES 1.8 SSE, FL US","29.149417","-80.969621","2.4","2021-07-12","0.00"
"US1FLVL0042","DAYTONA BEACH SHORES 1.8 SSE, FL US","29.149417","-80.969621","2.4","2021-07-13","0.15"
"US1FLVL0042","DAYTONA BEACH SHORES 1.8 SSE, FL US","29.149417","-80.969621","2.4","2021-07-14","0.00"
"US1FLVL0042","DAYTONA BEACH SHORES 1.8 SSE, FL US","29.149417","-80.969621","2.4","2021-07-15","0.02"
"US1FLVL0042","DAYTONA BEACH SHORES 1.8 SSE, FL US","29.149417","-80.969621","2.4","2021-07-16","0.08"
"US1FLVL0042","DAYTONA BEACH SHORES 1.8 SSE, FL US","29.149417","-80.969621","2.4","2021-07-17","0.00"
"US1FLVL0042","DAYTONA BEACH SHORES 1.8 SSE, FL US","29.149417","-80.969621","2.4","2021-07-18","0.00"
"US1FLVL0042","DAYTONA BEACH SHORES 1.8 SSE, FL US","29.149417","-80.969621","2.4","2021-07-19","0.00"
"US1FLVL0042","DAYTONA BEACH SHORES 1.8 SSE, FL US","29.149417","-80.969621","2.4","2021-07-20","0.09"
"US1FLVL0042","DAYTONA BEACH SHORES 1.8 SSE, FL US","29.149417","-80.969621","2.4","2021-07-21","0.97"
"USC00081276","CANAL POINT USDA, FL US","26.8639","-80.6256","9.1","2021-07-04",
"USC00081276","CANAL POINT USDA, FL US","26.8639","-80.6256","9.1","2021-07-05",
"USC00081276","CANAL POINT USDA, FL US","26.8639","-80.6256","9.1","2021-07-06",
"USC00081276","CANAL POINT USDA, FL US","26.8639","-80.6256","9.1","2021-07-09","0.13"
"USC00081276","CANAL POINT USDA, FL US","26.8639","-80.6256","9.1","2021-07-13","1.36"
"USC00081276","CANAL POINT USDA, FL US","26.8639","-80.6256","9.1","2021-07-15","0.33"
"USC00081276","CANAL POINT USDA, FL US","26.8639","-80.6256","9.1","2021-07-16","0.88"
"USC00081276","CANAL POINT USDA, FL US","26.8639","-80.6256","9.1","2021-07-20","0.27"
"US1FLOK0037","NICEVILLE 2.1 SE, FL US","30.509971","-86.458237","12.5","2021-07-04","1.19"
"US1FLOK0037","NICEVILLE 2.1 SE, FL US","30.509971","-86.458237","12.5","2021-07-05","1.45"
"US1FLOK0037","NICEVILLE 2.1 SE, FL US","30.509971","-86.458237","12.5","2021-07-06","0.16"
"US1FLOK0037","NICEVILLE 2.1 SE, FL US","30.509971","-86.458237","12.5","2021-07-07","0.47"
"US1FLOK0037","NICEVILLE 2.1 SE, FL US","30.509971","-86.458237","12.5","2021-07-08","0.02"
"US1FLOK0037","NICEVILLE 2.1 SE, FL US","30.509971","-86.458237","12.5","2021-07-09","0.00"
"US1FLOK0037","NICEVILLE 2.1 SE, FL US","30.509971","-86.458237","12.5","2021-07-10","0.32"
"US1FLOK0037","NICEVILLE 2.1 SE, FL US","30.509971","-86.458237","12.5","2021-07-11","0.10"
"US1FLOK0037","NICEVILLE 2.1 SE, FL US","30.509971","-86.458237","12.5","2021-07-12","0.97"
"US1FLOK0037","NICEVILLE 2.1 SE, FL US","30.509971","-86.458237","12.5","2021-07-13","0.35"
"US1FLOK0037","NICEVILLE 2.1 SE, FL US","30.509971","-86.458237","12.5","2021-07-14","0.10"
"US1FLOK0037","NICEVILLE 2.1 SE, FL US","30.509971","-86.458237","12.5","2021-07-15","0.00"
"US1FLOK0037","NICEVILLE 2.1 SE, FL US","30.509971","-86.458237","12.5","2021-07-16","0.00"
"US1FLOK0037","NICEVILLE 2.1 SE, FL US","30.509971","-86.458237","12.5","2021-07-17","0.00"
"US1FLOK0037","NICEVILLE 2.1 SE, FL US","30.509971","-86.458237","12.5","2021-07-18","0.00"
"US1FLOK0037","NICEVILLE 2.1 SE, FL US","30.509971","-86.458237","12.5","2021-07-19","0.13"
"US1FLOK0037","NICEVILLE 2.1 SE, FL US","30.509971","-86.458237","12.5","2021-07-20","0.16"
"US1FLOK0037","NICEVILLE 2.1 SE, FL US","30.509971","-86.458237","12.5","2021-07-21","1.06"
"US1FLCT0029","HOMOSASSA 6.0 SE, FL US","28.73031","-82.53906","7.0","2021-07-04","1.26"
"US1FLCT0029","HOMOSASSA 6.0 SE, FL US","28.73031","-82.53906","7.0","2021-07-05","0.00"
"US1FLCT0029","HOMOSASSA 6.0 SE, FL US","28.73031","-82.53906","7.0","2021-07-06","0.06"
"US1FLCT0029","HOMOSASSA 6.0 SE, FL US","28.73031","-82.53906","7.0","2021-07-07","1.79"
"US1FLCT0029","HOMOSASSA 6.0 SE, FL US","28.73031","-82.53906","7.0","2021-07-08","2.23"
"US1FLCT0029","HOMOSASSA 6.0 SE, FL US","28.73031","-82.53906","7.0","2021-07-09","1.07"
"US1FLCT0029","HOMOSASSA 6.0 SE, FL US","28.73031","-82.53906","7.0","2021-07-10","0.00"
"US1FLCT0029","HOMOSASSA 6.0 SE, FL US","28.73031","-82.53906","7.0","2021-07-11","0.00"
"US1FLCT0029","HOMOSASSA 6.0 SE, FL US","28.73031","-82.53906","7.0","2021-07-12","0.08"
"US1FLCT0029","HOMOSASSA 6.0 SE, FL US","28.73031","-82.53906","7.0","2021-07-13","0.01"
"US1FLCT0029","HOMOSASSA 6.0 SE, FL US","28.73031","-82.53906","7.0","2021-07-14","0.03"
"US1FLCT0029","HOMOSASSA 6.0 SE, FL US","28.73031","-82.53906","7.0","2021-07-15","0.02"
"US1FLCT0029","HOMOSASSA 6.0 SE, FL US","28.73031","-82.53906","7.0","2021-07-16","0.00"
"US1FLCT0029","HOMOSASSA 6.0 SE, FL US","28.73031","-82.53906","7.0","2021-07-17","0.05"
"US1FLCT0029","HOMOSASSA 6.0 SE, FL US","28.73031","-82.53906","7.0","2021-07-18","0.00"
"US1FLCT0029","HOMOSASSA 6.0 SE, FL US","28.73031","-82.53906","7.0","2021-07-19","0.25"
"US1FLCT0029","HOMOSASSA 6.0 SE, FL US","28.73031","-82.53906","7.0","2021-07-20","0.00"
"US1FLCT0029","HOMOSASSA 6.0 SE, FL US","28.73031","-82.53906","7.0","2021-07-21","0.00"
"US1FLOK0033","DESTIN 1.2 NW, FL US","30.40255","-86.490553","4.3","2021-07-04","0.85"
"US1FLOK0033","DESTIN 1.2 NW, FL US","30.40255","-86.490553","4.3","2021-07-05","0.73"
"US1FLOK0033","DESTIN 1.2 NW, FL US","30.40255","-86.490553","4.3","2021-07-06","0.59"
"US1FLOK0033","DESTIN 1.2 NW, FL US","30.40255","-86.490553","4.3","2021-07-07","0.14"
"US1FLOK0033","DESTIN 1.2 NW, FL US","30.40255","-86.490553","4.3","2021-07-08","0.02"
"US1FLOK0033","DESTIN 1.2 NW, FL US","30.40255","-86.490553","4.3","2021-07-09","0.00"
"US1FLOK0033","DESTIN 1.2 NW, FL US","30.40255","-86.490553","4.3","2021-07-10","0.02"
"US1FLOK0033","DESTIN 1.2 NW, FL US","30.40255","-86.490553","4.3","2021-07-11","0.00"
"US1FLOK0033","DESTIN 1.2 NW, FL US","30.40255","-86.490553","4.3","2021-07-12","0.83"
"US1FLOK0033","DESTIN 1.2 NW, FL US","30.40255","-86.490553","4.3","2021-07-13","0.88"
"US1FLOK0033","DESTIN 1.2 NW, FL US","30.40255","-86.490553","4.3","2021-07-14","0.00"
"US1FLOK0033","DESTIN 1.2 NW, FL US","30.40255","-86.490553","4.3","2021-07-15","0.00"
"US1FLOK0033","DESTIN 1.2 NW, FL US","30.40255","-86.490553","4.3","2021-07-16","0.00"
"US1FLOK0033","DESTIN 1.2 NW, FL US","30.40255","-86.490553","4.3","2021-07-17","0.05"
"US1FLOK0033","DESTIN 1.2 NW, FL US","30.40255","-86.490553","4.3","2021-07-18","0.03"
"US1FLOK0033","DESTIN 1.2 NW, FL US","30.40255","-86.490553","4.3","2021-07-19","0.07"
"US1FLOK0033","DESTIN 1.2 NW, FL US","30.40255","-86.490553","4.3","2021-07-20","0.08"
"US1FLOK0033","DESTIN 1.2 NW, FL US","30.40255","-86.490553","4.3","2021-07-21","0.44"
"US1FLHB0116","LUTZ 0.6 WSW, FL US","28.134079","-82.471878","21.3","2021-07-04",
"US1FLHB0116","LUTZ 0.6 WSW, FL US","28.134079","-82.471878","21.3","2021-07-06","0.07"
"US1FLHB0116","LUTZ 0.6 WSW, FL US","28.134079","-82.471878","21.3","2021-07-07","2.55"
"US1FLHB0116","LUTZ 0.6 WSW, FL US","28.134079","-82.471878","21.3","2021-07-08","1.06"
"US1FLHB0116","LUTZ 0.6 WSW, FL US","28.134079","-82.471878","21.3","2021-07-09","0.71"
"US1FLHB0116","LUTZ 0.6 WSW, FL US","28.134079","-82.471878","21.3","2021-07-11","0.16"
"US1FLHB0116","LUTZ 0.6 WSW, FL US","28.134079","-82.471878","21.3","2021-07-12","0.01"
"US1FLHB0116","LUTZ 0.6 WSW, FL US","28.134079","-82.471878","21.3","2021-07-13","0.18"
"US1FLHB0116","LUTZ 0.6 WSW, FL US","28.134079","-82.471878","21.3","2021-07-14","0.08"
"US1FLHB0116","LUTZ 0.6 WSW, FL US","28.134079","-82.471878","21.3","2021-07-15","0.91"
"US1FLHB0116","LUTZ 0.6 WSW, FL US","28.134079","-82.471878","21.3","2021-07-18","0.01"
"US1FLHB0116","LUTZ 0.6 WSW, FL US","28.134079","-82.471878","21.3","2021-07-19","0.05"
"US1FLCT0038","HERNANDO 3.9 WSW, FL US","28.88278","-82.43333","41.1","2021-07-10",
"US1FLCT0038","HERNANDO 3.9 WSW, FL US","28.88278","-82.43333","41.1","2021-07-11","0.06"
"US1FLCT0038","HERNANDO 3.9 WSW, FL US","28.88278","-82.43333","41.1","2021-07-12","0.60"
"US1FLCT0038","HERNANDO 3.9 WSW, FL US","28.88278","-82.43333","41.1","2021-07-14","0.06"
"US1FLCT0038","HERNANDO 3.9 WSW, FL US","28.88278","-82.43333","41.1","2021-07-15","0.02"
"US1FLCT0038","HERNANDO 3.9 WSW, FL US","28.88278","-82.43333","41.1","2021-07-16","0.00"
"US1FLCT0038","HERNANDO 3.9 WSW, FL US","28.88278","-82.43333","41.1","2021-07-17","0.00"
"US1FLCT0038","HERNANDO 3.9 WSW, FL US","28.88278","-82.43333","41.1","2021-07-18","0.00"
"US1FLCT0038","HERNANDO 3.9 WSW, FL US","28.88278","-82.43333","41.1","2021-07-19","0.08"
"US1FLCT0038","HERNANDO 3.9 WSW, FL US","28.88278","-82.43333","41.1","2021-07-20","0.02"
"US1FLCT0038","HERNANDO 3.9 WSW, FL US","28.88278","-82.43333","41.1","2021-07-21","0.00"
"US1FLLN0072","TALLAHASSEE 5.0 SE, FL US","30.4106","-84.21798","31.4","2021-07-04","0.00"
"US1FLLN0072","TALLAHASSEE 5.0 SE, FL US","30.4106","-84.21798","31.4","2021-07-10",
"US1FLLN0072","TALLAHASSEE 5.0 SE, FL US","30.4106","-84.21798","31.4","2021-07-11","0.01"
"US1FLLN0072","TALLAHASSEE 5.0 SE, FL US","30.4106","-84.21798","31.4","2021-07-12","0.00"
"US1FLLN0072","TALLAHASSEE 5.0 SE, FL US","30.4106","-84.21798","31.4","2021-07-13","0.10"
"US1FLLN0072","TALLAHASSEE 5.0 SE, FL US","30.4106","-84.21798","31.4","2021-07-14","0.11"
"US1FLLN0072","TALLAHASSEE 5.0 SE, FL US","30.4106","-84.21798","31.4","2021-07-15","0.00"
"US1FLLN0072","TALLAHASSEE 5.0 SE, FL US","30.4106","-84.21798","31.4","2021-07-16","0.00"
"US1FLLN0072","TALLAHASSEE 5.0 SE, FL US","30.4106","-84.21798","31.4","2021-07-17","0.04"
"US1FLLN0072","TALLAHASSEE 5.0 SE, FL US","30.4106","-84.21798","31.4","2021-07-18","0.01"
"US1FLLN0072","TALLAHASSEE 5.0 SE, FL US","30.4106","-84.21798","31.4","2021-07-19","3.35"
"US1FLLN0072","TALLAHASSEE 5.0 SE, FL US","30.4106","-84.21798","31.4","2021-07-20","0.18"
"US1FLLN0072","TALLAHASSEE 5.0 SE, FL US","30.4106","-84.21798","31.4","2021-07-21","0.07"
"US1FLCT0037","CITRUS SPRINGS 1.3 WNW, FL US","29.005867","-82.493776","33.8","2021-07-05",
"US1FLCT0037","CITRUS SPRINGS 1.3 WNW, FL US","29.005867","-82.493776","33.8","2021-07-06","0.70"
"US1FLCT0037","CITRUS SPRINGS 1.3 WNW, FL US","29.005867","-82.493776","33.8","2021-07-07","2.30"
"US1FLCT0037","CITRUS SPRINGS 1.3 WNW, FL US","29.005867","-82.493776","33.8","2021-07-08","2.15"
"US1FLCT0037","CITRUS SPRINGS 1.3 WNW, FL US","29.005867","-82.493776","33.8","2021-07-09","0.30"
"US1FLCT0037","CITRUS SPRINGS 1.3 WNW, FL US","29.005867","-82.493776","33.8","2021-07-10","0.00"
"US1FLCT0037","CITRUS SPRINGS 1.3 WNW, FL US","29.005867","-82.493776","33.8","2021-07-11","0.83"
"US1FLCT0037","CITRUS SPRINGS 1.3 WNW, FL US","29.005867","-82.493776","33.8","2021-07-12","1.39"
"US1FLCT0037","CITRUS SPRINGS 1.3 WNW, FL US","29.005867","-82.493776","33.8","2021-07-13","0.03"
"US1FLCT0037","CITRUS SPRINGS 1.3 WNW, FL US","29.005867","-82.493776","33.8","2021-07-14","0.00"
"US1FLCT0037","CITRUS SPRINGS 1.3 WNW, FL US","29.005867","-82.493776","33.8","2021-07-15","0.00"
"US1FLCT0037","CITRUS SPRINGS 1.3 WNW, FL US","29.005867","-82.493776","33.8","2021-07-16","0.00"
"US1FLCT0037","CITRUS SPRINGS 1.3 WNW, FL US","29.005867","-82.493776","33.8","2021-07-17","0.00"
"US1FLCT0037","CITRUS SPRINGS 1.3 WNW, FL US","29.005867","-82.493776","33.8","2021-07-18","0.00"
"US1FLCT0037","CITRUS SPRINGS 1.3 WNW, FL US","29.005867","-82.493776","33.8","2021-07-19","0.00"
"US1FLCT0037","CITRUS SPRINGS 1.3 WNW, FL US","29.005867","-82.493776","33.8","2021-07-20","0.02"
"US1FLCT0037","CITRUS SPRINGS 1.3 WNW, FL US","29.005867","-82.493776","33.8","2021-07-21","0.00"
"US1FLVL0051","DE BARY 1.7 NE, FL US","28.9021","-81.2945","25.9","2021-07-04","0.04"
"US1FLVL0051","DE BARY 1.7 NE, FL US","28.9021","-81.2945","25.9","2021-07-05","0.01"
"US1FLVL0051","DE BARY 1.7 NE, FL US","28.9021","-81.2945","25.9","2021-07-06","0.66"
"US1FLVL0051","DE BARY 1.7 NE, FL US","28.9021","-81.2945","25.9","2021-07-07","0.52"
"US1FLVL0051","DE BARY 1.7 NE, FL US","28.9021","-81.2945","25.9","2021-07-08","0.28"
"US1FLVL0051","DE BARY 1.7 NE, FL US","28.9021","-81.2945","25.9","2021-07-09","0.51"
"US1FLVL0051","DE BARY 1.7 NE, FL US","28.9021","-81.2945","25.9","2021-07-10","0.07"
"US1FLVL0051","DE BARY 1.7 NE, FL US","28.9021","-81.2945","25.9","2021-07-11","0.00"
"US1FLVL0051","DE BARY 1.7 NE, FL US","28.9021","-81.2945","25.9","2021-07-12","0.00"
"US1FLVL0051","DE BARY 1.7 NE, FL US","28.9021","-81.2945","25.9","2021-07-13","0.03"
"US1FLVL0051","DE BARY 1.7 NE, FL US","28.9021","-81.2945","25.9","2021-07-14","0.00"
"US1FLVL0051","DE BARY 1.7 NE, FL US","28.9021","-81.2945","25.9","2021-07-15","0.35"
"US1FLVL0051","DE BARY 1.7 NE, FL US","28.9021","-81.2945","25.9","2021-07-16","0.00"
"US1FLVL0051","DE BARY 1.7 NE, FL US","28.9021","-81.2945","25.9","2021-07-17","0.00"
"US1FLVL0051","DE BARY 1.7 NE, FL US","28.9021","-81.2945","25.9","2021-07-18","0.47"
"US1FLVL0051","DE BARY 1.7 NE, FL US","28.9021","-81.2945","25.9","2021-07-19","0.05"
"US1FLVL0051","DE BARY 1.7 NE, FL US","28.9021","-81.2945","25.9","2021-07-20","0.03"
"US1FLVL0051","DE BARY 1.7 NE, FL US","28.9021","-81.2945","25.9","2021-07-21","0.53"
"US1FLCT0036","INVERNESS 4.3 ESE, FL US","28.81749","-82.27695","14.3","2021-07-04","0.77"
"US1FLCT0036","INVERNESS 4.3 ESE, FL US","28.81749","-82.27695","14.3","2021-07-05","1.57"
"US1FLCT0036","INVERNESS 4.3 ESE, FL US","28.81749","-82.27695","14.3","2021-07-06","0.10"
"US1FLCT0036","INVERNESS 4.3 ESE, FL US","28.81749","-82.27695","14.3","2021-07-07","2.53"
"US1FLCT0036","INVERNESS 4.3 ESE, FL US","28.81749","-82.27695","14.3","2021-07-08","0.27"
"US1FLCT0036","INVERNESS 4.3 ESE, FL US","28.81749","-82.27695","14.3","2021-07-09","0.80"
"US1FLCT0036","INVERNESS 4.3 ESE, FL US","28.81749","-82.27695","14.3","2021-07-10","0.00"
"US1FLCT0036","INVERNESS 4.3 ESE, FL US","28.81749","-82.27695","14.3","2021-07-11","0.10"
"US1FLCT0036","INVERNESS 4.3 ESE, FL US","28.81749","-82.27695","14.3","2021-07-12","0.36"
"US1FLCT0036","INVERNESS 4.3 ESE, FL US","28.81749","-82.27695","14.3","2021-07-13","0.00"
"US1FLCT0036","INVERNESS 4.3 ESE, FL US","28.81749","-82.27695","14.3","2021-07-14","0.00"
"US1FLCT0036","INVERNESS 4.3 ESE, FL US","28.81749","-82.27695","14.3","2021-07-15","0.00"
"US1FLCT0036","INVERNESS 4.3 ESE, FL US","28.81749","-82.27695","14.3","2021-07-16","0.00"
"US1FLCT0036","INVERNESS 4.3 ESE, FL US","28.81749","-82.27695","14.3","2021-07-17","0.00"
"US1FLCT0036","INVERNESS 4.3 ESE, FL US","28.81749","-82.27695","14.3","2021-07-18","0.00"
"US1FLCT0036","INVERNESS 4.3 ESE, FL US","28.81749","-82.27695","14.3","2021-07-19","0.42"
"US1FLCT0036","INVERNESS 4.3 ESE, FL US","28.81749","-82.27695","14.3","2021-07-20","1.00"
"US1FLCT0036","INVERNESS 4.3 ESE, FL US","28.81749","-82.27695","14.3","2021-07-21","0.14"
"US1FLCT0035","INVERNESS 4.7 WNW, FL US","28.871665","-82.4114","23.2","2021-07-04","1.89"
"US1FLCT0035","INVERNESS 4.7 WNW, FL US","28.871665","-82.4114","23.2","2021-07-05","0.56"
"US1FLCT0035","INVERNESS 4.7 WNW, FL US","28.871665","-82.4114","23.2","2021-07-06","0.09"
"US1FLCT0035","INVERNESS 4.7 WNW, FL US","28.871665","-82.4114","23.2","2021-07-07","1.56"
"US1FLCT0035","INVERNESS 4.7 WNW, FL US","28.871665","-82.4114","23.2","2021-07-08","1.68"
"US1FLCT0035","INVERNESS 4.7 WNW, FL US","28.871665","-82.4114","23.2","2021-07-09","0.50"
"US1FLCT0035","INVERNESS 4.7 WNW, FL US","28.871665","-82.4114","23.2","2021-07-10","0.02"
"US1FLCT0035","INVERNESS 4.7 WNW, FL US","28.871665","-82.4114","23.2","2021-07-11","1.01"
"US1FLCT0035","INVERNESS 4.7 WNW, FL US","28.871665","-82.4114","23.2","2021-07-12","1.03"
"US1FLCT0035","INVERNESS 4.7 WNW, FL US","28.871665","-82.4114","23.2","2021-07-13","0.17"
"US1FLCT0035","INVERNESS 4.7 WNW, FL US","28.871665","-82.4114","23.2","2021-07-14","0.02"
"US1FLCT0035","INVERNESS 4.7 WNW, FL US","28.871665","-82.4114","23.2","2021-07-15","0.04"
"US1FLCT0035","INVERNESS 4.7 WNW, FL US","28.871665","-82.4114","23.2","2021-07-16","0.00"
"US1FLCT0035","INVERNESS 4.7 WNW, FL US","28.871665","-82.4114","23.2","2021-07-17","0.00"
"US1FLCT0035","INVERNESS 4.7 WNW, FL US","28.871665","-82.4114","23.2","2021-07-18","0.00"
"US1FLCT0035","INVERNESS 4.7 WNW, FL US","28.871665","-82.4114","23.2","2021-07-19","1.12"
"US1FLCT0035","INVERNESS 4.7 WNW, FL US","28.871665","-82.4114","23.2","2021-07-20","0.04"
"US1FLCT0035","INVERNESS 4.7 WNW, FL US","28.871665","-82.4114","23.2","2021-07-21","0.00"
"US1FLCT0034","BEVERLY HILLS 1.9 NE, FL US","28.93175","-82.44159","35.4","2021-07-04","1.15"
"US1FLCT0034","BEVERLY HILLS 1.9 NE, FL US","28.93175","-82.44159","35.4","2021-07-05","1.10"
"US1FLCT0034","BEVERLY HILLS 1.9 NE, FL US","28.93175","-82.44159","35.4","2021-07-06","0.90"
"US1FLCT0034","BEVERLY HILLS 1.9 NE, FL US","28.93175","-82.44159","35.4","2021-07-07","0.85"
"US1FLCT0034","BEVERLY HILLS 1.9 NE, FL US","28.93175","-82.44159","35.4","2021-07-08","1.80"
"US1FLCT0034","BEVERLY HILLS 1.9 NE, FL US","28.93175","-82.44159","35.4","2021-07-09","0.95"
"US1FLCT0034","BEVERLY HILLS 1.9 NE, FL US","28.93175","-82.44159","35.4","2021-07-10","0.00"
"US1FLCT0034","BEVERLY HILLS 1.9 NE, FL US","28.93175","-82.44159","35.4","2021-07-11","1.80"
"US1FLCT0034","BEVERLY HILLS 1.9 NE, FL US","28.93175","-82.44159","35.4","2021-07-12","1.25"
"US1FLCT0034","BEVERLY HILLS 1.9 NE, FL US","28.93175","-82.44159","35.4","2021-07-13","0.00"
"US1FLCT0034","BEVERLY HILLS 1.9 NE, FL US","28.93175","-82.44159","35.4","2021-07-14","0.01"
"US1FLCT0034","BEVERLY HILLS 1.9 NE, FL US","28.93175","-82.44159","35.4","2021-07-15","0.00"
"US1FLCT0034","BEVERLY HILLS 1.9 NE, FL US","28.93175","-82.44159","35.4","2021-07-16","0.00"
"US1FLCT0034","BEVERLY HILLS 1.9 NE, FL US","28.93175","-82.44159","35.4","2021-07-17","0.00"
"US1FLCT0034","BEVERLY HILLS 1.9 NE, FL US","28.93175","-82.44159","35.4","2021-07-18","0.00"
"US1FLCT0034","BEVERLY HILLS 1.9 NE, FL US","28.93175","-82.44159","35.4","2021-07-19","0.00"
"US1FLCT0034","BEVERLY HILLS 1.9 NE, FL US","28.93175","-82.44159","35.4","2021-07-20","0.15"
"US1FLCT0034","BEVERLY HILLS 1.9 NE, FL US","28.93175","-82.44159","35.4","2021-07-21","0.00"
"US1FLCT0031","INVERNESS 4.4 NW, FL US","28.88158","-82.39709","32.9","2021-07-04","1.39"
"US1FLCT0031","INVERNESS 4.4 NW, FL US","28.88158","-82.39709","32.9","2021-07-05","0.65"
"US1FLCT0031","INVERNESS 4.4 NW, FL US","28.88158","-82.39709","32.9","2021-07-06","0.13"
"US1FLCT0031","INVERNESS 4.4 NW, FL US","28.88158","-82.39709","32.9","2021-07-07","1.54"
"US1FLCT0031","INVERNESS 4.4 NW, FL US","28.88158","-82.39709","32.9","2021-07-08","1.70"
"US1FLCT0031","INVERNESS 4.4 NW, FL US","28.88158","-82.39709","32.9","2021-07-09","0.51"
"US1FLCT0031","INVERNESS 4.4 NW, FL US","28.88158","-82.39709","32.9","2021-07-10","0.01"
"US1FLCT0031","INVERNESS 4.4 NW, FL US","28.88158","-82.39709","32.9","2021-07-11","0.77"
"US1FLCT0031","INVERNESS 4.4 NW, FL US","28.88158","-82.39709","32.9","2021-07-12","0.05"
"US1FLCT0031","INVERNESS 4.4 NW, FL US","28.88158","-82.39709","32.9","2021-07-13","0.38"
"US1FLCT0031","INVERNESS 4.4 NW, FL US","28.88158","-82.39709","32.9","2021-07-14","0.03"
"US1FLCT0031","INVERNESS 4.4 NW, FL US","28.88158","-82.39709","32.9","2021-07-16","0.00"
"US1FLCT0031","INVERNESS 4.4 NW, FL US","28.88158","-82.39709","32.9","2021-07-17","0.00"
"US1FLCT0031","INVERNESS 4.4 NW, FL US","28.88158","-82.39709","32.9","2021-07-18","0.00"
"US1FLCT0031","INVERNESS 4.4 NW, FL US","28.88158","-82.39709","32.9","2021-07-19","1.13"
"US1FLCT0031","INVERNESS 4.4 NW, FL US","28.88158","-82.39709","32.9","2021-07-20","0.18"
"US1FLCT0031","INVERNESS 4.4 NW, FL US","28.88158","-82.39709","32.9","2021-07-21","0.00"
"US1FLCT0030","HERNANDO 4.4 WSW, FL US","28.874131","-82.441128","50.6","2021-07-04","1.24"
"US1FLCT0030","HERNANDO 4.4 WSW, FL US","28.874131","-82.441128","50.6","2021-07-05","1.30"
"US1FLCT0030","HERNANDO 4.4 WSW, FL US","28.874131","-82.441128","50.6","2021-07-06","0.12"
"US1FLCT0030","HERNANDO 4.4 WSW, FL US","28.874131","-82.441128","50.6","2021-07-07","1.68"
"US1FLCT0030","HERNANDO 4.4 WSW, FL US","28.874131","-82.441128","50.6","2021-07-08","1.59"
"US1FLCT0030","HERNANDO 4.4 WSW, FL US","28.874131","-82.441128","50.6","2021-07-09","0.67"
"US1FLCT0030","HERNANDO 4.4 WSW, FL US","28.874131","-82.441128","50.6","2021-07-10","0.00"
"US1FLCT0030","HERNANDO 4.4 WSW, FL US","28.874131","-82.441128","50.6","2021-07-11","0.10"
"US1FLCT0030","HERNANDO 4.4 WSW, FL US","28.874131","-82.441128","50.6","2021-07-12","0.45"
"US1FLCT0030","HERNANDO 4.4 WSW, FL US","28.874131","-82.441128","50.6","2021-07-13","0.03"
"US1FLCT0030","HERNANDO 4.4 WSW, FL US","28.874131","-82.441128","50.6","2021-07-14","0.00"
"US1FLCT0030","HERNANDO 4.4 WSW, FL US","28.874131","-82.441128","50.6","2021-07-15","0.00"
"US1FLCT0030","HERNANDO 4.4 WSW, FL US","28.874131","-82.441128","50.6","2021-07-16","0.00"
"US1FLCT0030","HERNANDO 4.4 WSW, FL US","28.874131","-82.441128","50.6","2021-07-17","0.00"
"US1FLCT0030","HERNANDO 4.4 WSW, FL US","28.874131","-82.441128","50.6","2021-07-18","0.00"
"US1FLCT0030","HERNANDO 4.4 WSW, FL US","28.874131","-82.441128","50.6","2021-07-19","0.07"
"US1FLCT0030","HERNANDO 4.4 WSW, FL US","28.874131","-82.441128","50.6","2021-07-20","0.02"
"US1FLCT0030","HERNANDO 4.4 WSW, FL US","28.874131","-82.441128","50.6","2021-07-21","0.00"
"US1FLLN0078","TALLAHASSEE 5.6 SE, FL US","30.39058","-84.22671","19.2","2021-07-04","0.00"
"US1FLLN0078","TALLAHASSEE 5.6 SE, FL US","30.39058","-84.22671","19.2","2021-07-05","0.67"
"US1FLLN0078","TALLAHASSEE 5.6 SE, FL US","30.39058","-84.22671","19.2","2021-07-06","0.97"
"US1FLLN0078","TALLAHASSEE 5.6 SE, FL US","30.39058","-84.22671","19.2","2021-07-07","0.28"
"US1FLLN0078","TALLAHASSEE 5.6 SE, FL US","30.39058","-84.22671","19.2","2021-07-08","0.23"
"US1FLLN0078","TALLAHASSEE 5.6 SE, FL US","30.39058","-84.22671","19.2","2021-07-09","0.63"
"US1FLLN0078","TALLAHASSEE 5.6 SE, FL US","30.39058","-84.22671","19.2","2021-07-10","0.14"
"US1FLLN0078","TALLAHASSEE 5.6 SE, FL US","30.39058","-84.22671","19.2","2021-07-11","0.00"
"US1FLLN0078","TALLAHASSEE 5.6 SE, FL US","30.39058","-84.22671","19.2","2021-07-12","0.00"
"US1FLLN0078","TALLAHASSEE 5.6 SE, FL US","30.39058","-84.22671","19.2","2021-07-13","0.13"
"US1FLLN0078","TALLAHASSEE 5.6 SE, FL US","30.39058","-84.22671","19.2","2021-07-14","0.53"
"US1FLLN0078","TALLAHASSEE 5.6 SE, FL US","30.39058","-84.22671","19.2","2021-07-15","0.00"
"US1FLLN0078","TALLAHASSEE 5.6 SE, FL US","30.39058","-84.22671","19.2","2021-07-16","0.00"
"US1FLLN0078","TALLAHASSEE 5.6 SE, FL US","30.39058","-84.22671","19.2","2021-07-17","0.00"
"US1FLLN0078","TALLAHASSEE 5.6 SE, FL US","30.39058","-84.22671","19.2","2021-07-18","0.00"
"US1FLLN0078","TALLAHASSEE 5.6 SE, FL US","30.39058","-84.22671","19.2","2021-07-19","0.95"
"US1FLLN0078","TALLAHASSEE 5.6 SE, FL US","30.39058","-84.22671","19.2","2021-07-20","0.32"
"US1FLLN0078","TALLAHASSEE 5.6 SE, FL US","30.39058","-84.22671","19.2","2021-07-21","0.00"
"US1FLLN0079","TALLAHASSEE 0.6 ENE, FL US","30.441156","-84.271997","46.0","2021-07-04","0.02"
"US1FLLN0079","TALLAHASSEE 0.6 ENE, FL US","30.441156","-84.271997","46.0","2021-07-05","0.33"
"US1FLLN0079","TALLAHASSEE 0.6 ENE, FL US","30.441156","-84.271997","46.0","2021-07-06","0.33"
"US1FLLN0079","TALLAHASSEE 0.6 ENE, FL US","30.441156","-84.271997","46.0","2021-07-07","0.07"
"US1FLLN0079","TALLAHASSEE 0.6 ENE, FL US","30.441156","-84.271997","46.0","2021-07-08","0.40"
"US1FLLN0079","TALLAHASSEE 0.6 ENE, FL US","30.441156","-84.271997","46.0","2021-07-09","0.33"
"US1FLLN0079","TALLAHASSEE 0.6 ENE, FL US","30.441156","-84.271997","46.0","2021-07-10","0.11"
"US1FLLN0079","TALLAHASSEE 0.6 ENE, FL US","30.441156","-84.271997","46.0","2021-07-11","0.00"
"US1FLLN0079","TALLAHASSEE 0.6 ENE, FL US","30.441156","-84.271997","46.0","2021-07-12","0.00"
"US1FLLN0079","TALLAHASSEE 0.6 ENE, FL US","30.441156","-84.271997","46.0","2021-07-13","0.05"
"US1FLLN0079","TALLAHASSEE 0.6 ENE, FL US","30.441156","-84.271997","46.0","2021-07-14","0.02"
"US1FLLN0079","TALLAHASSEE 0.6 ENE, FL US","30.441156","-84.271997","46.0","2021-07-15","0.00"
"US1FLLN0079","TALLAHASSEE 0.6 ENE, FL US","30.441156","-84.271997","46.0","2021-07-16","0.00"
"US1FLLN0079","TALLAHASSEE 0.6 ENE, FL US","30.441156","-84.271997","46.0","2021-07-20",
"US1FLLN0079","TALLAHASSEE 0.6 ENE, FL US","30.441156","-84.271997","46.0","2021-07-21","0.46"
"US1FLHB0114","RIVERVIEW 0.9 ENE, FL US","27.8735122680664","-82.3028869628906","7.0","2021-07-04","2.06"
"US1FLHB0114","RIVERVIEW 0.9 ENE, FL US","27.8735122680664","-82.3028869628906","7.0","2021-07-05","0.00"
"US1FLHB0114","RIVERVIEW 0.9 ENE, FL US","27.8735122680664","-82.3028869628906","7.0","2021-07-06","1.78"
"US1FLHB0114","RIVERVIEW 0.9 ENE, FL US","27.8735122680664","-82.3028869628906","7.0","2021-07-07","2.64"
"US1FLHB0114","RIVERVIEW 0.9 ENE, FL US","27.8735122680664","-82.3028869628906","7.0","2021-07-08","0.35"
"US1FLHB0114","RIVERVIEW 0.9 ENE, FL US","27.8735122680664","-82.3028869628906","7.0","2021-07-09","0.01"
"US1FLHB0114","RIVERVIEW 0.9 ENE, FL US","27.8735122680664","-82.3028869628906","7.0","2021-07-10","0.00"
"US1FLHB0114","RIVERVIEW 0.9 ENE, FL US","27.8735122680664","-82.3028869628906","7.0","2021-07-11","1.00"
"US1FLHB0114","RIVERVIEW 0.9 ENE, FL US","27.8735122680664","-82.3028869628906","7.0","2021-07-12","0.02"
"US1FLHB0114","RIVERVIEW 0.9 ENE, FL US","27.8735122680664","-82.3028869628906","7.0","2021-07-13","0.30"
"US1FLHB0114","RIVERVIEW 0.9 ENE, FL US","27.8735122680664","-82.3028869628906","7.0","2021-07-14","0.02"
"US1FLHB0114","RIVERVIEW 0.9 ENE, FL US","27.8735122680664","-82.3028869628906","7.0","2021-07-15","0.18"
"US1FLHB0114","RIVERVIEW 0.9 ENE, FL US","27.8735122680664","-82.3028869628906","7.0","2021-07-16","0.00"
"US1FLHB0114","RIVERVIEW 0.9 ENE, FL US","27.8735122680664","-82.3028869628906","7.0","2021-07-17","0.00"
"US1FLHB0114","RIVERVIEW 0.9 ENE, FL US","27.8735122680664","-82.3028869628906","7.0","2021-07-18","0.00"
"US1FLHB0114","RIVERVIEW 0.9 ENE, FL US","27.8735122680664","-82.3028869628906","7.0","2021-07-19","0.00"
"US1FLHB0114","RIVERVIEW 0.9 ENE, FL US","27.8735122680664","-82.3028869628906","7.0","2021-07-20","0.00"
"US1FLHB0114","RIVERVIEW 0.9 ENE, FL US","27.8735122680664","-82.3028869628906","7.0","2021-07-21","0.00"
"US1FLLN0074","TALLAHASSEE 5.6 ESE, FL US","30.42558","-84.19498","21.6","2021-07-04","0.00"
"US1FLLN0074","TALLAHASSEE 5.6 ESE, FL US","30.42558","-84.19498","21.6","2021-07-05","1.05"
"US1FLLN0074","TALLAHASSEE 5.6 ESE, FL US","30.42558","-84.19498","21.6","2021-07-06","1.34"
"US1FLLN0074","TALLAHASSEE 5.6 ESE, FL US","30.42558","-84.19498","21.6","2021-07-07","0.10"
"US1FLLN0074","TALLAHASSEE 5.6 ESE, FL US","30.42558","-84.19498","21.6","2021-07-08","0.96"
"US1FLLN0074","TALLAHASSEE 5.6 ESE, FL US","30.42558","-84.19498","21.6","2021-07-09","0.64"
"US1FLLN0074","TALLAHASSEE 5.6 ESE, FL US","30.42558","-84.19498","21.6","2021-07-10","0.13"
"US1FLLN0074","TALLAHASSEE 5.6 ESE, FL US","30.42558","-84.19498","21.6","2021-07-11","0.00"
"US1FLLN0074","TALLAHASSEE 5.6 ESE, FL US","30.42558","-84.19498","21.6","2021-07-12","0.00"
"US1FLLN0074","TALLAHASSEE 5.6 ESE, FL US","30.42558","-84.19498","21.6","2021-07-13","0.07"
"US1FLLN0074","TALLAHASSEE 5.6 ESE, FL US","30.42558","-84.19498","21.6","2021-07-14","0.00"
"US1FLLN0074","TALLAHASSEE 5.6 ESE, FL US","30.42558","-84.19498","21.6","2021-07-15","0.00"
"US1FLLN0074","TALLAHASSEE 5.6 ESE, FL US","30.42558","-84.19498","21.6","2021-07-16","0.00"
"US1FLLN0074","TALLAHASSEE 5.6 ESE, FL US","30.42558","-84.19498","21.6","2021-07-17","0.00"
"US1FLLN0074","TALLAHASSEE 5.6 ESE, FL US","30.42558","-84.19498","21.6","2021-07-18","0.28"
"US1FLLN0074","TALLAHASSEE 5.6 ESE, FL US","30.42558","-84.19498","21.6","2021-07-19","2.92"
"US1FLLN0074","TALLAHASSEE 5.6 ESE, FL US","30.42558","-84.19498","21.6","2021-07-20","0.33"
"US1FLLN0074","TALLAHASSEE 5.6 ESE, FL US","30.42558","-84.19498","21.6","2021-07-21","0.37"
"USC00083207","FORT PIERCE, FL US","27.4419","-80.3508","7.6","2021-07-04","0.20"
"USC00083207","FORT PIERCE, FL US","27.4419","-80.3508","7.6","2021-07-05","0.00"
"USC00083207","FORT PIERCE, FL US","27.4419","-80.3508","7.6","2021-07-06","0.26"
"USC00083207","FORT PIERCE, FL US","27.4419","-80.3508","7.6","2021-07-07","0.01"
"USC00083207","FORT PIERCE, FL US","27.4419","-80.3508","7.6","2021-07-08","0.55"
"USC00083207","FORT PIERCE, FL US","27.4419","-80.3508","7.6","2021-07-09","0.17"
"USC00083207","FORT PIERCE, FL US","27.4419","-80.3508","7.6","2021-07-10","0.20"
"USC00083207","FORT PIERCE, FL US","27.4419","-80.3508","7.6","2021-07-11","0.02"
"USC00083207","FORT PIERCE, FL US","27.4419","-80.3508","7.6","2021-07-12","0.00"
"USC00083207","FORT PIERCE, FL US","27.4419","-80.3508","7.6","2021-07-13","0.15"
"USC00083207","FORT PIERCE, FL US","27.4419","-80.3508","7.6","2021-07-14","0.15"
"USC00083207","FORT PIERCE, FL US","27.4419","-80.3508","7.6","2021-07-15","0.00"
"USC00083207","FORT PIERCE, FL US","27.4419","-80.3508","7.6","2021-07-16","0.00"
"USC00083207","FORT PIERCE, FL US","27.4419","-80.3508","7.6","2021-07-17","0.00"
"USC00083207","FORT PIERCE, FL US","27.4419","-80.3508","7.6","2021-07-18","0.08"
"USC00083207","FORT PIERCE, FL US","27.4419","-80.3508","7.6","2021-07-19","0.00"
"USC00083207","FORT PIERCE, FL US","27.4419","-80.3508","7.6","2021-07-20","0.00"
"USC00083207","FORT PIERCE, FL US","27.4419","-80.3508","7.6","2021-07-21","0.58"
"US1FLOK0041","SHALIMAR 1.2 NNW, FL US","30.460638","-86.589541","4.9","2021-07-04","2.50"
"US1FLOK0041","SHALIMAR 1.2 NNW, FL US","30.460638","-86.589541","4.9","2021-07-05","1.13"
"US1FLOK0041","SHALIMAR 1.2 NNW, FL US","30.460638","-86.589541","4.9","2021-07-06","0.60"
"US1FLOK0041","SHALIMAR 1.2 NNW, FL US","30.460638","-86.589541","4.9","2021-07-07","1.45"
"US1FLOK0041","SHALIMAR 1.2 NNW, FL US","30.460638","-86.589541","4.9","2021-07-08","0.05"
"US1FLOK0041","SHALIMAR 1.2 NNW, FL US","30.460638","-86.589541","4.9","2021-07-09","0.00"
"US1FLOK0041","SHALIMAR 1.2 NNW, FL US","30.460638","-86.589541","4.9","2021-07-10","0.00"
"US1FLOK0041","SHALIMAR 1.2 NNW, FL US","30.460638","-86.589541","4.9","2021-07-11","0.00"
"US1FLOK0041","SHALIMAR 1.2 NNW, FL US","30.460638","-86.589541","4.9","2021-07-12","0.70"
"US1FLOK0041","SHALIMAR 1.2 NNW, FL US","30.460638","-86.589541","4.9","2021-07-13","0.77"
"US1FLOK0041","SHALIMAR 1.2 NNW, FL US","30.460638","-86.589541","4.9","2021-07-14","0.00"
"US1FLOK0041","SHALIMAR 1.2 NNW, FL US","30.460638","-86.589541","4.9","2021-07-15","0.00"
"US1FLOK0041","SHALIMAR 1.2 NNW, FL US","30.460638","-86.589541","4.9","2021-07-16","0.00"
"US1FLOK0041","SHALIMAR 1.2 NNW, FL US","30.460638","-86.589541","4.9","2021-07-17","0.00"
"US1FLOK0041","SHALIMAR 1.2 NNW, FL US","30.460638","-86.589541","4.9","2021-07-18","0.00"
"US1FLOK0041","SHALIMAR 1.2 NNW, FL US","30.460638","-86.589541","4.9","2021-07-19","0.32"
"US1FLOK0041","SHALIMAR 1.2 NNW, FL US","30.460638","-86.589541","4.9","2021-07-20","0.10"
"US1FLOK0041","SHALIMAR 1.2 NNW, FL US","30.460638","-86.589541","4.9","2021-07-21","0.44"
"US1FLOK0042","VALPARAISO 1.4 N, FL US","30.513885","-86.499279","26.2","2021-07-04","1.01"
"US1FLOK0042","VALPARAISO 1.4 N, FL US","30.513885","-86.499279","26.2","2021-07-05","0.43"
"US1FLOK0042","VALPARAISO 1.4 N, FL US","30.513885","-86.499279","26.2","2021-07-06","0.34"
"US1FLOK0042","VALPARAISO 1.4 N, FL US","30.513885","-86.499279","26.2","2021-07-07","0.65"
"US1FLOK0042","VALPARAISO 1.4 N, FL US","30.513885","-86.499279","26.2","2021-07-08","0.02"
"US1FLOK0042","VALPARAISO 1.4 N, FL US","30.513885","-86.499279","26.2","2021-07-09","0.00"
"US1FLOK0042","VALPARAISO 1.4 N, FL US","30.513885","-86.499279","26.2","2021-07-10","0.13"
"US1FLOK0042","VALPARAISO 1.4 N, FL US","30.513885","-86.499279","26.2","2021-07-11","0.02"
"US1FLOK0042","VALPARAISO 1.4 N, FL US","30.513885","-86.499279","26.2","2021-07-12","1.20"
"US1FLOK0042","VALPARAISO 1.4 N, FL US","30.513885","-86.499279","26.2","2021-07-13","0.86"
"US1FLOK0042","VALPARAISO 1.4 N, FL US","30.513885","-86.499279","26.2","2021-07-14","0.00"
"US1FLOK0042","VALPARAISO 1.4 N, FL US","30.513885","-86.499279","26.2","2021-07-15","0.00"
"US1FLOK0042","VALPARAISO 1.4 N, FL US","30.513885","-86.499279","26.2","2021-07-16","0.00"
"US1FLOK0042","VALPARAISO 1.4 N, FL US","30.513885","-86.499279","26.2","2021-07-17","0.00"
"US1FLOK0042","VALPARAISO 1.4 N, FL US","30.513885","-86.499279","26.2","2021-07-18","0.00"
"US1FLOK0042","VALPARAISO 1.4 N, FL US","30.513885","-86.499279","26.2","2021-07-19","0.83"
"US1FLOK0042","VALPARAISO 1.4 N, FL US","30.513885","-86.499279","26.2","2021-07-20","0.31"
"US1FLOK0042","VALPARAISO 1.4 N, FL US","30.513885","-86.499279","26.2","2021-07-21","0.73"
"US1FLVL0059","NEW SMYRNA BEACH 3.4 WNW, FL US","29.0436","-80.974","8.5","2021-07-06","0.53"
"US1FLVL0059","NEW SMYRNA BEACH 3.4 WNW, FL US","29.0436","-80.974","8.5","2021-07-07","0.00"
"US1FLVL0059","NEW SMYRNA BEACH 3.4 WNW, FL US","29.0436","-80.974","8.5","2021-07-08","0.30"
"US1FLVL0059","NEW SMYRNA BEACH 3.4 WNW, FL US","29.0436","-80.974","8.5","2021-07-09","1.70"
"US1FLVL0059","NEW SMYRNA BEACH 3.4 WNW, FL US","29.0436","-80.974","8.5","2021-07-10","0.75"
"US1FLVL0059","NEW SMYRNA BEACH 3.4 WNW, FL US","29.0436","-80.974","8.5","2021-07-11","0.14"
"US1FLVL0059","NEW SMYRNA BEACH 3.4 WNW, FL US","29.0436","-80.974","8.5","2021-07-13","0.07"
"US1FLVL0059","NEW SMYRNA BEACH 3.4 WNW, FL US","29.0436","-80.974","8.5","2021-07-14","0.00"
"US1FLVL0059","NEW SMYRNA BEACH 3.4 WNW, FL US","29.0436","-80.974","8.5","2021-07-15","0.21"
"US1FLVL0059","NEW SMYRNA BEACH 3.4 WNW, FL US","29.0436","-80.974","8.5","2021-07-16","0.02"
"US1FLVL0059","NEW SMYRNA BEACH 3.4 WNW, FL US","29.0436","-80.974","8.5","2021-07-17","0.00"
"US1FLVL0059","NEW SMYRNA BEACH 3.4 WNW, FL US","29.0436","-80.974","8.5","2021-07-18","0.00"
"US1FLVL0059","NEW SMYRNA BEACH 3.4 WNW, FL US","29.0436","-80.974","8.5","2021-07-19","0.00"
"US1FLVL0059","NEW SMYRNA BEACH 3.4 WNW, FL US","29.0436","-80.974","8.5","2021-07-20","0.17"
"US1FLVL0059","NEW SMYRNA BEACH 3.4 WNW, FL US","29.0436","-80.974","8.5","2021-07-21","0.43"
"US1FLOK0043","FORT WALTON BEACH 1.7 ESE, FL US","30.416362","-86.591463","3.0","2021-07-05","0.00"
"US1FLOK0043","FORT WALTON BEACH 1.7 ESE, FL US","30.416362","-86.591463","3.0","2021-07-06","0.93"
"US1FLOK0043","FORT WALTON BEACH 1.7 ESE, FL US","30.416362","-86.591463","3.0","2021-07-07","1.14"
"US1FLOK0043","FORT WALTON BEACH 1.7 ESE, FL US","30.416362","-86.591463","3.0","2021-07-08","0.02"
"US1FLOK0043","FORT WALTON BEACH 1.7 ESE, FL US","30.416362","-86.591463","3.0","2021-07-09","0.00"
"US1FLOK0043","FORT WALTON BEACH 1.7 ESE, FL US","30.416362","-86.591463","3.0","2021-07-10","0.02"
"US1FLOK0043","FORT WALTON BEACH 1.7 ESE, FL US","30.416362","-86.591463","3.0","2021-07-11","0.03"
"US1FLOK0043","FORT WALTON BEACH 1.7 ESE, FL US","30.416362","-86.591463","3.0","2021-07-12","0.36"
"US1FLOK0043","FORT WALTON BEACH 1.7 ESE, FL US","30.416362","-86.591463","3.0","2021-07-13","1.78"
"US1FLOK0043","FORT WALTON BEACH 1.7 ESE, FL US","30.416362","-86.591463","3.0","2021-07-14","0.01"
"US1FLOK0043","FORT WALTON BEACH 1.7 ESE, FL US","30.416362","-86.591463","3.0","2021-07-15","0.00"
"US1FLOK0043","FORT WALTON BEACH 1.7 ESE, FL US","30.416362","-86.591463","3.0","2021-07-16","0.00"
"US1FLOK0043","FORT WALTON BEACH 1.7 ESE, FL US","30.416362","-86.591463","3.0","2021-07-17","0.00"
"US1FLOK0043","FORT WALTON BEACH 1.7 ESE, FL US","30.416362","-86.591463","3.0","2021-07-18","0.01"
"US1FLOK0043","FORT WALTON BEACH 1.7 ESE, FL US","30.416362","-86.591463","3.0","2021-07-19","0.18"
"US1FLOK0043","FORT WALTON BEACH 1.7 ESE, FL US","30.416362","-86.591463","3.0","2021-07-20","0.11"
"US1FLOK0043","FORT WALTON BEACH 1.7 ESE, FL US","30.416362","-86.591463","3.0","2021-07-21","0.29"
"US1FLCT0039","INVERNESS 4.8 NW, FL US","28.8794","-82.4076","27.4","2021-07-05","0.64"
"US1FLCT0039","INVERNESS 4.8 NW, FL US","28.8794","-82.4076","27.4","2021-07-06","0.10"
"US1FLCT0039","INVERNESS 4.8 NW, FL US","28.8794","-82.4076","27.4","2021-07-07","1.55"
"US1FLCT0039","INVERNESS 4.8 NW, FL US","28.8794","-82.4076","27.4","2021-07-08","1.58"
"US1FLCT0039","INVERNESS 4.8 NW, FL US","28.8794","-82.4076","27.4","2021-07-09","0.52"
"US1FLCT0039","INVERNESS 4.8 NW, FL US","28.8794","-82.4076","27.4","2021-07-10","0.01"
"US1FLCT0039","INVERNESS 4.8 NW, FL US","28.8794","-82.4076","27.4","2021-07-11","0.81"
"US1FLCT0039","INVERNESS 4.8 NW, FL US","28.8794","-82.4076","27.4","2021-07-12","1.18"
"US1FLCT0039","INVERNESS 4.8 NW, FL US","28.8794","-82.4076","27.4","2021-07-13","0.26"
"US1FLCT0039","INVERNESS 4.8 NW, FL US","28.8794","-82.4076","27.4","2021-07-14","0.02"
"US1FLCT0039","INVERNESS 4.8 NW, FL US","28.8794","-82.4076","27.4","2021-07-15","0.03"
"US1FLCT0039","INVERNESS 4.8 NW, FL US","28.8794","-82.4076","27.4","2021-07-16","0.00"
"US1FLCT0039","INVERNESS 4.8 NW, FL US","28.8794","-82.4076","27.4","2021-07-17","0.00"
"US1FLCT0039","INVERNESS 4.8 NW, FL US","28.8794","-82.4076","27.4","2021-07-18","0.00"
"US1FLCT0039","INVERNESS 4.8 NW, FL US","28.8794","-82.4076","27.4","2021-07-19","1.12"
"US1FLCT0039","INVERNESS 4.8 NW, FL US","28.8794","-82.4076","27.4","2021-07-20","0.03"
"US1FLCT0039","INVERNESS 4.8 NW, FL US","28.8794","-82.4076","27.4","2021-07-21","0.00"
"USW00073805","NORTHWEST FLORIDA BEACHES INTERNATIONAL AIRPORT, FL US","30.34869","-85.78835","17.1","2021-07-04","0.04"
"USW00073805","NORTHWEST FLORIDA BEACHES INTERNATIONAL AIRPORT, FL US","30.34869","-85.78835","17.1","2021-07-05","1.40"
"USW00073805","NORTHWEST FLORIDA BEACHES INTERNATIONAL AIRPORT, FL US","30.34869","-85.78835","17.1","2021-07-06","1.17"
"USW00073805","NORTHWEST FLORIDA BEACHES INTERNATIONAL AIRPORT, FL US","30.34869","-85.78835","17.1","2021-07-07","0.00"
"USW00073805","NORTHWEST FLORIDA BEACHES INTERNATIONAL AIRPORT, FL US","30.34869","-85.78835","17.1","2021-07-08","0.00"
"USW00073805","NORTHWEST FLORIDA BEACHES INTERNATIONAL AIRPORT, FL US","30.34869","-85.78835","17.1","2021-07-09","0.01"
"USW00073805","NORTHWEST FLORIDA BEACHES INTERNATIONAL AIRPORT, FL US","30.34869","-85.78835","17.1","2021-07-10","0.00"
"USW00073805","NORTHWEST FLORIDA BEACHES INTERNATIONAL AIRPORT, FL US","30.34869","-85.78835","17.1","2021-07-11","0.67"
"USW00073805","NORTHWEST FLORIDA BEACHES INTERNATIONAL AIRPORT, FL US","30.34869","-85.78835","17.1","2021-07-12","0.59"
"USW00073805","NORTHWEST FLORIDA BEACHES INTERNATIONAL AIRPORT, FL US","30.34869","-85.78835","17.1","2021-07-13","0.02"
"USW00073805","NORTHWEST FLORIDA BEACHES INTERNATIONAL AIRPORT, FL US","30.34869","-85.78835","17.1","2021-07-14","0.22"
"USW00073805","NORTHWEST FLORIDA BEACHES INTERNATIONAL AIRPORT, FL US","30.34869","-85.78835","17.1","2021-07-15","0.41"
"USW00073805","NORTHWEST FLORIDA BEACHES INTERNATIONAL AIRPORT, FL US","30.34869","-85.78835","17.1","2021-07-16","0.00"
"USW00073805","NORTHWEST FLORIDA BEACHES INTERNATIONAL AIRPORT, FL US","30.34869","-85.78835","17.1","2021-07-17","0.00"
"USW00073805","NORTHWEST FLORIDA BEACHES INTERNATIONAL AIRPORT, FL US","30.34869","-85.78835","17.1","2021-07-18","0.03"
"USW00073805","NORTHWEST FLORIDA BEACHES INTERNATIONAL AIRPORT, FL US","30.34869","-85.78835","17.1","2021-07-19","0.96"
"USW00073805","NORTHWEST FLORIDA BEACHES INTERNATIONAL AIRPORT, FL US","30.34869","-85.78835","17.1","2021-07-20","1.01"
"USW00073805","NORTHWEST FLORIDA BEACHES INTERNATIONAL AIRPORT, FL US","30.34869","-85.78835","17.1","2021-07-21","0.60"
"US1FLMA0037","THE MEADOWS 4.4 NE, FL US","27.411907","-82.426655","6.4","2021-07-04","0.82"
"US1FLMA0037","THE MEADOWS 4.4 NE, FL US","27.411907","-82.426655","6.4","2021-07-05","0.00"
"US1FLMA0037","THE MEADOWS 4.4 NE, FL US","27.411907","-82.426655","6.4","2021-07-06","0.42"
"US1FLMA0037","THE MEADOWS 4.4 NE, FL US","27.411907","-82.426655","6.4","2021-07-07","1.85"
"US1FLMA0037","THE MEADOWS 4.4 NE, FL US","27.411907","-82.426655","6.4","2021-07-09","0.01"
"US1FLMA0037","THE MEADOWS 4.4 NE, FL US","27.411907","-82.426655","6.4","2021-07-10","0.00"
"US1FLMA0037","THE MEADOWS 4.4 NE, FL US","27.411907","-82.426655","6.4","2021-07-11","0.55"
"US1FLMA0037","THE MEADOWS 4.4 NE, FL US","27.411907","-82.426655","6.4","2021-07-12","0.02"
"US1FLMA0037","THE MEADOWS 4.4 NE, FL US","27.411907","-82.426655","6.4","2021-07-13","0.00"
"US1FLMA0037","THE MEADOWS 4.4 NE, FL US","27.411907","-82.426655","6.4","2021-07-14","0.00"
"US1FLMA0037","THE MEADOWS 4.4 NE, FL US","27.411907","-82.426655","6.4","2021-07-15","0.05"
"US1FLMA0037","THE MEADOWS 4.4 NE, FL US","27.411907","-82.426655","6.4","2021-07-16","0.00"
"US1FLMA0037","THE MEADOWS 4.4 NE, FL US","27.411907","-82.426655","6.4","2021-07-17","0.58"
"US1FLMA0037","THE MEADOWS 4.4 NE, FL US","27.411907","-82.426655","6.4","2021-07-18","0.03"
"US1FLMA0037","THE MEADOWS 4.4 NE, FL US","27.411907","-82.426655","6.4","2021-07-19","0.00"
"US1FLMA0037","THE MEADOWS 4.4 NE, FL US","27.411907","-82.426655","6.4","2021-07-20","0.14"
"US1FLMA0037","THE MEADOWS 4.4 NE, FL US","27.411907","-82.426655","6.4","2021-07-21","0.00"
"US1FLSM0008","CHULUOTA 0.9 N, FL US","28.651958","-81.120867","18.0","2021-07-04","0.41"
"US1FLSM0008","CHULUOTA 0.9 N, FL US","28.651958","-81.120867","18.0","2021-07-05","0.21"
"US1FLSM0008","CHULUOTA 0.9 N, FL US","28.651958","-81.120867","18.0","2021-07-06","0.03"
"US1FLSM0008","CHULUOTA 0.9 N, FL US","28.651958","-81.120867","18.0","2021-07-07","0.94"
"US1FLSM0008","CHULUOTA 0.9 N, FL US","28.651958","-81.120867","18.0","2021-07-08","0.02"
"US1FLSM0008","CHULUOTA 0.9 N, FL US","28.651958","-81.120867","18.0","2021-07-09","0.34"
"US1FLSM0008","CHULUOTA 0.9 N, FL US","28.651958","-81.120867","18.0","2021-07-10","0.24"
"US1FLSM0008","CHULUOTA 0.9 N, FL US","28.651958","-81.120867","18.0","2021-07-11","0.04"
"US1FLSM0008","CHULUOTA 0.9 N, FL US","28.651958","-81.120867","18.0","2021-07-12","0.07"
"US1FLSM0008","CHULUOTA 0.9 N, FL US","28.651958","-81.120867","18.0","2021-07-16",
"US1FLSM0008","CHULUOTA 0.9 N, FL US","28.651958","-81.120867","18.0","2021-07-17","0.00"
"US1FLSM0008","CHULUOTA 0.9 N, FL US","28.651958","-81.120867","18.0","2021-07-18","0.00"
"US1FLSM0008","CHULUOTA 0.9 N, FL US","28.651958","-81.120867","18.0","2021-07-19","0.00"
"US1FLSM0008","CHULUOTA 0.9 N, FL US","28.651958","-81.120867","18.0","2021-07-20","0.06"
"US1FLSM0008","CHULUOTA 0.9 N, FL US","28.651958","-81.120867","18.0","2021-07-21","1.36"
"US1FLCB0010","WHITE SPRINGS 1.0 SSE, FL US","30.3178","-82.7543","30.5","2021-07-04","0.08"
"US1FLCB0010","WHITE SPRINGS 1.0 SSE, FL US","30.3178","-82.7543","30.5","2021-07-05","0.06"
"US1FLCB0010","WHITE SPRINGS 1.0 SSE, FL US","30.3178","-82.7543","30.5","2021-07-06","0.00"
"US1FLCB0010","WHITE SPRINGS 1.0 SSE, FL US","30.3178","-82.7543","30.5","2021-07-07","0.27"
"US1FLCB0010","WHITE SPRINGS 1.0 SSE, FL US","30.3178","-82.7543","30.5","2021-07-08","3.54"
"US1FLCB0010","WHITE SPRINGS 1.0 SSE, FL US","30.3178","-82.7543","30.5","2021-07-09","0.00"
"US1FLCB0010","WHITE SPRINGS 1.0 SSE, FL US","30.3178","-82.7543","30.5","2021-07-10","0.62"
"US1FLCB0010","WHITE SPRINGS 1.0 SSE, FL US","30.3178","-82.7543","30.5","2021-07-11","0.00"
"US1FLCB0010","WHITE SPRINGS 1.0 SSE, FL US","30.3178","-82.7543","30.5","2021-07-12","0.15"
"US1FLCB0010","WHITE SPRINGS 1.0 SSE, FL US","30.3178","-82.7543","30.5","2021-07-13","0.00"
"US1FLCB0010","WHITE SPRINGS 1.0 SSE, FL US","30.3178","-82.7543","30.5","2021-07-14","0.00"
"US1FLCB0010","WHITE SPRINGS 1.0 SSE, FL US","30.3178","-82.7543","30.5","2021-07-15","0.00"
"US1FLCB0010","WHITE SPRINGS 1.0 SSE, FL US","30.3178","-82.7543","30.5","2021-07-16","0.00"
"US1FLCB0010","WHITE SPRINGS 1.0 SSE, FL US","30.3178","-82.7543","30.5","2021-07-17","0.00"
"US1FLCB0010","WHITE SPRINGS 1.0 SSE, FL US","30.3178","-82.7543","30.5","2021-07-18","0.23"
"US1FLCB0010","WHITE SPRINGS 1.0 SSE, FL US","30.3178","-82.7543","30.5","2021-07-19","0.65"
"US1FLCB0010","WHITE SPRINGS 1.0 SSE, FL US","30.3178","-82.7543","30.5","2021-07-20","0.85"
"US1FLCB0010","WHITE SPRINGS 1.0 SSE, FL US","30.3178","-82.7543","30.5","2021-07-21","1.27"
"US1FLCB0012","LAKE CITY 7.9 SSW, FL US","30.0812","-82.671","25.3","2021-07-04","0.17"
"US1FLCB0012","LAKE CITY 7.9 SSW, FL US","30.0812","-82.671","25.3","2021-07-05","0.09"
"US1FLCB0012","LAKE CITY 7.9 SSW, FL US","30.0812","-82.671","25.3","2021-07-06","0.00"
"US1FLCB0012","LAKE CITY 7.9 SSW, FL US","30.0812","-82.671","25.3","2021-07-07","1.90"
"US1FLCB0012","LAKE CITY 7.9 SSW, FL US","30.0812","-82.671","25.3","2021-07-08","3.31"
"US1FLCB0012","LAKE CITY 7.9 SSW, FL US","30.0812","-82.671","25.3","2021-07-09","0.00"
"US1FLCB0012","LAKE CITY 7.9 SSW, FL US","30.0812","-82.671","25.3","2021-07-10","0.90"
"US1FLCB0012","LAKE CITY 7.9 SSW, FL US","30.0812","-82.671","25.3","2021-07-11","0.01"
"US1FLCB0012","LAKE CITY 7.9 SSW, FL US","30.0812","-82.671","25.3","2021-07-12","0.04"
"US1FLCB0012","LAKE CITY 7.9 SSW, FL US","30.0812","-82.671","25.3","2021-07-13","0.00"
"US1FLCB0012","LAKE CITY 7.9 SSW, FL US","30.0812","-82.671","25.3","2021-07-14","0.00"
"US1FLCB0012","LAKE CITY 7.9 SSW, FL US","30.0812","-82.671","25.3","2021-07-15","0.00"
"US1FLCB0012","LAKE CITY 7.9 SSW, FL US","30.0812","-82.671","25.3","2021-07-16","0.00"
"US1FLCB0012","LAKE CITY 7.9 SSW, FL US","30.0812","-82.671","25.3","2021-07-17","0.00"
"US1FLCB0012","LAKE CITY 7.9 SSW, FL US","30.0812","-82.671","25.3","2021-07-18","0.00"
"US1FLCB0012","LAKE CITY 7.9 SSW, FL US","30.0812","-82.671","25.3","2021-07-19","1.17"
"US1FLCB0012","LAKE CITY 7.9 SSW, FL US","30.0812","-82.671","25.3","2021-07-20","0.02"
"US1FLCB0012","LAKE CITY 7.9 SSW, FL US","30.0812","-82.671","25.3","2021-07-21","1.06"
"US1FLLN0047","TALLAHASSEE 5.2 E, FL US","30.442466","-84.194941","31.7","2021-07-04","0.00"
"US1FLLN0047","TALLAHASSEE 5.2 E, FL US","30.442466","-84.194941","31.7","2021-07-05","0.47"
"US1FLLN0047","TALLAHASSEE 5.2 E, FL US","30.442466","-84.194941","31.7","2021-07-06","1.16"
"US1FLLN0047","TALLAHASSEE 5.2 E, FL US","30.442466","-84.194941","31.7","2021-07-07","0.09"
"US1FLLN0047","TALLAHASSEE 5.2 E, FL US","30.442466","-84.194941","31.7","2021-07-08","0.72"
"US1FLLN0047","TALLAHASSEE 5.2 E, FL US","30.442466","-84.194941","31.7","2021-07-09","0.57"
"US1FLLN0047","TALLAHASSEE 5.2 E, FL US","30.442466","-84.194941","31.7","2021-07-10","0.09"
"US1FLLN0047","TALLAHASSEE 5.2 E, FL US","30.442466","-84.194941","31.7","2021-07-11","0.00"
"US1FLLN0047","TALLAHASSEE 5.2 E, FL US","30.442466","-84.194941","31.7","2021-07-12","0.00"
"US1FLLN0047","TALLAHASSEE 5.2 E, FL US","30.442466","-84.194941","31.7","2021-07-13","0.06"
"US1FLLN0047","TALLAHASSEE 5.2 E, FL US","30.442466","-84.194941","31.7","2021-07-14","0.00"
"US1FLLN0047","TALLAHASSEE 5.2 E, FL US","30.442466","-84.194941","31.7","2021-07-15","0.00"
"US1FLLN0047","TALLAHASSEE 5.2 E, FL US","30.442466","-84.194941","31.7","2021-07-16","0.11"
"US1FLLN0047","TALLAHASSEE 5.2 E, FL US","30.442466","-84.194941","31.7","2021-07-17","0.07"
"US1FLLN0047","TALLAHASSEE 5.2 E, FL US","30.442466","-84.194941","31.7","2021-07-18","0.21"
"US1FLLN0047","TALLAHASSEE 5.2 E, FL US","30.442466","-84.194941","31.7","2021-07-19","3.17"
"US1FLLN0047","TALLAHASSEE 5.2 E, FL US","30.442466","-84.194941","31.7","2021-07-20","0.13"
"US1FLLN0047","TALLAHASSEE 5.2 E, FL US","30.442466","-84.194941","31.7","2021-07-21","0.40"
"US1FLCB0014","WHITE SPRINGS 1.0 SSE, FL US","30.317465","-82.753975","29.9","2021-07-07","0.12"
"US1FLCB0014","WHITE SPRINGS 1.0 SSE, FL US","30.317465","-82.753975","29.9","2021-07-18","0.25"
"US1FLCB0014","WHITE SPRINGS 1.0 SSE, FL US","30.317465","-82.753975","29.9","2021-07-19","0.68"
"US1FLCB0014","WHITE SPRINGS 1.0 SSE, FL US","30.317465","-82.753975","29.9","2021-07-20","0.58"
"US1FLCB0014","WHITE SPRINGS 1.0 SSE, FL US","30.317465","-82.753975","29.9","2021-07-21","1.00"
"US1FLLN0043","TALLAHASSEE 4.2 N, FL US","30.517503","-84.283956","34.7","2021-07-05","0.09"
"US1FLLN0043","TALLAHASSEE 4.2 N, FL US","30.517503","-84.283956","34.7","2021-07-06","0.34"
"US1FLLN0043","TALLAHASSEE 4.2 N, FL US","30.517503","-84.283956","34.7","2021-07-07","0.22"
"US1FLLN0043","TALLAHASSEE 4.2 N, FL US","30.517503","-84.283956","34.7","2021-07-08","0.28"
"US1FLLN0043","TALLAHASSEE 4.2 N, FL US","30.517503","-84.283956","34.7","2021-07-09","0.35"
"US1FLLN0043","TALLAHASSEE 4.2 N, FL US","30.517503","-84.283956","34.7","2021-07-10","0.15"
"US1FLLN0043","TALLAHASSEE 4.2 N, FL US","30.517503","-84.283956","34.7","2021-07-11","0.08"
"US1FLLN0043","TALLAHASSEE 4.2 N, FL US","30.517503","-84.283956","34.7","2021-07-16","0.20"
"US1FLLN0043","TALLAHASSEE 4.2 N, FL US","30.517503","-84.283956","34.7","2021-07-18","0.28"
"US1FLLN0043","TALLAHASSEE 4.2 N, FL US","30.517503","-84.283956","34.7","2021-07-19","0.31"
"US1FLLN0043","TALLAHASSEE 4.2 N, FL US","30.517503","-84.283956","34.7","2021-07-20","0.41"
"US1FLLN0043","TALLAHASSEE 4.2 N, FL US","30.517503","-84.283956","34.7","2021-07-21","0.84"
"US1FLLN0041","TALLAHASSEE 10.8 N, FL US","30.611569","-84.256832","49.1","2021-07-06",
"US1FLLN0041","TALLAHASSEE 10.8 N, FL US","30.611569","-84.256832","49.1","2021-07-07","0.25"
"US1FLLN0041","TALLAHASSEE 10.8 N, FL US","30.611569","-84.256832","49.1","2021-07-09",
"US1FLLN0041","TALLAHASSEE 10.8 N, FL US","30.611569","-84.256832","49.1","2021-07-10","0.07"
"US1FLLN0041","TALLAHASSEE 10.8 N, FL US","30.611569","-84.256832","49.1","2021-07-11","0.01"
"US1FLLN0041","TALLAHASSEE 10.8 N, FL US","30.611569","-84.256832","49.1","2021-07-15",
"US1FLLN0041","TALLAHASSEE 10.8 N, FL US","30.611569","-84.256832","49.1","2021-07-19",
"US1FLLN0041","TALLAHASSEE 10.8 N, FL US","30.611569","-84.256832","49.1","2021-07-21",
"US1FLSM0004","SANFORD 0.4 ENE, FL US","28.790447","-81.270024","25.0","2021-07-04","0.09"
"US1FLSM0004","SANFORD 0.4 ENE, FL US","28.790447","-81.270024","25.0","2021-07-06","0.11"
"US1FLSM0004","SANFORD 0.4 ENE, FL US","28.790447","-81.270024","25.0","2021-07-07","0.72"
"US1FLSM0004","SANFORD 0.4 ENE, FL US","28.790447","-81.270024","25.0","2021-07-08","0.06"
"US1FLSM0004","SANFORD 0.4 ENE, FL US","28.790447","-81.270024","25.0","2021-07-09","0.65"
"US1FLSM0004","SANFORD 0.4 ENE, FL US","28.790447","-81.270024","25.0","2021-07-10","0.15"
"US1FLSM0004","SANFORD 0.4 ENE, FL US","28.790447","-81.270024","25.0","2021-07-11","0.05"
"US1FLSM0004","SANFORD 0.4 ENE, FL US","28.790447","-81.270024","25.0","2021-07-13","0.81"
"US1FLSM0004","SANFORD 0.4 ENE, FL US","28.790447","-81.270024","25.0","2021-07-20","0.47"
"US1FLSM0004","SANFORD 0.4 ENE, FL US","28.790447","-81.270024","25.0","2021-07-21","2.70"
"USC00085895","MOORE HAVEN LOCK 1, FL US","26.84","-81.0872","10.7","2021-07-09","0.20"
"USC00085895","MOORE HAVEN LOCK 1, FL US","26.84","-81.0872","10.7","2021-07-10","1.00"
"USC00085895","MOORE HAVEN LOCK 1, FL US","26.84","-81.0872","10.7","2021-07-11","0.00"
"USC00085895","MOORE HAVEN LOCK 1, FL US","26.84","-81.0872","10.7","2021-07-12","0.77"
"USC00085895","MOORE HAVEN LOCK 1, FL US","26.84","-81.0872","10.7","2021-07-13","0.22"
"USC00085895","MOORE HAVEN LOCK 1, FL US","26.84","-81.0872","10.7","2021-07-15","0.00"
"USC00085895","MOORE HAVEN LOCK 1, FL US","26.84","-81.0872","10.7","2021-07-16","0.00"
"USC00085895","MOORE HAVEN LOCK 1, FL US","26.84","-81.0872","10.7","2021-07-19","0.00"
"USC00085895","MOORE HAVEN LOCK 1, FL US","26.84","-81.0872","10.7","2021-07-20","0.00"
"USC00085895","MOORE HAVEN LOCK 1, FL US","26.84","-81.0872","10.7","2021-07-21","0.64"
"US1FLOK0015","NICEVILLE 4.5 SE, FL US","30.478358","-86.437174","9.1","2021-07-04","0.72"
"US1FLOK0015","NICEVILLE 4.5 SE, FL US","30.478358","-86.437174","9.1","2021-07-05","0.39"
"US1FLOK0015","NICEVILLE 4.5 SE, FL US","30.478358","-86.437174","9.1","2021-07-06","0.49"
"US1FLOK0015","NICEVILLE 4.5 SE, FL US","30.478358","-86.437174","9.1","2021-07-07","0.50"
"US1FLOK0015","NICEVILLE 4.5 SE, FL US","30.478358","-86.437174","9.1","2021-07-08","0.01"
"US1FLOK0015","NICEVILLE 4.5 SE, FL US","30.478358","-86.437174","9.1","2021-07-09","0.00"
"US1FLOK0015","NICEVILLE 4.5 SE, FL US","30.478358","-86.437174","9.1","2021-07-10","0.04"
"US1FLOK0015","NICEVILLE 4.5 SE, FL US","30.478358","-86.437174","9.1","2021-07-11","0.04"
"US1FLOK0015","NICEVILLE 4.5 SE, FL US","30.478358","-86.437174","9.1","2021-07-12","0.98"
"US1FLOK0015","NICEVILLE 4.5 SE, FL US","30.478358","-86.437174","9.1","2021-07-13","0.74"
"US1FLOK0015","NICEVILLE 4.5 SE, FL US","30.478358","-86.437174","9.1","2021-07-14","0.00"
"US1FLOK0015","NICEVILLE 4.5 SE, FL US","30.478358","-86.437174","9.1","2021-07-15","0.00"
"US1FLOK0015","NICEVILLE 4.5 SE, FL US","30.478358","-86.437174","9.1","2021-07-16","0.00"
"US1FLOK0015","NICEVILLE 4.5 SE, FL US","30.478358","-86.437174","9.1","2021-07-17","0.00"
"US1FLOK0015","NICEVILLE 4.5 SE, FL US","30.478358","-86.437174","9.1","2021-07-18","0.05"
"US1FLOK0015","NICEVILLE 4.5 SE, FL US","30.478358","-86.437174","9.1","2021-07-19","0.00"
"US1FLVL0024","DE LEON SPRINGS 1.3 NNW, FL US","29.1344356536865","-81.3626403808594","0.9","2021-07-04","0.02"
"US1FLVL0024","DE LEON SPRINGS 1.3 NNW, FL US","29.1344356536865","-81.3626403808594","0.9","2021-07-05","0.25"
"US1FLVL0024","DE LEON SPRINGS 1.3 NNW, FL US","29.1344356536865","-81.3626403808594","0.9","2021-07-06","0.00"
"US1FLVL0024","DE LEON SPRINGS 1.3 NNW, FL US","29.1344356536865","-81.3626403808594","0.9","2021-07-07","0.80"
"US1FLVL0024","DE LEON SPRINGS 1.3 NNW, FL US","29.1344356536865","-81.3626403808594","0.9","2021-07-08","0.80"
"US1FLVL0024","DE LEON SPRINGS 1.3 NNW, FL US","29.1344356536865","-81.3626403808594","0.9","2021-07-09","0.60"
"US1FLVL0024","DE LEON SPRINGS 1.3 NNW, FL US","29.1344356536865","-81.3626403808594","0.9","2021-07-10","0.02"
"US1FLVL0024","DE LEON SPRINGS 1.3 NNW, FL US","29.1344356536865","-81.3626403808594","0.9","2021-07-11","0.00"
"US1FLVL0024","DE LEON SPRINGS 1.3 NNW, FL US","29.1344356536865","-81.3626403808594","0.9","2021-07-12","0.00"
"US1FLVL0024","DE LEON SPRINGS 1.3 NNW, FL US","29.1344356536865","-81.3626403808594","0.9","2021-07-13","0.00"
"US1FLVL0024","DE LEON SPRINGS 1.3 NNW, FL US","29.1344356536865","-81.3626403808594","0.9","2021-07-14","0.00"
"US1FLVL0024","DE LEON SPRINGS 1.3 NNW, FL US","29.1344356536865","-81.3626403808594","0.9","2021-07-15","0.00"
"US1FLVL0024","DE LEON SPRINGS 1.3 NNW, FL US","29.1344356536865","-81.3626403808594","0.9","2021-07-16","0.00"
"US1FLVL0024","DE LEON SPRINGS 1.3 NNW, FL US","29.1344356536865","-81.3626403808594","0.9","2021-07-17","0.00"
"US1FLVL0024","DE LEON SPRINGS 1.3 NNW, FL US","29.1344356536865","-81.3626403808594","0.9","2021-07-18","3.75"
"US1FLVL0024","DE LEON SPRINGS 1.3 NNW, FL US","29.1344356536865","-81.3626403808594","0.9","2021-07-19","0.40"
"US1FLVL0024","DE LEON SPRINGS 1.3 NNW, FL US","29.1344356536865","-81.3626403808594","0.9","2021-07-20","0.80"
"US1FLVL0024","DE LEON SPRINGS 1.3 NNW, FL US","29.1344356536865","-81.3626403808594","0.9","2021-07-21","0.00"
"US1FLVL0029","NEW SMYRNA BEACH 2.3 N, FL US","29.0662","-80.915","1.5","2021-07-04","0.00"
"US1FLVL0029","NEW SMYRNA BEACH 2.3 N, FL US","29.0662","-80.915","1.5","2021-07-05","0.02"
"US1FLVL0029","NEW SMYRNA BEACH 2.3 N, FL US","29.0662","-80.915","1.5","2021-07-06","0.04"
"US1FLVL0029","NEW SMYRNA BEACH 2.3 N, FL US","29.0662","-80.915","1.5","2021-07-07","0.07"
"US1FLVL0029","NEW SMYRNA BEACH 2.3 N, FL US","29.0662","-80.915","1.5","2021-07-08","0.23"
"US1FLVL0029","NEW SMYRNA BEACH 2.3 N, FL US","29.0662","-80.915","1.5","2021-07-09","0.80"
"US1FLVL0029","NEW SMYRNA BEACH 2.3 N, FL US","29.0662","-80.915","1.5","2021-07-10","0.36"
"US1FLVL0029","NEW SMYRNA BEACH 2.3 N, FL US","29.0662","-80.915","1.5","2021-07-11","0.70"
"US1FLVL0029","NEW SMYRNA BEACH 2.3 N, FL US","29.0662","-80.915","1.5","2021-07-12","0.00"
"US1FLVL0029","NEW SMYRNA BEACH 2.3 N, FL US","29.0662","-80.915","1.5","2021-07-13","0.02"
"US1FLVL0029","NEW SMYRNA BEACH 2.3 N, FL US","29.0662","-80.915","1.5","2021-07-14","0.00"
"US1FLVL0029","NEW SMYRNA BEACH 2.3 N, FL US","29.0662","-80.915","1.5","2021-07-15","0.47"
"US1FLVL0029","NEW SMYRNA BEACH 2.3 N, FL US","29.0662","-80.915","1.5","2021-07-16","0.09"
"US1FLVL0029","NEW SMYRNA BEACH 2.3 N, FL US","29.0662","-80.915","1.5","2021-07-17","0.00"
"US1FLVL0029","NEW SMYRNA BEACH 2.3 N, FL US","29.0662","-80.915","1.5","2021-07-18","0.00"
"US1FLVL0029","NEW SMYRNA BEACH 2.3 N, FL US","29.0662","-80.915","1.5","2021-07-19","0.00"
"US1FLVL0029","NEW SMYRNA BEACH 2.3 N, FL US","29.0662","-80.915","1.5","2021-07-20","1.00"
"US1FLVL0029","NEW SMYRNA BEACH 2.3 N, FL US","29.0662","-80.915","1.5","2021-07-21","0.87"
"US1FLCT0008","CRYSTAL RIVER 4.7 ESE, FL US","28.870996","-82.527257","27.1","2021-07-04","1.90"
"US1FLCT0008","CRYSTAL RIVER 4.7 ESE, FL US","28.870996","-82.527257","27.1","2021-07-05","0.09"
"US1FLCT0008","CRYSTAL RIVER 4.7 ESE, FL US","28.870996","-82.527257","27.1","2021-07-06","0.06"
"US1FLCT0008","CRYSTAL RIVER 4.7 ESE, FL US","28.870996","-82.527257","27.1","2021-07-07","1.46"
"US1FLCT0008","CRYSTAL RIVER 4.7 ESE, FL US","28.870996","-82.527257","27.1","2021-07-08","3.68"
"US1FLCT0008","CRYSTAL RIVER 4.7 ESE, FL US","28.870996","-82.527257","27.1","2021-07-09","0.68"
"US1FLCT0008","CRYSTAL RIVER 4.7 ESE, FL US","28.870996","-82.527257","27.1","2021-07-10","0.00"
"US1FLCT0008","CRYSTAL RIVER 4.7 ESE, FL US","28.870996","-82.527257","27.1","2021-07-11","0.00"
"US1FLCT0008","CRYSTAL RIVER 4.7 ESE, FL US","28.870996","-82.527257","27.1","2021-07-12","0.18"
"US1FLCT0008","CRYSTAL RIVER 4.7 ESE, FL US","28.870996","-82.527257","27.1","2021-07-13","0.69"
"US1FLCT0008","CRYSTAL RIVER 4.7 ESE, FL US","28.870996","-82.527257","27.1","2021-07-14","0.59"
"US1FLCT0008","CRYSTAL RIVER 4.7 ESE, FL US","28.870996","-82.527257","27.1","2021-07-15","0.00"
"US1FLCT0008","CRYSTAL RIVER 4.7 ESE, FL US","28.870996","-82.527257","27.1","2021-07-16","0.00"
"US1FLCT0008","CRYSTAL RIVER 4.7 ESE, FL US","28.870996","-82.527257","27.1","2021-07-17","0.00"
"US1FLCT0008","CRYSTAL RIVER 4.7 ESE, FL US","28.870996","-82.527257","27.1","2021-07-18","0.00"
"US1FLCT0008","CRYSTAL RIVER 4.7 ESE, FL US","28.870996","-82.527257","27.1","2021-07-19","0.45"
"US1FLCT0008","CRYSTAL RIVER 4.7 ESE, FL US","28.870996","-82.527257","27.1","2021-07-20","0.08"
"US1FLCT0008","CRYSTAL RIVER 4.7 ESE, FL US","28.870996","-82.527257","27.1","2021-07-21","0.00"
"US1FLMA0034","SAMOSET 4.7 ESE, FL US","27.45468","-82.46942","7.9","2021-07-04","0.93"
"US1FLMA0034","SAMOSET 4.7 ESE, FL US","27.45468","-82.46942","7.9","2021-07-05","0.00"
"US1FLMA0034","SAMOSET 4.7 ESE, FL US","27.45468","-82.46942","7.9","2021-07-06","0.56"
"US1FLMA0034","SAMOSET 4.7 ESE, FL US","27.45468","-82.46942","7.9","2021-07-07","2.17"
"US1FLMA0034","SAMOSET 4.7 ESE, FL US","27.45468","-82.46942","7.9","2021-07-08","0.10"
"US1FLMA0034","SAMOSET 4.7 ESE, FL US","27.45468","-82.46942","7.9","2021-07-09","0.37"
"US1FLMA0034","SAMOSET 4.7 ESE, FL US","27.45468","-82.46942","7.9","2021-07-10","0.00"
"US1FLMA0034","SAMOSET 4.7 ESE, FL US","27.45468","-82.46942","7.9","2021-07-11","1.20"
"US1FLMA0034","SAMOSET 4.7 ESE, FL US","27.45468","-82.46942","7.9","2021-07-12","0.03"
"US1FLMA0034","SAMOSET 4.7 ESE, FL US","27.45468","-82.46942","7.9","2021-07-13","0.00"
"US1FLMA0034","SAMOSET 4.7 ESE, FL US","27.45468","-82.46942","7.9","2021-07-14","0.10"
"US1FLMA0034","SAMOSET 4.7 ESE, FL US","27.45468","-82.46942","7.9","2021-07-15","0.01"
"US1FLMA0034","SAMOSET 4.7 ESE, FL US","27.45468","-82.46942","7.9","2021-07-16","0.00"
"US1FLMA0034","SAMOSET 4.7 ESE, FL US","27.45468","-82.46942","7.9","2021-07-17","0.09"
"US1FLMA0034","SAMOSET 4.7 ESE, FL US","27.45468","-82.46942","7.9","2021-07-18","0.04"
"US1FLMA0034","SAMOSET 4.7 ESE, FL US","27.45468","-82.46942","7.9","2021-07-19","0.00"
"US1FLMA0034","SAMOSET 4.7 ESE, FL US","27.45468","-82.46942","7.9","2021-07-20","0.59"
"US1FLMA0034","SAMOSET 4.7 ESE, FL US","27.45468","-82.46942","7.9","2021-07-21","0.00"
"US1FLMA0033","THE MEADOWS 7.0 NNE, FL US","27.450213","-82.413666","12.8","2021-07-04","0.80"
"US1FLMA0033","THE MEADOWS 7.0 NNE, FL US","27.450213","-82.413666","12.8","2021-07-05","0.00"
"US1FLMA0033","THE MEADOWS 7.0 NNE, FL US","27.450213","-82.413666","12.8","2021-07-06","0.28"
"US1FLMA0033","THE MEADOWS 7.0 NNE, FL US","27.450213","-82.413666","12.8","2021-07-07","1.80"
"US1FLMA0033","THE MEADOWS 7.0 NNE, FL US","27.450213","-82.413666","12.8","2021-07-08","0.25"
"US1FLMA0033","THE MEADOWS 7.0 NNE, FL US","27.450213","-82.413666","12.8","2021-07-09","0.09"
"US1FLMA0033","THE MEADOWS 7.0 NNE, FL US","27.450213","-82.413666","12.8","2021-07-10","0.00"
"US1FLMA0033","THE MEADOWS 7.0 NNE, FL US","27.450213","-82.413666","12.8","2021-07-11","0.56"
"US1FLMA0033","THE MEADOWS 7.0 NNE, FL US","27.450213","-82.413666","12.8","2021-07-12","0.04"
"US1FLMA0033","THE MEADOWS 7.0 NNE, FL US","27.450213","-82.413666","12.8","2021-07-13","0.00"
"US1FLMA0033","THE MEADOWS 7.0 NNE, FL US","27.450213","-82.413666","12.8","2021-07-14","0.07"
"US1FLMA0033","THE MEADOWS 7.0 NNE, FL US","27.450213","-82.413666","12.8","2021-07-15","0.00"
"US1FLMA0033","THE MEADOWS 7.0 NNE, FL US","27.450213","-82.413666","12.8","2021-07-16","0.02"
"US1FLMA0033","THE MEADOWS 7.0 NNE, FL US","27.450213","-82.413666","12.8","2021-07-17","0.00"
"US1FLMA0033","THE MEADOWS 7.0 NNE, FL US","27.450213","-82.413666","12.8","2021-07-18","0.11"
"US1FLMA0033","THE MEADOWS 7.0 NNE, FL US","27.450213","-82.413666","12.8","2021-07-19","0.00"
"US1FLMA0033","THE MEADOWS 7.0 NNE, FL US","27.450213","-82.413666","12.8","2021-07-20","0.00"
"US1FLMA0033","THE MEADOWS 7.0 NNE, FL US","27.450213","-82.413666","12.8","2021-07-21","0.00"
"US1FLMA0032","THE MEADOWS 6.2 NE, FL US","27.427464","-82.400139","11.9","2021-07-04","1.27"
"US1FLMA0032","THE MEADOWS 6.2 NE, FL US","27.427464","-82.400139","11.9","2021-07-05","0.00"
"US1FLMA0032","THE MEADOWS 6.2 NE, FL US","27.427464","-82.400139","11.9","2021-07-06","0.00"
"US1FLMA0032","THE MEADOWS 6.2 NE, FL US","27.427464","-82.400139","11.9","2021-07-07","2.19"
"US1FLMA0032","THE MEADOWS 6.2 NE, FL US","27.427464","-82.400139","11.9","2021-07-08","0.00"
"US1FLMA0032","THE MEADOWS 6.2 NE, FL US","27.427464","-82.400139","11.9","2021-07-09","0.00"
"US1FLMA0032","THE MEADOWS 6.2 NE, FL US","27.427464","-82.400139","11.9","2021-07-10","0.00"
"US1FLMA0032","THE MEADOWS 6.2 NE, FL US","27.427464","-82.400139","11.9","2021-07-11","0.47"
"US1FLMA0032","THE MEADOWS 6.2 NE, FL US","27.427464","-82.400139","11.9","2021-07-12","0.00"
"US1FLMA0032","THE MEADOWS 6.2 NE, FL US","27.427464","-82.400139","11.9","2021-07-13","0.03"
"US1FLMA0032","THE MEADOWS 6.2 NE, FL US","27.427464","-82.400139","11.9","2021-07-14","0.00"
"US1FLMA0032","THE MEADOWS 6.2 NE, FL US","27.427464","-82.400139","11.9","2021-07-15","0.00"
"US1FLMA0032","THE MEADOWS 6.2 NE, FL US","27.427464","-82.400139","11.9","2021-07-16","0.00"
"US1FLMA0032","THE MEADOWS 6.2 NE, FL US","27.427464","-82.400139","11.9","2021-07-17","0.00"
"US1FLMA0032","THE MEADOWS 6.2 NE, FL US","27.427464","-82.400139","11.9","2021-07-18","0.00"
"US1FLMA0032","THE MEADOWS 6.2 NE, FL US","27.427464","-82.400139","11.9","2021-07-19","0.09"
"US1FLMA0032","THE MEADOWS 6.2 NE, FL US","27.427464","-82.400139","11.9","2021-07-20","0.00"
"US1FLMA0032","THE MEADOWS 6.2 NE, FL US","27.427464","-82.400139","11.9","2021-07-21","0.00"
"US1FLCT0015","INVERNESS 2.6 ENE, FL US","28.8582363128662","-82.3056335449219","12.5","2021-07-04","2.20"
"US1FLCT0015","INVERNESS 2.6 ENE, FL US","28.8582363128662","-82.3056335449219","12.5","2021-07-05","1.57"
"US1FLCT0015","INVERNESS 2.6 ENE, FL US","28.8582363128662","-82.3056335449219","12.5","2021-07-07","1.66"
"US1FLCT0015","INVERNESS 2.6 ENE, FL US","28.8582363128662","-82.3056335449219","12.5","2021-07-09","0.49"
"US1FLCT0015","INVERNESS 2.6 ENE, FL US","28.8582363128662","-82.3056335449219","12.5","2021-07-10","0.00"
"US1FLCT0015","INVERNESS 2.6 ENE, FL US","28.8582363128662","-82.3056335449219","12.5","2021-07-11","0.17"
"US1FLCT0015","INVERNESS 2.6 ENE, FL US","28.8582363128662","-82.3056335449219","12.5","2021-07-12","0.27"
"US1FLCT0015","INVERNESS 2.6 ENE, FL US","28.8582363128662","-82.3056335449219","12.5","2021-07-14","0.00"
"US1FLCT0015","INVERNESS 2.6 ENE, FL US","28.8582363128662","-82.3056335449219","12.5","2021-07-15","0.35"
"US1FLCT0015","INVERNESS 2.6 ENE, FL US","28.8582363128662","-82.3056335449219","12.5","2021-07-16","0.00"
"US1FLCT0015","INVERNESS 2.6 ENE, FL US","28.8582363128662","-82.3056335449219","12.5","2021-07-17","0.00"
"US1FLCT0015","INVERNESS 2.6 ENE, FL US","28.8582363128662","-82.3056335449219","12.5","2021-07-18","0.00"
"US1FLCT0015","INVERNESS 2.6 ENE, FL US","28.8582363128662","-82.3056335449219","12.5","2021-07-19","0.07"
"US1FLCT0015","INVERNESS 2.6 ENE, FL US","28.8582363128662","-82.3056335449219","12.5","2021-07-20","0.47"
"US1FLCT0015","INVERNESS 2.6 ENE, FL US","28.8582363128662","-82.3056335449219","12.5","2021-07-21","0.35"
"US1FLLN0051","TALLAHASSEE 5.1 NE, FL US","30.5076923370361","-84.2197799682617","49.1","2021-07-04","0.03"
"US1FLLN0051","TALLAHASSEE 5.1 NE, FL US","30.5076923370361","-84.2197799682617","49.1","2021-07-06",
"US1FLLN0051","TALLAHASSEE 5.1 NE, FL US","30.5076923370361","-84.2197799682617","49.1","2021-07-07","0.08"
"US1FLLN0051","TALLAHASSEE 5.1 NE, FL US","30.5076923370361","-84.2197799682617","49.1","2021-07-08","0.65"
"US1FLLN0051","TALLAHASSEE 5.1 NE, FL US","30.5076923370361","-84.2197799682617","49.1","2021-07-09","1.28"
"US1FLLN0051","TALLAHASSEE 5.1 NE, FL US","30.5076923370361","-84.2197799682617","49.1","2021-07-10","0.89"
"US1FLLN0051","TALLAHASSEE 5.1 NE, FL US","30.5076923370361","-84.2197799682617","49.1","2021-07-11","0.10"
"US1FLLN0051","TALLAHASSEE 5.1 NE, FL US","30.5076923370361","-84.2197799682617","49.1","2021-07-12","0.00"
"US1FLLN0051","TALLAHASSEE 5.1 NE, FL US","30.5076923370361","-84.2197799682617","49.1","2021-07-13","0.02"
"US1FLLN0051","TALLAHASSEE 5.1 NE, FL US","30.5076923370361","-84.2197799682617","49.1","2021-07-14","0.02"
"US1FLLN0051","TALLAHASSEE 5.1 NE, FL US","30.5076923370361","-84.2197799682617","49.1","2021-07-15","0.00"
"US1FLLN0051","TALLAHASSEE 5.1 NE, FL US","30.5076923370361","-84.2197799682617","49.1","2021-07-16","0.00"
"US1FLLN0051","TALLAHASSEE 5.1 NE, FL US","30.5076923370361","-84.2197799682617","49.1","2021-07-17","0.00"
"US1FLLN0051","TALLAHASSEE 5.1 NE, FL US","30.5076923370361","-84.2197799682617","49.1","2021-07-18","0.15"
"US1FLLN0051","TALLAHASSEE 5.1 NE, FL US","30.5076923370361","-84.2197799682617","49.1","2021-07-19","1.35"
"US1FLLN0051","TALLAHASSEE 5.1 NE, FL US","30.5076923370361","-84.2197799682617","49.1","2021-07-20","0.22"
"US1FLLN0051","TALLAHASSEE 5.1 NE, FL US","30.5076923370361","-84.2197799682617","49.1","2021-07-21","0.86"
"US1FLCT0011","HERNANDO 1.6 N, FL US","28.92978","-82.37039","23.2","2021-07-04","0.61"
"US1FLCT0011","HERNANDO 1.6 N, FL US","28.92978","-82.37039","23.2","2021-07-05","0.72"
"US1FLCT0011","HERNANDO 1.6 N, FL US","28.92978","-82.37039","23.2","2021-07-06","0.31"
"US1FLCT0011","HERNANDO 1.6 N, FL US","28.92978","-82.37039","23.2","2021-07-07","1.03"
"US1FLCT0011","HERNANDO 1.6 N, FL US","28.92978","-82.37039","23.2","2021-07-08","2.11"
"US1FLCT0011","HERNANDO 1.6 N, FL US","28.92978","-82.37039","23.2","2021-07-09","0.48"
"US1FLCT0011","HERNANDO 1.6 N, FL US","28.92978","-82.37039","23.2","2021-07-10","0.00"
"US1FLCT0011","HERNANDO 1.6 N, FL US","28.92978","-82.37039","23.2","2021-07-11","0.51"
"US1FLCT0011","HERNANDO 1.6 N, FL US","28.92978","-82.37039","23.2","2021-07-12","0.03"
"US1FLCT0011","HERNANDO 1.6 N, FL US","28.92978","-82.37039","23.2","2021-07-13","0.01"
"US1FLCT0011","HERNANDO 1.6 N, FL US","28.92978","-82.37039","23.2","2021-07-14","0.04"
"US1FLCT0011","HERNANDO 1.6 N, FL US","28.92978","-82.37039","23.2","2021-07-15","0.02"
"US1FLCT0011","HERNANDO 1.6 N, FL US","28.92978","-82.37039","23.2","2021-07-16","0.00"
"US1FLCT0011","HERNANDO 1.6 N, FL US","28.92978","-82.37039","23.2","2021-07-17","0.00"
"US1FLCT0011","HERNANDO 1.6 N, FL US","28.92978","-82.37039","23.2","2021-07-18","0.00"
"US1FLCT0011","HERNANDO 1.6 N, FL US","28.92978","-82.37039","23.2","2021-07-19","0.58"
"US1FLCT0011","HERNANDO 1.6 N, FL US","28.92978","-82.37039","23.2","2021-07-20","0.78"
"US1FLCT0011","HERNANDO 1.6 N, FL US","28.92978","-82.37039","23.2","2021-07-21","0.02"
"US1FLVL0030","EDGEWATER 1.4 N, FL US","28.987335","-80.908189","7.9","2021-07-04","0.07"
"US1FLVL0030","EDGEWATER 1.4 N, FL US","28.987335","-80.908189","7.9","2021-07-05","0.12"
"US1FLVL0030","EDGEWATER 1.4 N, FL US","28.987335","-80.908189","7.9","2021-07-06","0.14"
"US1FLVL0030","EDGEWATER 1.4 N, FL US","28.987335","-80.908189","7.9","2021-07-08","0.33"
"US1FLVL0030","EDGEWATER 1.4 N, FL US","28.987335","-80.908189","7.9","2021-07-09","2.68"
"US1FLVL0030","EDGEWATER 1.4 N, FL US","28.987335","-80.908189","7.9","2021-07-10","1.24"
"US1FLVL0030","EDGEWATER 1.4 N, FL US","28.987335","-80.908189","7.9","2021-07-13","0.55"
"US1FLVL0030","EDGEWATER 1.4 N, FL US","28.987335","-80.908189","7.9","2021-07-21","4.32"
"US1FLCB0025","LAKE CITY 2.8 ESE, FL US","30.1706400573904","-82.6036491227075","49.1","2021-07-04","0.23"
"US1FLCB0025","LAKE CITY 2.8 ESE, FL US","30.1706400573904","-82.6036491227075","49.1","2021-07-05","0.00"
"US1FLCB0025","LAKE CITY 2.8 ESE, FL US","30.1706400573904","-82.6036491227075","49.1","2021-07-06","0.02"
"US1FLCB0025","LAKE CITY 2.8 ESE, FL US","30.1706400573904","-82.6036491227075","49.1","2021-07-07","0.21"
"US1FLCB0025","LAKE CITY 2.8 ESE, FL US","30.1706400573904","-82.6036491227075","49.1","2021-07-08","3.55"
"US1FLCB0025","LAKE CITY 2.8 ESE, FL US","30.1706400573904","-82.6036491227075","49.1","2021-07-09","0.00"
"US1FLCB0025","LAKE CITY 2.8 ESE, FL US","30.1706400573904","-82.6036491227075","49.1","2021-07-10","0.23"
"US1FLCB0025","LAKE CITY 2.8 ESE, FL US","30.1706400573904","-82.6036491227075","49.1","2021-07-11","0.00"
"US1FLCB0025","LAKE CITY 2.8 ESE, FL US","30.1706400573904","-82.6036491227075","49.1","2021-07-12","0.00"
"US1FLCB0025","LAKE CITY 2.8 ESE, FL US","30.1706400573904","-82.6036491227075","49.1","2021-07-13","0.00"
"US1FLCB0025","LAKE CITY 2.8 ESE, FL US","30.1706400573904","-82.6036491227075","49.1","2021-07-14","0.02"
"US1FLCB0025","LAKE CITY 2.8 ESE, FL US","30.1706400573904","-82.6036491227075","49.1","2021-07-15","0.00"
"US1FLCB0025","LAKE CITY 2.8 ESE, FL US","30.1706400573904","-82.6036491227075","49.1","2021-07-16","0.00"
"US1FLCB0025","LAKE CITY 2.8 ESE, FL US","30.1706400573904","-82.6036491227075","49.1","2021-07-17","0.00"
"US1FLCB0025","LAKE CITY 2.8 ESE, FL US","30.1706400573904","-82.6036491227075","49.1","2021-07-18","0.20"
"US1FLCB0025","LAKE CITY 2.8 ESE, FL US","30.1706400573904","-82.6036491227075","49.1","2021-07-19","1.36"
"US1FLCB0025","LAKE CITY 2.8 ESE, FL US","30.1706400573904","-82.6036491227075","49.1","2021-07-20","0.05"
"US1FLCB0025","LAKE CITY 2.8 ESE, FL US","30.1706400573904","-82.6036491227075","49.1","2021-07-21","0.37"
"USC00085880","MONTICELLO 10 SW, FL US","30.4405","-83.9858","66.8","2021-07-04","0.00"
"USC00085880","MONTICELLO 10 SW, FL US","30.4405","-83.9858","66.8","2021-07-05","0.61"
"USC00085880","MONTICELLO 10 SW, FL US","30.4405","-83.9858","66.8","2021-07-06","0.15"
"USC00085880","MONTICELLO 10 SW, FL US","30.4405","-83.9858","66.8","2021-07-07","1.55"
"USC00085880","MONTICELLO 10 SW, FL US","30.4405","-83.9858","66.8","2021-07-08","1.09"
"USC00085880","MONTICELLO 10 SW, FL US","30.4405","-83.9858","66.8","2021-07-09","0.33"
"USC00085880","MONTICELLO 10 SW, FL US","30.4405","-83.9858","66.8","2021-07-10","0.54"
"USC00085880","MONTICELLO 10 SW, FL US","30.4405","-83.9858","66.8","2021-07-11","0.07"
"USC00085880","MONTICELLO 10 SW, FL US","30.4405","-83.9858","66.8","2021-07-12","0.00"
"USC00085880","MONTICELLO 10 SW, FL US","30.4405","-83.9858","66.8","2021-07-13","0.01"
"USC00085880","MONTICELLO 10 SW, FL US","30.4405","-83.9858","66.8","2021-07-14","0.08"
"USC00085880","MONTICELLO 10 SW, FL US","30.4405","-83.9858","66.8","2021-07-15","0.00"
"USC00085880","MONTICELLO 10 SW, FL US","30.4405","-83.9858","66.8","2021-07-16","0.00"
"USC00085880","MONTICELLO 10 SW, FL US","30.4405","-83.9858","66.8","2021-07-17","0.44"
"USC00085880","MONTICELLO 10 SW, FL US","30.4405","-83.9858","66.8","2021-07-18","0.00"
"USC00085880","MONTICELLO 10 SW, FL US","30.4405","-83.9858","66.8","2021-07-19","0.06"
"USC00085880","MONTICELLO 10 SW, FL US","30.4405","-83.9858","66.8","2021-07-20","0.09"
"USC00085880","MONTICELLO 10 SW, FL US","30.4405","-83.9858","66.8","2021-07-21","0.21"
"US1FLCB0024","FORT WHITE 3.8 SSW, FL US","29.8735","-82.7463","17.4","2021-07-04","0.18"
"US1FLCB0024","FORT WHITE 3.8 SSW, FL US","29.8735","-82.7463","17.4","2021-07-05","0.37"
"US1FLCB0024","FORT WHITE 3.8 SSW, FL US","29.8735","-82.7463","17.4","2021-07-06","0.12"
"US1FLCB0024","FORT WHITE 3.8 SSW, FL US","29.8735","-82.7463","17.4","2021-07-07","1.57"
"US1FLCB0024","FORT WHITE 3.8 SSW, FL US","29.8735","-82.7463","17.4","2021-07-08","2.63"
"US1FLCB0024","FORT WHITE 3.8 SSW, FL US","29.8735","-82.7463","17.4","2021-07-09","0.02"
"US1FLCB0024","FORT WHITE 3.8 SSW, FL US","29.8735","-82.7463","17.4","2021-07-10","0.15"
"US1FLCB0024","FORT WHITE 3.8 SSW, FL US","29.8735","-82.7463","17.4","2021-07-11","0.00"
"US1FLCB0024","FORT WHITE 3.8 SSW, FL US","29.8735","-82.7463","17.4","2021-07-12","0.07"
"US1FLCB0024","FORT WHITE 3.8 SSW, FL US","29.8735","-82.7463","17.4","2021-07-13","0.00"
"US1FLCB0024","FORT WHITE 3.8 SSW, FL US","29.8735","-82.7463","17.4","2021-07-14","0.00"
"US1FLCB0024","FORT WHITE 3.8 SSW, FL US","29.8735","-82.7463","17.4","2021-07-15","0.00"
"US1FLCB0024","FORT WHITE 3.8 SSW, FL US","29.8735","-82.7463","17.4","2021-07-16","0.00"
"US1FLCB0024","FORT WHITE 3.8 SSW, FL US","29.8735","-82.7463","17.4","2021-07-17","0.00"
"US1FLCB0024","FORT WHITE 3.8 SSW, FL US","29.8735","-82.7463","17.4","2021-07-18","0.00"
"US1FLCB0024","FORT WHITE 3.8 SSW, FL US","29.8735","-82.7463","17.4","2021-07-19","0.00"
"US1FLCB0024","FORT WHITE 3.8 SSW, FL US","29.8735","-82.7463","17.4","2021-07-20","0.06"
"US1FLCB0024","FORT WHITE 3.8 SSW, FL US","29.8735","-82.7463","17.4","2021-07-21","0.40"
"US1FLCB0026","FORT WHITE 2.4 E, FL US","29.916637","-82.6751257","20.7","2021-07-04","0.00"
"US1FLCB0026","FORT WHITE 2.4 E, FL US","29.916637","-82.6751257","20.7","2021-07-05","0.75"
"US1FLCB0026","FORT WHITE 2.4 E, FL US","29.916637","-82.6751257","20.7","2021-07-06","0.00"
"US1FLCB0026","FORT WHITE 2.4 E, FL US","29.916637","-82.6751257","20.7","2021-07-07","1.50"
"US1FLCB0026","FORT WHITE 2.4 E, FL US","29.916637","-82.6751257","20.7","2021-07-08","3.40"
"US1FLCB0026","FORT WHITE 2.4 E, FL US","29.916637","-82.6751257","20.7","2021-07-09","0.00"
"US1FLCB0026","FORT WHITE 2.4 E, FL US","29.916637","-82.6751257","20.7","2021-07-10","0.00"
"US1FLCB0026","FORT WHITE 2.4 E, FL US","29.916637","-82.6751257","20.7","2021-07-11","0.00"
"US1FLCB0026","FORT WHITE 2.4 E, FL US","29.916637","-82.6751257","20.7","2021-07-12","0.00"
"US1FLCB0026","FORT WHITE 2.4 E, FL US","29.916637","-82.6751257","20.7","2021-07-13","0.00"
"US1FLCB0026","FORT WHITE 2.4 E, FL US","29.916637","-82.6751257","20.7","2021-07-14","0.00"
"US1FLCB0026","FORT WHITE 2.4 E, FL US","29.916637","-82.6751257","20.7","2021-07-15","0.00"
"US1FLCB0026","FORT WHITE 2.4 E, FL US","29.916637","-82.6751257","20.7","2021-07-16","0.00"
"US1FLCB0026","FORT WHITE 2.4 E, FL US","29.916637","-82.6751257","20.7","2021-07-17","0.00"
"US1FLCB0026","FORT WHITE 2.4 E, FL US","29.916637","-82.6751257","20.7","2021-07-18","0.00"
"US1FLCB0026","FORT WHITE 2.4 E, FL US","29.916637","-82.6751257","20.7","2021-07-19","0.00"
"US1FLCB0026","FORT WHITE 2.4 E, FL US","29.916637","-82.6751257","20.7","2021-07-20","0.00"
"US1FLCB0026","FORT WHITE 2.4 E, FL US","29.916637","-82.6751257","20.7","2021-07-21","0.25"
"US1FLLN0055","TALLAHASSEE 5.5 ENE, FL US","30.4779","-84.19283","36.3","2021-07-04","0.00"
"US1FLLN0055","TALLAHASSEE 5.5 ENE, FL US","30.4779","-84.19283","36.3","2021-07-05","0.17"
"US1FLLN0055","TALLAHASSEE 5.5 ENE, FL US","30.4779","-84.19283","36.3","2021-07-06","0.83"
"US1FLLN0055","TALLAHASSEE 5.5 ENE, FL US","30.4779","-84.19283","36.3","2021-07-07","0.11"
"US1FLLN0055","TALLAHASSEE 5.5 ENE, FL US","30.4779","-84.19283","36.3","2021-07-08","0.54"
"US1FLLN0055","TALLAHASSEE 5.5 ENE, FL US","30.4779","-84.19283","36.3","2021-07-09","1.90"
"US1FLLN0055","TALLAHASSEE 5.5 ENE, FL US","30.4779","-84.19283","36.3","2021-07-10","0.33"
"US1FLLN0055","TALLAHASSEE 5.5 ENE, FL US","30.4779","-84.19283","36.3","2021-07-11","0.01"
"US1FLLN0055","TALLAHASSEE 5.5 ENE, FL US","30.4779","-84.19283","36.3","2021-07-12","0.00"
"US1FLLN0055","TALLAHASSEE 5.5 ENE, FL US","30.4779","-84.19283","36.3","2021-07-13","0.03"
"US1FLLN0055","TALLAHASSEE 5.5 ENE, FL US","30.4779","-84.19283","36.3","2021-07-14","0.00"
"US1FLLN0055","TALLAHASSEE 5.5 ENE, FL US","30.4779","-84.19283","36.3","2021-07-15","0.00"
"US1FLLN0055","TALLAHASSEE 5.5 ENE, FL US","30.4779","-84.19283","36.3","2021-07-16","0.02"
"US1FLLN0055","TALLAHASSEE 5.5 ENE, FL US","30.4779","-84.19283","36.3","2021-07-17","0.01"
"US1FLLN0055","TALLAHASSEE 5.5 ENE, FL US","30.4779","-84.19283","36.3","2021-07-18","0.10"
"US1FLLN0055","TALLAHASSEE 5.5 ENE, FL US","30.4779","-84.19283","36.3","2021-07-19","1.33"
"US1FLLN0055","TALLAHASSEE 5.5 ENE, FL US","30.4779","-84.19283","36.3","2021-07-20","0.14"
"US1FLLN0055","TALLAHASSEE 5.5 ENE, FL US","30.4779","-84.19283","36.3","2021-07-21","0.00"
"US1FLPK0084","BARTOW 1.9 NW, FL US","27.914667","-81.86809","41.5","2021-07-04","1.39"
"US1FLPK0084","BARTOW 1.9 NW, FL US","27.914667","-81.86809","41.5","2021-07-05","0.01"
"US1FLPK0084","BARTOW 1.9 NW, FL US","27.914667","-81.86809","41.5","2021-07-06","1.42"
"US1FLPK0084","BARTOW 1.9 NW, FL US","27.914667","-81.86809","41.5","2021-07-08","0.00"
"US1FLPK0084","BARTOW 1.9 NW, FL US","27.914667","-81.86809","41.5","2021-07-09","0.08"
"US1FLPK0084","BARTOW 1.9 NW, FL US","27.914667","-81.86809","41.5","2021-07-11","2.34"
"US1FLPK0084","BARTOW 1.9 NW, FL US","27.914667","-81.86809","41.5","2021-07-12","0.55"
"US1FLPK0084","BARTOW 1.9 NW, FL US","27.914667","-81.86809","41.5","2021-07-13","0.06"
"US1FLPK0084","BARTOW 1.9 NW, FL US","27.914667","-81.86809","41.5","2021-07-15","0.09"
"US1FLPK0084","BARTOW 1.9 NW, FL US","27.914667","-81.86809","41.5","2021-07-16","0.00"
"US1FLPK0084","BARTOW 1.9 NW, FL US","27.914667","-81.86809","41.5","2021-07-17","0.00"
"US1FLPK0084","BARTOW 1.9 NW, FL US","27.914667","-81.86809","41.5","2021-07-18","0.00"
"US1FLPK0084","BARTOW 1.9 NW, FL US","27.914667","-81.86809","41.5","2021-07-19","0.01"
"US1FLPK0084","BARTOW 1.9 NW, FL US","27.914667","-81.86809","41.5","2021-07-21",
"US1FLPK0083","CRYSTAL LAKE 2.1 S, FL US","28.005337","-81.905942","40.2","2021-07-04","1.23"
"US1FLPK0083","CRYSTAL LAKE 2.1 S, FL US","28.005337","-81.905942","40.2","2021-07-05","0.00"
"US1FLPK0083","CRYSTAL LAKE 2.1 S, FL US","28.005337","-81.905942","40.2","2021-07-06","2.15"
"US1FLPK0083","CRYSTAL LAKE 2.1 S, FL US","28.005337","-81.905942","40.2","2021-07-07","2.00"
"US1FLPK0083","CRYSTAL LAKE 2.1 S, FL US","28.005337","-81.905942","40.2","2021-07-08","0.83"
"US1FLPK0083","CRYSTAL LAKE 2.1 S, FL US","28.005337","-81.905942","40.2","2021-07-09","0.00"
"US1FLPK0083","CRYSTAL LAKE 2.1 S, FL US","28.005337","-81.905942","40.2","2021-07-10","0.00"
"US1FLPK0083","CRYSTAL LAKE 2.1 S, FL US","28.005337","-81.905942","40.2","2021-07-11","0.16"
"US1FLPK0083","CRYSTAL LAKE 2.1 S, FL US","28.005337","-81.905942","40.2","2021-07-12","0.15"
"US1FLPK0083","CRYSTAL LAKE 2.1 S, FL US","28.005337","-81.905942","40.2","2021-07-13","0.00"
"US1FLPK0083","CRYSTAL LAKE 2.1 S, FL US","28.005337","-81.905942","40.2","2021-07-14","0.29"
"US1FLPK0083","CRYSTAL LAKE 2.1 S, FL US","28.005337","-81.905942","40.2","2021-07-15","0.00"
"US1FLPK0083","CRYSTAL LAKE 2.1 S, FL US","28.005337","-81.905942","40.2","2021-07-16","0.00"
"US1FLPK0083","CRYSTAL LAKE 2.1 S, FL US","28.005337","-81.905942","40.2","2021-07-17","0.00"
"US1FLPK0083","CRYSTAL LAKE 2.1 S, FL US","28.005337","-81.905942","40.2","2021-07-18","0.00"
"US1FLPK0083","CRYSTAL LAKE 2.1 S, FL US","28.005337","-81.905942","40.2","2021-07-19","0.00"
"US1FLPK0083","CRYSTAL LAKE 2.1 S, FL US","28.005337","-81.905942","40.2","2021-07-20","0.97"
"US1FLPK0083","CRYSTAL LAKE 2.1 S, FL US","28.005337","-81.905942","40.2","2021-07-21","0.00"
"US1FLCB0019","LAKE CITY 8.7 S, FL US","30.068055","-82.62196","45.1","2021-07-04","0.05"
"US1FLCB0019","LAKE CITY 8.7 S, FL US","30.068055","-82.62196","45.1","2021-07-05","0.32"
"US1FLCB0019","LAKE CITY 8.7 S, FL US","30.068055","-82.62196","45.1","2021-07-06","0.00"
"US1FLCB0019","LAKE CITY 8.7 S, FL US","30.068055","-82.62196","45.1","2021-07-07","0.98"
"US1FLCB0019","LAKE CITY 8.7 S, FL US","30.068055","-82.62196","45.1","2021-07-08","4.88"
"US1FLCB0019","LAKE CITY 8.7 S, FL US","30.068055","-82.62196","45.1","2021-07-10",
"US1FLCB0019","LAKE CITY 8.7 S, FL US","30.068055","-82.62196","45.1","2021-07-11","0.00"
"US1FLCB0019","LAKE CITY 8.7 S, FL US","30.068055","-82.62196","45.1","2021-07-12","0.04"
"US1FLCB0019","LAKE CITY 8.7 S, FL US","30.068055","-82.62196","45.1","2021-07-13","0.00"
"US1FLCB0019","LAKE CITY 8.7 S, FL US","30.068055","-82.62196","45.1","2021-07-14","0.00"
"US1FLCB0019","LAKE CITY 8.7 S, FL US","30.068055","-82.62196","45.1","2021-07-15","0.00"
"US1FLCB0019","LAKE CITY 8.7 S, FL US","30.068055","-82.62196","45.1","2021-07-16","0.00"
"US1FLCB0019","LAKE CITY 8.7 S, FL US","30.068055","-82.62196","45.1","2021-07-17","0.00"
"US1FLCB0019","LAKE CITY 8.7 S, FL US","30.068055","-82.62196","45.1","2021-07-18","0.06"
"US1FLCB0019","LAKE CITY 8.7 S, FL US","30.068055","-82.62196","45.1","2021-07-19","1.85"
"US1FLCB0019","LAKE CITY 8.7 S, FL US","30.068055","-82.62196","45.1","2021-07-21",
"US1FLPK0081","AUBURNDALE 3.1 WSW, FL US","28.05147","-81.8443","38.4","2021-07-04","0.56"
"US1FLPK0081","AUBURNDALE 3.1 WSW, FL US","28.05147","-81.8443","38.4","2021-07-05","0.00"
"US1FLPK0081","AUBURNDALE 3.1 WSW, FL US","28.05147","-81.8443","38.4","2021-07-06","0.38"
"US1FLPK0081","AUBURNDALE 3.1 WSW, FL US","28.05147","-81.8443","38.4","2021-07-07","1.73"
"US1FLPK0081","AUBURNDALE 3.1 WSW, FL US","28.05147","-81.8443","38.4","2021-07-08","0.00"
"US1FLPK0081","AUBURNDALE 3.1 WSW, FL US","28.05147","-81.8443","38.4","2021-07-09","0.30"
"US1FLPK0081","AUBURNDALE 3.1 WSW, FL US","28.05147","-81.8443","38.4","2021-07-10","0.00"
"US1FLPK0081","AUBURNDALE 3.1 WSW, FL US","28.05147","-81.8443","38.4","2021-07-11","0.00"
"US1FLPK0081","AUBURNDALE 3.1 WSW, FL US","28.05147","-81.8443","38.4","2021-07-12","0.00"
"US1FLPK0081","AUBURNDALE 3.1 WSW, FL US","28.05147","-81.8443","38.4","2021-07-13","0.04"
"US1FLPK0081","AUBURNDALE 3.1 WSW, FL US","28.05147","-81.8443","38.4","2021-07-14","0.08"
"US1FLPK0081","AUBURNDALE 3.1 WSW, FL US","28.05147","-81.8443","38.4","2021-07-15","0.13"
"US1FLPK0081","AUBURNDALE 3.1 WSW, FL US","28.05147","-81.8443","38.4","2021-07-16","0.00"
"US1FLPK0081","AUBURNDALE 3.1 WSW, FL US","28.05147","-81.8443","38.4","2021-07-17","0.00"
"US1FLPK0081","AUBURNDALE 3.1 WSW, FL US","28.05147","-81.8443","38.4","2021-07-18","0.00"
"US1FLPK0081","AUBURNDALE 3.1 WSW, FL US","28.05147","-81.8443","38.4","2021-07-19","0.00"
"US1FLPK0081","AUBURNDALE 3.1 WSW, FL US","28.05147","-81.8443","38.4","2021-07-20","0.60"
"US1FLPK0081","AUBURNDALE 3.1 WSW, FL US","28.05147","-81.8443","38.4","2021-07-21","0.10"
"US1FLOK0029","MARY ESTHER 0.6 E, FL US","30.4109","-86.6475","4.9","2021-07-04","1.77"
"US1FLOK0029","MARY ESTHER 0.6 E, FL US","30.4109","-86.6475","4.9","2021-07-05","1.44"
"US1FLOK0029","MARY ESTHER 0.6 E, FL US","30.4109","-86.6475","4.9","2021-07-06","1.42"
"US1FLOK0029","MARY ESTHER 0.6 E, FL US","30.4109","-86.6475","4.9","2021-07-07","0.66"
"US1FLOK0029","MARY ESTHER 0.6 E, FL US","30.4109","-86.6475","4.9","2021-07-08","0.02"
"US1FLOK0029","MARY ESTHER 0.6 E, FL US","30.4109","-86.6475","4.9","2021-07-09","0.00"
"US1FLOK0029","MARY ESTHER 0.6 E, FL US","30.4109","-86.6475","4.9","2021-07-10","0.01"
"US1FLOK0029","MARY ESTHER 0.6 E, FL US","30.4109","-86.6475","4.9","2021-07-11","0.04"
"US1FLOK0029","MARY ESTHER 0.6 E, FL US","30.4109","-86.6475","4.9","2021-07-12","0.41"
"US1FLOK0029","MARY ESTHER 0.6 E, FL US","30.4109","-86.6475","4.9","2021-07-13","2.15"
"US1FLOK0029","MARY ESTHER 0.6 E, FL US","30.4109","-86.6475","4.9","2021-07-14","0.00"
"US1FLOK0029","MARY ESTHER 0.6 E, FL US","30.4109","-86.6475","4.9","2021-07-15","0.00"
"US1FLOK0029","MARY ESTHER 0.6 E, FL US","30.4109","-86.6475","4.9","2021-07-16","0.00"
"US1FLOK0029","MARY ESTHER 0.6 E, FL US","30.4109","-86.6475","4.9","2021-07-17","0.00"
"US1FLOK0029","MARY ESTHER 0.6 E, FL US","30.4109","-86.6475","4.9","2021-07-18","0.36"
"US1FLOK0029","MARY ESTHER 0.6 E, FL US","30.4109","-86.6475","4.9","2021-07-19","0.02"
"US1FLOK0029","MARY ESTHER 0.6 E, FL US","30.4109","-86.6475","4.9","2021-07-20","0.06"
"US1FLOK0029","MARY ESTHER 0.6 E, FL US","30.4109","-86.6475","4.9","2021-07-21","0.50"
"US1FLOK0020","NICEVILLE 3.4 ESE, FL US","30.512333","-86.4305","24.1","2021-07-04","0.60"
"US1FLOK0020","NICEVILLE 3.4 ESE, FL US","30.512333","-86.4305","24.1","2021-07-05","1.42"
"US1FLOK0020","NICEVILLE 3.4 ESE, FL US","30.512333","-86.4305","24.1","2021-07-06","0.37"
"US1FLOK0020","NICEVILLE 3.4 ESE, FL US","30.512333","-86.4305","24.1","2021-07-07","0.43"
"US1FLOK0020","NICEVILLE 3.4 ESE, FL US","30.512333","-86.4305","24.1","2021-07-08","0.00"
"US1FLOK0020","NICEVILLE 3.4 ESE, FL US","30.512333","-86.4305","24.1","2021-07-09","0.00"
"US1FLOK0020","NICEVILLE 3.4 ESE, FL US","30.512333","-86.4305","24.1","2021-07-10","0.36"
"US1FLOK0020","NICEVILLE 3.4 ESE, FL US","30.512333","-86.4305","24.1","2021-07-11","0.00"
"US1FLOK0020","NICEVILLE 3.4 ESE, FL US","30.512333","-86.4305","24.1","2021-07-12","1.52"
"US1FLOK0020","NICEVILLE 3.4 ESE, FL US","30.512333","-86.4305","24.1","2021-07-13","0.30"
"US1FLOK0020","NICEVILLE 3.4 ESE, FL US","30.512333","-86.4305","24.1","2021-07-14","0.00"
"US1FLOK0020","NICEVILLE 3.4 ESE, FL US","30.512333","-86.4305","24.1","2021-07-15","0.00"
"US1FLOK0020","NICEVILLE 3.4 ESE, FL US","30.512333","-86.4305","24.1","2021-07-16","0.00"
"US1FLOK0020","NICEVILLE 3.4 ESE, FL US","30.512333","-86.4305","24.1","2021-07-17","0.00"
"US1FLOK0020","NICEVILLE 3.4 ESE, FL US","30.512333","-86.4305","24.1","2021-07-18","0.00"
"US1FLOK0020","NICEVILLE 3.4 ESE, FL US","30.512333","-86.4305","24.1","2021-07-19","0.33"
"US1FLOK0020","NICEVILLE 3.4 ESE, FL US","30.512333","-86.4305","24.1","2021-07-20","0.11"
"US1FLOK0020","NICEVILLE 3.4 ESE, FL US","30.512333","-86.4305","24.1","2021-07-21","0.75"
"US1FLVL0037","PORT ORANGE 3.4 SSW, FL US","29.0649528503418","-81.0307312011719","7.0","2021-07-04","0.01"
"US1FLVL0037","PORT ORANGE 3.4 SSW, FL US","29.0649528503418","-81.0307312011719","7.0","2021-07-05","0.05"
"US1FLVL0037","PORT ORANGE 3.4 SSW, FL US","29.0649528503418","-81.0307312011719","7.0","2021-07-06","0.34"
"US1FLVL0037","PORT ORANGE 3.4 SSW, FL US","29.0649528503418","-81.0307312011719","7.0","2021-07-10","1.02"
"US1FLVL0037","PORT ORANGE 3.4 SSW, FL US","29.0649528503418","-81.0307312011719","7.0","2021-07-11","0.00"
"US1FLVL0037","PORT ORANGE 3.4 SSW, FL US","29.0649528503418","-81.0307312011719","7.0","2021-07-12","0.00"
"US1FLVL0037","PORT ORANGE 3.4 SSW, FL US","29.0649528503418","-81.0307312011719","7.0","2021-07-13","0.18"
"US1FLVL0037","PORT ORANGE 3.4 SSW, FL US","29.0649528503418","-81.0307312011719","7.0","2021-07-14","0.00"
"US1FLVL0037","PORT ORANGE 3.4 SSW, FL US","29.0649528503418","-81.0307312011719","7.0","2021-07-15","0.08"
"US1FLVL0037","PORT ORANGE 3.4 SSW, FL US","29.0649528503418","-81.0307312011719","7.0","2021-07-16","0.01"
"US1FLVL0037","PORT ORANGE 3.4 SSW, FL US","29.0649528503418","-81.0307312011719","7.0","2021-07-17","0.00"
"US1FLVL0037","PORT ORANGE 3.4 SSW, FL US","29.0649528503418","-81.0307312011719","7.0","2021-07-18","0.00"
"US1FLVL0037","PORT ORANGE 3.4 SSW, FL US","29.0649528503418","-81.0307312011719","7.0","2021-07-19","0.00"
"US1FLVL0037","PORT ORANGE 3.4 SSW, FL US","29.0649528503418","-81.0307312011719","7.0","2021-07-20","0.93"
"US1FLVL0037","PORT ORANGE 3.4 SSW, FL US","29.0649528503418","-81.0307312011719","7.0","2021-07-21","0.68"
"US1FLMA0040","PARRISH 5.6 SE, FL US","27.523869","-82.37319","7.0","2021-07-07","2.18"
"US1FLMA0040","PARRISH 5.6 SE, FL US","27.523869","-82.37319","7.0","2021-07-08","0.48"
"US1FLMA0040","PARRISH 5.6 SE, FL US","27.523869","-82.37319","7.0","2021-07-09","0.28"
"US1FLMA0040","PARRISH 5.6 SE, FL US","27.523869","-82.37319","7.0","2021-07-10","0.16"
"US1FLMA0040","PARRISH 5.6 SE, FL US","27.523869","-82.37319","7.0","2021-07-11","0.91"
"US1FLMA0040","PARRISH 5.6 SE, FL US","27.523869","-82.37319","7.0","2021-07-12","0.20"
"US1FLMA0040","PARRISH 5.6 SE, FL US","27.523869","-82.37319","7.0","2021-07-13","0.02"
"US1FLMA0040","PARRISH 5.6 SE, FL US","27.523869","-82.37319","7.0","2021-07-14","0.00"
"US1FLMA0040","PARRISH 5.6 SE, FL US","27.523869","-82.37319","7.0","2021-07-15","0.02"
"US1FLMA0040","PARRISH 5.6 SE, FL US","27.523869","-82.37319","7.0","2021-07-16","0.00"
"US1FLMA0040","PARRISH 5.6 SE, FL US","27.523869","-82.37319","7.0","2021-07-17","0.00"
"US1FLMA0040","PARRISH 5.6 SE, FL US","27.523869","-82.37319","7.0","2021-07-18","0.01"
"US1FLMA0040","PARRISH 5.6 SE, FL US","27.523869","-82.37319","7.0","2021-07-19","0.14"
"US1FLMA0040","PARRISH 5.6 SE, FL US","27.523869","-82.37319","7.0","2021-07-20","0.00"
"US1FLMA0040","PARRISH 5.6 SE, FL US","27.523869","-82.37319","7.0","2021-07-21","0.00"
"US1FLVL0038","OAK HILL 2.8 WSW, FL US","28.860597","-80.871231","1.8","2021-07-04","0.06"
"US1FLVL0038","OAK HILL 2.8 WSW, FL US","28.860597","-80.871231","1.8","2021-07-05","0.53"
"US1FLVL0038","OAK HILL 2.8 WSW, FL US","28.860597","-80.871231","1.8","2021-07-06","0.62"
"US1FLVL0038","OAK HILL 2.8 WSW, FL US","28.860597","-80.871231","1.8","2021-07-07","0.46"
"US1FLVL0038","OAK HILL 2.8 WSW, FL US","28.860597","-80.871231","1.8","2021-07-08","0.00"
"US1FLVL0038","OAK HILL 2.8 WSW, FL US","28.860597","-80.871231","1.8","2021-07-09","0.83"
"US1FLVL0038","OAK HILL 2.8 WSW, FL US","28.860597","-80.871231","1.8","2021-07-10","0.29"
"US1FLVL0038","OAK HILL 2.8 WSW, FL US","28.860597","-80.871231","1.8","2021-07-11","0.00"
"US1FLVL0038","OAK HILL 2.8 WSW, FL US","28.860597","-80.871231","1.8","2021-07-12","0.00"
"US1FLVL0038","OAK HILL 2.8 WSW, FL US","28.860597","-80.871231","1.8","2021-07-13","0.26"
"US1FLVL0038","OAK HILL 2.8 WSW, FL US","28.860597","-80.871231","1.8","2021-07-14","0.03"
"US1FLVL0038","OAK HILL 2.8 WSW, FL US","28.860597","-80.871231","1.8","2021-07-15","0.03"
"US1FLVL0038","OAK HILL 2.8 WSW, FL US","28.860597","-80.871231","1.8","2021-07-16","0.00"
"US1FLVL0038","OAK HILL 2.8 WSW, FL US","28.860597","-80.871231","1.8","2021-07-17","0.00"
"US1FLVL0038","OAK HILL 2.8 WSW, FL US","28.860597","-80.871231","1.8","2021-07-18","0.00"
"US1FLVL0038","OAK HILL 2.8 WSW, FL US","28.860597","-80.871231","1.8","2021-07-19","0.26"
"US1FLVL0038","OAK HILL 2.8 WSW, FL US","28.860597","-80.871231","1.8","2021-07-20","0.00"
"US1FLVL0038","OAK HILL 2.8 WSW, FL US","28.860597","-80.871231","1.8","2021-07-21","0.14"
"US1FLMA0043","DESOTO LAKES 4.2 NNE, FL US","27.4272943","-82.4633771","11.0","2021-07-04","0.68"
"US1FLMA0043","DESOTO LAKES 4.2 NNE, FL US","27.4272943","-82.4633771","11.0","2021-07-05","0.00"
"US1FLMA0043","DESOTO LAKES 4.2 NNE, FL US","27.4272943","-82.4633771","11.0","2021-07-06","0.21"
"US1FLMA0043","DESOTO LAKES 4.2 NNE, FL US","27.4272943","-82.4633771","11.0","2021-07-07","2.22"
"US1FLMA0043","DESOTO LAKES 4.2 NNE, FL US","27.4272943","-82.4633771","11.0","2021-07-08","0.50"
"US1FLMA0043","DESOTO LAKES 4.2 NNE, FL US","27.4272943","-82.4633771","11.0","2021-07-09","0.00"
"US1FLMA0043","DESOTO LAKES 4.2 NNE, FL US","27.4272943","-82.4633771","11.0","2021-07-10","0.00"
"US1FLMA0043","DESOTO LAKES 4.2 NNE, FL US","27.4272943","-82.4633771","11.0","2021-07-11","0.76"
"US1FLMA0043","DESOTO LAKES 4.2 NNE, FL US","27.4272943","-82.4633771","11.0","2021-07-12","0.00"
"US1FLMA0043","DESOTO LAKES 4.2 NNE, FL US","27.4272943","-82.4633771","11.0","2021-07-13","0.00"
"US1FLMA0043","DESOTO LAKES 4.2 NNE, FL US","27.4272943","-82.4633771","11.0","2021-07-14","0.00"
"US1FLMA0043","DESOTO LAKES 4.2 NNE, FL US","27.4272943","-82.4633771","11.0","2021-07-15","0.04"
"US1FLMA0043","DESOTO LAKES 4.2 NNE, FL US","27.4272943","-82.4633771","11.0","2021-07-17","0.20"
"US1FLMA0043","DESOTO LAKES 4.2 NNE, FL US","27.4272943","-82.4633771","11.0","2021-07-18","0.04"
"US1FLMA0043","DESOTO LAKES 4.2 NNE, FL US","27.4272943","-82.4633771","11.0","2021-07-19","0.00"
"US1FLMA0043","DESOTO LAKES 4.2 NNE, FL US","27.4272943","-82.4633771","11.0","2021-07-20","0.26"
"US1FLMA0043","DESOTO LAKES 4.2 NNE, FL US","27.4272943","-82.4633771","11.0","2021-07-21","0.00"
"US1FLMA0017","BRADENTON 4.9 WNW, FL US","27.518187","-82.651069","4.3","2021-07-04","2.29"
"US1FLMA0017","BRADENTON 4.9 WNW, FL US","27.518187","-82.651069","4.3","2021-07-05","0.00"
"US1FLMA0017","BRADENTON 4.9 WNW, FL US","27.518187","-82.651069","4.3","2021-07-06","0.24"
"US1FLMA0017","BRADENTON 4.9 WNW, FL US","27.518187","-82.651069","4.3","2021-07-07","1.69"
"US1FLMA0017","BRADENTON 4.9 WNW, FL US","27.518187","-82.651069","4.3","2021-07-08","0.00"
"US1FLMA0017","BRADENTON 4.9 WNW, FL US","27.518187","-82.651069","4.3","2021-07-11","0.26"
"US1FLMA0017","BRADENTON 4.9 WNW, FL US","27.518187","-82.651069","4.3","2021-07-12","0.54"
"US1FLMA0017","BRADENTON 4.9 WNW, FL US","27.518187","-82.651069","4.3","2021-07-13","0.19"
"US1FLMA0017","BRADENTON 4.9 WNW, FL US","27.518187","-82.651069","4.3","2021-07-16",
"US1FLMA0017","BRADENTON 4.9 WNW, FL US","27.518187","-82.651069","4.3","2021-07-17","0.57"
"US1FLMA0015","BRADENTON 8.8 E, FL US","27.4969043731689","-82.431770324707","6.1","2021-07-06","0.60"
"US1FLMA0015","BRADENTON 8.8 E, FL US","27.4969043731689","-82.431770324707","6.1","2021-07-07","2.32"
"US1FLMA0018","BRADENTON 11.0 E, FL US","27.504967","-82.400487","6.4","2021-07-04","1.64"
"US1FLMA0018","BRADENTON 11.0 E, FL US","27.504967","-82.400487","6.4","2021-07-06","0.45"
"US1FLMA0018","BRADENTON 11.0 E, FL US","27.504967","-82.400487","6.4","2021-07-07","2.94"
"US1FLMA0018","BRADENTON 11.0 E, FL US","27.504967","-82.400487","6.4","2021-07-08","0.12"
"US1FLMA0018","BRADENTON 11.0 E, FL US","27.504967","-82.400487","6.4","2021-07-09","0.62"
"US1FLMA0018","BRADENTON 11.0 E, FL US","27.504967","-82.400487","6.4","2021-07-11","0.41"
"US1FLMA0018","BRADENTON 11.0 E, FL US","27.504967","-82.400487","6.4","2021-07-12","0.02"
"US1FLMA0018","BRADENTON 11.0 E, FL US","27.504967","-82.400487","6.4","2021-07-14","0.14"
"US1FLHB0141","CARROLLWOOD 1.3 N, FL US","28.068676","-82.496521","16.8","2021-07-04","0.01"
"US1FLHB0141","CARROLLWOOD 1.3 N, FL US","28.068676","-82.496521","16.8","2021-07-05","0.27"
"US1FLHB0141","CARROLLWOOD 1.3 N, FL US","28.068676","-82.496521","16.8","2021-07-06","0.68"
"US1FLHB0141","CARROLLWOOD 1.3 N, FL US","28.068676","-82.496521","16.8","2021-07-07","1.90"
"US1FLHB0141","CARROLLWOOD 1.3 N, FL US","28.068676","-82.496521","16.8","2021-07-08","0.56"
"US1FLHB0141","CARROLLWOOD 1.3 N, FL US","28.068676","-82.496521","16.8","2021-07-09","0.01"
"US1FLHB0141","CARROLLWOOD 1.3 N, FL US","28.068676","-82.496521","16.8","2021-07-10","0.43"
"US1FLHB0141","CARROLLWOOD 1.3 N, FL US","28.068676","-82.496521","16.8","2021-07-11","0.02"
"US1FLHB0141","CARROLLWOOD 1.3 N, FL US","28.068676","-82.496521","16.8","2021-07-12","0.83"
"US1FLHB0141","CARROLLWOOD 1.3 N, FL US","28.068676","-82.496521","16.8","2021-07-13","0.15"
"US1FLHB0141","CARROLLWOOD 1.3 N, FL US","28.068676","-82.496521","16.8","2021-07-14","0.58"
"US1FLHB0141","CARROLLWOOD 1.3 N, FL US","28.068676","-82.496521","16.8","2021-07-15","0.02"
"US1FLHB0141","CARROLLWOOD 1.3 N, FL US","28.068676","-82.496521","16.8","2021-07-16","0.00"
"US1FLHB0141","CARROLLWOOD 1.3 N, FL US","28.068676","-82.496521","16.8","2021-07-17","0.00"
"US1FLHB0141","CARROLLWOOD 1.3 N, FL US","28.068676","-82.496521","16.8","2021-07-18","0.00"
"US1FLHB0141","CARROLLWOOD 1.3 N, FL US","28.068676","-82.496521","16.8","2021-07-19","0.00"
"US1FLHB0141","CARROLLWOOD 1.3 N, FL US","28.068676","-82.496521","16.8","2021-07-20","0.00"
"US1FLHB0141","CARROLLWOOD 1.3 N, FL US","28.068676","-82.496521","16.8","2021-07-21","0.05"
"US1FLLN0025","TALLAHASSEE 3.5 N, FL US","30.508166","-84.283457","29.9","2021-07-04","0.02"
"US1FLLN0025","TALLAHASSEE 3.5 N, FL US","30.508166","-84.283457","29.9","2021-07-05","0.06"
"US1FLLN0025","TALLAHASSEE 3.5 N, FL US","30.508166","-84.283457","29.9","2021-07-06","0.33"
"US1FLLN0025","TALLAHASSEE 3.5 N, FL US","30.508166","-84.283457","29.9","2021-07-07","0.64"
"US1FLLN0025","TALLAHASSEE 3.5 N, FL US","30.508166","-84.283457","29.9","2021-07-08","0.06"
"US1FLLN0025","TALLAHASSEE 3.5 N, FL US","30.508166","-84.283457","29.9","2021-07-09","0.48"
"US1FLLN0025","TALLAHASSEE 3.5 N, FL US","30.508166","-84.283457","29.9","2021-07-10","0.60"
"US1FLLN0025","TALLAHASSEE 3.5 N, FL US","30.508166","-84.283457","29.9","2021-07-11","0.07"
"US1FLLN0025","TALLAHASSEE 3.5 N, FL US","30.508166","-84.283457","29.9","2021-07-12","0.01"
"US1FLLN0025","TALLAHASSEE 3.5 N, FL US","30.508166","-84.283457","29.9","2021-07-13","0.02"
"US1FLLN0025","TALLAHASSEE 3.5 N, FL US","30.508166","-84.283457","29.9","2021-07-14","0.00"
"US1FLLN0025","TALLAHASSEE 3.5 N, FL US","30.508166","-84.283457","29.9","2021-07-15","0.00"
"US1FLLN0025","TALLAHASSEE 3.5 N, FL US","30.508166","-84.283457","29.9","2021-07-16","0.16"
"US1FLLN0025","TALLAHASSEE 3.5 N, FL US","30.508166","-84.283457","29.9","2021-07-17","0.00"
"US1FLLN0025","TALLAHASSEE 3.5 N, FL US","30.508166","-84.283457","29.9","2021-07-18","0.30"
"US1FLLN0025","TALLAHASSEE 3.5 N, FL US","30.508166","-84.283457","29.9","2021-07-19","0.38"
"US1FLLN0025","TALLAHASSEE 3.5 N, FL US","30.508166","-84.283457","29.9","2021-07-20","0.50"
"US1FLLN0025","TALLAHASSEE 3.5 N, FL US","30.508166","-84.283457","29.9","2021-07-21","0.60"
"US1FLHB0140","GREATER NORTHDALE 1.2 S, FL US","28.086432","-82.515349","18.0","2021-07-04","1.19"
"US1FLHB0140","GREATER NORTHDALE 1.2 S, FL US","28.086432","-82.515349","18.0","2021-07-05","0.00"
"US1FLHB0140","GREATER NORTHDALE 1.2 S, FL US","28.086432","-82.515349","18.0","2021-07-06","0.47"
"US1FLHB0140","GREATER NORTHDALE 1.2 S, FL US","28.086432","-82.515349","18.0","2021-07-07","2.05"
"US1FLHB0140","GREATER NORTHDALE 1.2 S, FL US","28.086432","-82.515349","18.0","2021-07-08","1.22"
"US1FLHB0140","GREATER NORTHDALE 1.2 S, FL US","28.086432","-82.515349","18.0","2021-07-09","0.67"
"US1FLHB0140","GREATER NORTHDALE 1.2 S, FL US","28.086432","-82.515349","18.0","2021-07-10","0.00"
"US1FLHB0140","GREATER NORTHDALE 1.2 S, FL US","28.086432","-82.515349","18.0","2021-07-11","0.42"
"US1FLHB0140","GREATER NORTHDALE 1.2 S, FL US","28.086432","-82.515349","18.0","2021-07-12","0.03"
"US1FLHB0140","GREATER NORTHDALE 1.2 S, FL US","28.086432","-82.515349","18.0","2021-07-13","1.65"
"US1FLHB0140","GREATER NORTHDALE 1.2 S, FL US","28.086432","-82.515349","18.0","2021-07-14","1.11"
"US1FLHB0140","GREATER NORTHDALE 1.2 S, FL US","28.086432","-82.515349","18.0","2021-07-15","0.65"
"US1FLHB0140","GREATER NORTHDALE 1.2 S, FL US","28.086432","-82.515349","18.0","2021-07-16","0.00"
"US1FLHB0140","GREATER NORTHDALE 1.2 S, FL US","28.086432","-82.515349","18.0","2021-07-17","0.01"
"US1FLHB0140","GREATER NORTHDALE 1.2 S, FL US","28.086432","-82.515349","18.0","2021-07-18","0.00"
"US1FLHB0140","GREATER NORTHDALE 1.2 S, FL US","28.086432","-82.515349","18.0","2021-07-19","0.00"
"US1FLHB0140","GREATER NORTHDALE 1.2 S, FL US","28.086432","-82.515349","18.0","2021-07-20","0.01"
"US1FLHB0140","GREATER NORTHDALE 1.2 S, FL US","28.086432","-82.515349","18.0","2021-07-21","0.00"
"USC00087851","SAINT LEO, FL US","28.33809","-82.26015","52.7","2021-07-04","0.57"
"USC00087851","SAINT LEO, FL US","28.33809","-82.26015","52.7","2021-07-05","0.00"
"USC00087851","SAINT LEO, FL US","28.33809","-82.26015","52.7","2021-07-06","0.52"
"USC00087851","SAINT LEO, FL US","28.33809","-82.26015","52.7","2021-07-07","2.29"
"USC00087851","SAINT LEO, FL US","28.33809","-82.26015","52.7","2021-07-08","0.10"
"USC00087851","SAINT LEO, FL US","28.33809","-82.26015","52.7","2021-07-09","0.00"
"USC00087851","SAINT LEO, FL US","28.33809","-82.26015","52.7","2021-07-10","0.00"
"USC00087851","SAINT LEO, FL US","28.33809","-82.26015","52.7","2021-07-11","0.01"
"USC00087851","SAINT LEO, FL US","28.33809","-82.26015","52.7","2021-07-12","0.26"
"USC00087851","SAINT LEO, FL US","28.33809","-82.26015","52.7","2021-07-13","1.45"
"USC00087851","SAINT LEO, FL US","28.33809","-82.26015","52.7","2021-07-14","0.20"
"USC00087851","SAINT LEO, FL US","28.33809","-82.26015","52.7","2021-07-15","0.00"
"USC00087851","SAINT LEO, FL US","28.33809","-82.26015","52.7","2021-07-16","0.00"
"USC00087851","SAINT LEO, FL US","28.33809","-82.26015","52.7","2021-07-17","0.02"
"USC00087851","SAINT LEO, FL US","28.33809","-82.26015","52.7","2021-07-18","0.00"
"USC00087851","SAINT LEO, FL US","28.33809","-82.26015","52.7","2021-07-19","0.14"
"USC00087851","SAINT LEO, FL US","28.33809","-82.26015","52.7","2021-07-20","0.00"
"USC00087851","SAINT LEO, FL US","28.33809","-82.26015","52.7","2021-07-21","0.00"
"US1FLHB0143","TAMPA 3.7 SSW, FL US","27.91349","-82.5136","2.4","2021-07-05","0.31"
"US1FLHB0143","TAMPA 3.7 SSW, FL US","27.91349","-82.5136","2.4","2021-07-07","0.86"
"US1FLHB0143","TAMPA 3.7 SSW, FL US","27.91349","-82.5136","2.4","2021-07-09","0.03"
"US1FLHB0143","TAMPA 3.7 SSW, FL US","27.91349","-82.5136","2.4","2021-07-16","0.00"
"US1FLHB0143","TAMPA 3.7 SSW, FL US","27.91349","-82.5136","2.4","2021-07-19","0.26"
"US1FLHB0143","TAMPA 3.7 SSW, FL US","27.91349","-82.5136","2.4","2021-07-20","0.00"
"USC00086761","PALM BAY, FL US","27.91527","-80.64573","8.2","2021-07-04","0.05"
"USC00086761","PALM BAY, FL US","27.91527","-80.64573","8.2","2021-07-05","0.00"
"USC00086761","PALM BAY, FL US","27.91527","-80.64573","8.2","2021-07-06","0.44"
"USC00086761","PALM BAY, FL US","27.91527","-80.64573","8.2","2021-07-07","0.02"
"USC00086761","PALM BAY, FL US","27.91527","-80.64573","8.2","2021-07-08","0.08"
"USC00086761","PALM BAY, FL US","27.91527","-80.64573","8.2","2021-07-09","0.27"
"USC00086761","PALM BAY, FL US","27.91527","-80.64573","8.2","2021-07-10","0.05"
"USC00086761","PALM BAY, FL US","27.91527","-80.64573","8.2","2021-07-11","0.00"
"USC00086761","PALM BAY, FL US","27.91527","-80.64573","8.2","2021-07-12","2.17"
"USC00086761","PALM BAY, FL US","27.91527","-80.64573","8.2","2021-07-13","0.02"
"USC00086761","PALM BAY, FL US","27.91527","-80.64573","8.2","2021-07-14","0.29"
"USC00086761","PALM BAY, FL US","27.91527","-80.64573","8.2","2021-07-15","0.01"
"USC00086761","PALM BAY, FL US","27.91527","-80.64573","8.2","2021-07-16","0.00"
"USC00086761","PALM BAY, FL US","27.91527","-80.64573","8.2","2021-07-17","0.00"
"USC00086761","PALM BAY, FL US","27.91527","-80.64573","8.2","2021-07-18","0.00"
"USC00086761","PALM BAY, FL US","27.91527","-80.64573","8.2","2021-07-19","0.00"
"USC00086761","PALM BAY, FL US","27.91527","-80.64573","8.2","2021-07-20","0.00"
"USC00086761","PALM BAY, FL US","27.91527","-80.64573","8.2","2021-07-21","0.00"
"USC00086764","PALM BEACH GARDENS, FL US","26.8261","-80.1488","6.1","2021-07-04","0.00"
"USC00086764","PALM BEACH GARDENS, FL US","26.8261","-80.1488","6.1","2021-07-05","0.00"
"USC00086764","PALM BEACH GARDENS, FL US","26.8261","-80.1488","6.1","2021-07-06","1.10"
"USC00086764","PALM BEACH GARDENS, FL US","26.8261","-80.1488","6.1","2021-07-07","0.15"
"USC00086764","PALM BEACH GARDENS, FL US","26.8261","-80.1488","6.1","2021-07-08","0.00"
"USC00086764","PALM BEACH GARDENS, FL US","26.8261","-80.1488","6.1","2021-07-09","0.20"
"USC00086764","PALM BEACH GARDENS, FL US","26.8261","-80.1488","6.1","2021-07-10","0.00"
"USC00086764","PALM BEACH GARDENS, FL US","26.8261","-80.1488","6.1","2021-07-12","0.20"
"USC00086764","PALM BEACH GARDENS, FL US","26.8261","-80.1488","6.1","2021-07-13","0.40"
"USC00086764","PALM BEACH GARDENS, FL US","26.8261","-80.1488","6.1","2021-07-14","0.80"
"USC00086764","PALM BEACH GARDENS, FL US","26.8261","-80.1488","6.1","2021-07-15","0.00"
"USC00086764","PALM BEACH GARDENS, FL US","26.8261","-80.1488","6.1","2021-07-16","0.00"
"USC00086764","PALM BEACH GARDENS, FL US","26.8261","-80.1488","6.1","2021-07-17","0.20"
"USC00086764","PALM BEACH GARDENS, FL US","26.8261","-80.1488","6.1","2021-07-18","0.00"
"USC00086764","PALM BEACH GARDENS, FL US","26.8261","-80.1488","6.1","2021-07-19","0.00"
"USC00086764","PALM BEACH GARDENS, FL US","26.8261","-80.1488","6.1","2021-07-20","0.00"
"USC00086764","PALM BEACH GARDENS, FL US","26.8261","-80.1488","6.1","2021-07-21","0.85"
"USC00088942","TITUSVILLE, FL US","28.6244","-80.8169","4.9","2021-07-04","0.50"
"USC00088942","TITUSVILLE, FL US","28.6244","-80.8169","4.9","2021-07-05","0.15"
"USC00088942","TITUSVILLE, FL US","28.6244","-80.8169","4.9","2021-07-06","0.00"
"USC00088942","TITUSVILLE, FL US","28.6244","-80.8169","4.9","2021-07-07","0.50"
"USC00088942","TITUSVILLE, FL US","28.6244","-80.8169","4.9","2021-07-08","0.15"
"USC00088942","TITUSVILLE, FL US","28.6244","-80.8169","4.9","2021-07-09","0.65"
"USC00088942","TITUSVILLE, FL US","28.6244","-80.8169","4.9","2021-07-10","0.30"
"USC00088942","TITUSVILLE, FL US","28.6244","-80.8169","4.9","2021-07-11","0.10"
"USC00088942","TITUSVILLE, FL US","28.6244","-80.8169","4.9","2021-07-12","0.04"
"USC00088942","TITUSVILLE, FL US","28.6244","-80.8169","4.9","2021-07-13","0.60"
"USC00088942","TITUSVILLE, FL US","28.6244","-80.8169","4.9","2021-07-14","0.10"
"USC00088942","TITUSVILLE, FL US","28.6244","-80.8169","4.9","2021-07-15","0.00"
"USC00088942","TITUSVILLE, FL US","28.6244","-80.8169","4.9","2021-07-16","0.00"
"USC00088942","TITUSVILLE, FL US","28.6244","-80.8169","4.9","2021-07-17","0.00"
"USC00088942","TITUSVILLE, FL US","28.6244","-80.8169","4.9","2021-07-18","0.00"
"USC00088942","TITUSVILLE, FL US","28.6244","-80.8169","4.9","2021-07-19","0.00"
"USC00088942","TITUSVILLE, FL US","28.6244","-80.8169","4.9","2021-07-20","0.80"
"USC00088942","TITUSVILLE, FL US","28.6244","-80.8169","4.9","2021-07-21","0.00"
"US1FLVL0009","DE LAND 5.7 NW, FL US","29.09954","-81.356858","21.0","2021-07-05","0.30"
"US1FLVL0009","DE LAND 5.7 NW, FL US","29.09954","-81.356858","21.0","2021-07-06","0.34"
"US1FLVL0009","DE LAND 5.7 NW, FL US","29.09954","-81.356858","21.0","2021-07-07","0.61"
"US1FLVL0009","DE LAND 5.7 NW, FL US","29.09954","-81.356858","21.0","2021-07-08","0.17"
"US1FLVL0009","DE LAND 5.7 NW, FL US","29.09954","-81.356858","21.0","2021-07-09","0.15"
"US1FLVL0009","DE LAND 5.7 NW, FL US","29.09954","-81.356858","21.0","2021-07-10","1.09"
"US1FLVL0009","DE LAND 5.7 NW, FL US","29.09954","-81.356858","21.0","2021-07-11","0.00"
"US1FLVL0009","DE LAND 5.7 NW, FL US","29.09954","-81.356858","21.0","2021-07-12","0.00"
"US1FLVL0009","DE LAND 5.7 NW, FL US","29.09954","-81.356858","21.0","2021-07-13","0.08"
"US1FLVL0009","DE LAND 5.7 NW, FL US","29.09954","-81.356858","21.0","2021-07-14","0.02"
"US1FLVL0009","DE LAND 5.7 NW, FL US","29.09954","-81.356858","21.0","2021-07-15","0.46"
"US1FLVL0009","DE LAND 5.7 NW, FL US","29.09954","-81.356858","21.0","2021-07-16","0.00"
"US1FLVL0009","DE LAND 5.7 NW, FL US","29.09954","-81.356858","21.0","2021-07-17","0.00"
"US1FLVL0009","DE LAND 5.7 NW, FL US","29.09954","-81.356858","21.0","2021-07-18","0.18"
"US1FLVL0009","DE LAND 5.7 NW, FL US","29.09954","-81.356858","21.0","2021-07-19","3.63"
"US1FLVL0009","DE LAND 5.7 NW, FL US","29.09954","-81.356858","21.0","2021-07-20","0.06"
"US1FLVL0009","DE LAND 5.7 NW, FL US","29.09954","-81.356858","21.0","2021-07-21","2.13"
"US1FLLN0018","MIDWAY 6.9 SW, FL US","30.420175","-84.54375","45.1","2021-07-04","0.14"
"US1FLLN0018","MIDWAY 6.9 SW, FL US","30.420175","-84.54375","45.1","2021-07-05","0.28"
"US1FLLN0018","MIDWAY 6.9 SW, FL US","30.420175","-84.54375","45.1","2021-07-06","0.24"
"US1FLLN0018","MIDWAY 6.9 SW, FL US","30.420175","-84.54375","45.1","2021-07-07","0.12"
"US1FLLN0018","MIDWAY 6.9 SW, FL US","30.420175","-84.54375","45.1","2021-07-08","0.90"
"US1FLLN0018","MIDWAY 6.9 SW, FL US","30.420175","-84.54375","45.1","2021-07-09","0.02"
"US1FLLN0018","MIDWAY 6.9 SW, FL US","30.420175","-84.54375","45.1","2021-07-10","0.23"
"US1FLLN0018","MIDWAY 6.9 SW, FL US","30.420175","-84.54375","45.1","2021-07-11","0.00"
"US1FLLN0018","MIDWAY 6.9 SW, FL US","30.420175","-84.54375","45.1","2021-07-12","0.00"
"US1FLLN0018","MIDWAY 6.9 SW, FL US","30.420175","-84.54375","45.1","2021-07-13","0.00"
"US1FLLN0018","MIDWAY 6.9 SW, FL US","30.420175","-84.54375","45.1","2021-07-14","0.00"
"US1FLLN0018","MIDWAY 6.9 SW, FL US","30.420175","-84.54375","45.1","2021-07-15","0.00"
"US1FLLN0018","MIDWAY 6.9 SW, FL US","30.420175","-84.54375","45.1","2021-07-16","0.11"
"US1FLLN0018","MIDWAY 6.9 SW, FL US","30.420175","-84.54375","45.1","2021-07-17","0.14"
"US1FLLN0018","MIDWAY 6.9 SW, FL US","30.420175","-84.54375","45.1","2021-07-18","0.06"
"US1FLLN0018","MIDWAY 6.9 SW, FL US","30.420175","-84.54375","45.1","2021-07-19","0.70"
"US1FLLN0018","MIDWAY 6.9 SW, FL US","30.420175","-84.54375","45.1","2021-07-20","0.64"
"US1FLLN0018","MIDWAY 6.9 SW, FL US","30.420175","-84.54375","45.1","2021-07-21","0.23"
"US1FLAL0095","GAINESVILLE 0.5 N, FL US","29.65599","-82.32329","53.6","2021-07-04","0.29"
"US1FLAL0095","GAINESVILLE 0.5 N, FL US","29.65599","-82.32329","53.6","2021-07-05","0.71"
"US1FLAL0095","GAINESVILLE 0.5 N, FL US","29.65599","-82.32329","53.6","2021-07-07","1.66"
"US1FLAL0095","GAINESVILLE 0.5 N, FL US","29.65599","-82.32329","53.6","2021-07-08","3.75"
"US1FLAL0095","GAINESVILLE 0.5 N, FL US","29.65599","-82.32329","53.6","2021-07-09","0.12"
"US1FLAL0095","GAINESVILLE 0.5 N, FL US","29.65599","-82.32329","53.6","2021-07-12","0.24"
"US1FLAL0095","GAINESVILLE 0.5 N, FL US","29.65599","-82.32329","53.6","2021-07-20","1.01"
"US1FLVL0003","DE LAND 4.5 NW, FL US","29.087","-81.344","28.0","2021-07-04","0.03"
"US1FLVL0003","DE LAND 4.5 NW, FL US","29.087","-81.344","28.0","2021-07-05","0.20"
"US1FLVL0003","DE LAND 4.5 NW, FL US","29.087","-81.344","28.0","2021-07-06","0.53"
"US1FLVL0003","DE LAND 4.5 NW, FL US","29.087","-81.344","28.0","2021-07-07","0.53"
"US1FLVL0003","DE LAND 4.5 NW, FL US","29.087","-81.344","28.0","2021-07-08","0.31"
"US1FLVL0003","DE LAND 4.5 NW, FL US","29.087","-81.344","28.0","2021-07-09","0.13"
"US1FLVL0003","DE LAND 4.5 NW, FL US","29.087","-81.344","28.0","2021-07-10","0.43"
"US1FLVL0003","DE LAND 4.5 NW, FL US","29.087","-81.344","28.0","2021-07-11","0.00"
"US1FLVL0003","DE LAND 4.5 NW, FL US","29.087","-81.344","28.0","2021-07-12","0.00"
"US1FLVL0003","DE LAND 4.5 NW, FL US","29.087","-81.344","28.0","2021-07-13","0.07"
"US1FLVL0003","DE LAND 4.5 NW, FL US","29.087","-81.344","28.0","2021-07-14","0.26"
"US1FLVL0003","DE LAND 4.5 NW, FL US","29.087","-81.344","28.0","2021-07-15","0.12"
"US1FLVL0003","DE LAND 4.5 NW, FL US","29.087","-81.344","28.0","2021-07-16","0.00"
"US1FLVL0003","DE LAND 4.5 NW, FL US","29.087","-81.344","28.0","2021-07-17","0.00"
"US1FLVL0003","DE LAND 4.5 NW, FL US","29.087","-81.344","28.0","2021-07-18","0.19"
"US1FLVL0003","DE LAND 4.5 NW, FL US","29.087","-81.344","28.0","2021-07-19","1.22"
"US1FLVL0003","DE LAND 4.5 NW, FL US","29.087","-81.344","28.0","2021-07-20","0.06"
"US1FLVL0003","DE LAND 4.5 NW, FL US","29.087","-81.344","28.0","2021-07-21","1.75"
"US1FLVL0001","NEW SMYRNA BEACH 1.5 E, FL US","29.031437","-80.894704","7.0","2021-07-04","0.02"
"US1FLVL0001","NEW SMYRNA BEACH 1.5 E, FL US","29.031437","-80.894704","7.0","2021-07-05","0.02"
"US1FLVL0001","NEW SMYRNA BEACH 1.5 E, FL US","29.031437","-80.894704","7.0","2021-07-06","0.08"
"US1FLVL0001","NEW SMYRNA BEACH 1.5 E, FL US","29.031437","-80.894704","7.0","2021-07-07","0.00"
"US1FLVL0001","NEW SMYRNA BEACH 1.5 E, FL US","29.031437","-80.894704","7.0","2021-07-08","0.59"
"US1FLVL0001","NEW SMYRNA BEACH 1.5 E, FL US","29.031437","-80.894704","7.0","2021-07-09","0.69"
"US1FLVL0001","NEW SMYRNA BEACH 1.5 E, FL US","29.031437","-80.894704","7.0","2021-07-10","0.58"
"US1FLVL0001","NEW SMYRNA BEACH 1.5 E, FL US","29.031437","-80.894704","7.0","2021-07-11","0.61"
"US1FLVL0001","NEW SMYRNA BEACH 1.5 E, FL US","29.031437","-80.894704","7.0","2021-07-12","0.00"
"US1FLVL0001","NEW SMYRNA BEACH 1.5 E, FL US","29.031437","-80.894704","7.0","2021-07-13","0.70"
"US1FLVL0001","NEW SMYRNA BEACH 1.5 E, FL US","29.031437","-80.894704","7.0","2021-07-14","0.00"
"US1FLVL0001","NEW SMYRNA BEACH 1.5 E, FL US","29.031437","-80.894704","7.0","2021-07-15","0.00"
"US1FLVL0001","NEW SMYRNA BEACH 1.5 E, FL US","29.031437","-80.894704","7.0","2021-07-16","0.00"
"US1FLVL0001","NEW SMYRNA BEACH 1.5 E, FL US","29.031437","-80.894704","7.0","2021-07-17","0.00"
"US1FLVL0001","NEW SMYRNA BEACH 1.5 E, FL US","29.031437","-80.894704","7.0","2021-07-18","0.00"
"US1FLVL0001","NEW SMYRNA BEACH 1.5 E, FL US","29.031437","-80.894704","7.0","2021-07-20",
"US1FLVL0001","NEW SMYRNA BEACH 1.5 E, FL US","29.031437","-80.894704","7.0","2021-07-21","3.35"
"US1FLVL0005","ORMOND BEACH 3.5 SE, FL US","29.265","-81.0472","7.0","2021-07-04","0.01"
"US1FLVL0005","ORMOND BEACH 3.5 SE, FL US","29.265","-81.0472","7.0","2021-07-05","1.65"
"US1FLVL0005","ORMOND BEACH 3.5 SE, FL US","29.265","-81.0472","7.0","2021-07-06","0.02"
"US1FLVL0005","ORMOND BEACH 3.5 SE, FL US","29.265","-81.0472","7.0","2021-07-07","0.00"
"US1FLVL0005","ORMOND BEACH 3.5 SE, FL US","29.265","-81.0472","7.0","2021-07-08","0.36"
"US1FLVL0005","ORMOND BEACH 3.5 SE, FL US","29.265","-81.0472","7.0","2021-07-09","0.04"
"US1FLVL0005","ORMOND BEACH 3.5 SE, FL US","29.265","-81.0472","7.0","2021-07-10","1.67"
"US1FLVL0005","ORMOND BEACH 3.5 SE, FL US","29.265","-81.0472","7.0","2021-07-11","0.03"
"US1FLVL0005","ORMOND BEACH 3.5 SE, FL US","29.265","-81.0472","7.0","2021-07-12","0.00"
"US1FLVL0005","ORMOND BEACH 3.5 SE, FL US","29.265","-81.0472","7.0","2021-07-13","0.00"
"US1FLVL0005","ORMOND BEACH 3.5 SE, FL US","29.265","-81.0472","7.0","2021-07-14","0.00"
"US1FLVL0005","ORMOND BEACH 3.5 SE, FL US","29.265","-81.0472","7.0","2021-07-15","0.12"
"US1FLVL0005","ORMOND BEACH 3.5 SE, FL US","29.265","-81.0472","7.0","2021-07-16","0.00"
"US1FLVL0005","ORMOND BEACH 3.5 SE, FL US","29.265","-81.0472","7.0","2021-07-17","0.00"
"US1FLVL0005","ORMOND BEACH 3.5 SE, FL US","29.265","-81.0472","7.0","2021-07-18","0.00"
"US1FLVL0005","ORMOND BEACH 3.5 SE, FL US","29.265","-81.0472","7.0","2021-07-19","0.00"
"US1FLVL0005","ORMOND BEACH 3.5 SE, FL US","29.265","-81.0472","7.0","2021-07-20","0.52"
"US1FLVL0005","ORMOND BEACH 3.5 SE, FL US","29.265","-81.0472","7.0","2021-07-21","1.52"
"US1FLMA0011","BRADENTON 2.0 WSW, FL US","27.476793","-82.609371","5.8","2021-07-04",
"US1FLMA0011","BRADENTON 2.0 WSW, FL US","27.476793","-82.609371","5.8","2021-07-05","0.00"
"US1FLMA0011","BRADENTON 2.0 WSW, FL US","27.476793","-82.609371","5.8","2021-07-06","0.00"
"US1FLMA0011","BRADENTON 2.0 WSW, FL US","27.476793","-82.609371","5.8","2021-07-07","1.24"
"US1FLMA0011","BRADENTON 2.0 WSW, FL US","27.476793","-82.609371","5.8","2021-07-08","0.06"
"US1FLMA0011","BRADENTON 2.0 WSW, FL US","27.476793","-82.609371","5.8","2021-07-09","0.00"
"US1FLMA0011","BRADENTON 2.0 WSW, FL US","27.476793","-82.609371","5.8","2021-07-10","0.00"
"US1FLMA0011","BRADENTON 2.0 WSW, FL US","27.476793","-82.609371","5.8","2021-07-11","0.17"
"US1FLMA0011","BRADENTON 2.0 WSW, FL US","27.476793","-82.609371","5.8","2021-07-12","0.27"
"US1FLMA0011","BRADENTON 2.0 WSW, FL US","27.476793","-82.609371","5.8","2021-07-13","0.05"
"US1FLMA0011","BRADENTON 2.0 WSW, FL US","27.476793","-82.609371","5.8","2021-07-14","0.68"
"US1FLMA0011","BRADENTON 2.0 WSW, FL US","27.476793","-82.609371","5.8","2021-07-15","1.30"
"US1FLMA0011","BRADENTON 2.0 WSW, FL US","27.476793","-82.609371","5.8","2021-07-17","0.57"
"US1FLMA0011","BRADENTON 2.0 WSW, FL US","27.476793","-82.609371","5.8","2021-07-18","0.00"
"US1FLMA0011","BRADENTON 2.0 WSW, FL US","27.476793","-82.609371","5.8","2021-07-19","0.00"
"US1FLMA0011","BRADENTON 2.0 WSW, FL US","27.476793","-82.609371","5.8","2021-07-20","0.00"
"US1FLMA0011","BRADENTON 2.0 WSW, FL US","27.476793","-82.609371","5.8","2021-07-21","0.00"
"US1FLVL0006","EDGEWATER 2.4 N, FL US","29.001931","-80.909753","2.1","2021-07-04","0.02"
"US1FLVL0006","EDGEWATER 2.4 N, FL US","29.001931","-80.909753","2.1","2021-07-05","0.04"
"US1FLVL0006","EDGEWATER 2.4 N, FL US","29.001931","-80.909753","2.1","2021-07-06","0.18"
"US1FLVL0006","EDGEWATER 2.4 N, FL US","29.001931","-80.909753","2.1","2021-07-07","0.00"
"US1FLVL0006","EDGEWATER 2.4 N, FL US","29.001931","-80.909753","2.1","2021-07-08","0.35"
"US1FLVL0006","EDGEWATER 2.4 N, FL US","29.001931","-80.909753","2.1","2021-07-09","1.90"
"US1FLVL0006","EDGEWATER 2.4 N, FL US","29.001931","-80.909753","2.1","2021-07-10","1.38"
"US1FLVL0006","EDGEWATER 2.4 N, FL US","29.001931","-80.909753","2.1","2021-07-11","0.01"
"US1FLVL0006","EDGEWATER 2.4 N, FL US","29.001931","-80.909753","2.1","2021-07-12","0.01"
"US1FLVL0006","EDGEWATER 2.4 N, FL US","29.001931","-80.909753","2.1","2021-07-13","0.53"
"US1FLVL0006","EDGEWATER 2.4 N, FL US","29.001931","-80.909753","2.1","2021-07-14","0.00"
"US1FLVL0006","EDGEWATER 2.4 N, FL US","29.001931","-80.909753","2.1","2021-07-15","0.00"
"US1FLVL0006","EDGEWATER 2.4 N, FL US","29.001931","-80.909753","2.1","2021-07-16","0.00"
"US1FLVL0006","EDGEWATER 2.4 N, FL US","29.001931","-80.909753","2.1","2021-07-17","0.00"
"US1FLVL0006","EDGEWATER 2.4 N, FL US","29.001931","-80.909753","2.1","2021-07-18","0.00"
"US1FLVL0006","EDGEWATER 2.4 N, FL US","29.001931","-80.909753","2.1","2021-07-19","0.00"
"US1FLVL0006","EDGEWATER 2.4 N, FL US","29.001931","-80.909753","2.1","2021-07-21",
"US1FLMA0010","BRADENTON 10.8 SE, FL US","27.430921","-82.415236","18.0","2021-07-04","0.95"
"US1FLMA0010","BRADENTON 10.8 SE, FL US","27.430921","-82.415236","18.0","2021-07-05","0.00"
"US1FLMA0010","BRADENTON 10.8 SE, FL US","27.430921","-82.415236","18.0","2021-07-06","0.12"
"US1FLMA0010","BRADENTON 10.8 SE, FL US","27.430921","-82.415236","18.0","2021-07-07","1.49"
"US1FLMA0010","BRADENTON 10.8 SE, FL US","27.430921","-82.415236","18.0","2021-07-08","0.10"
"US1FLMA0010","BRADENTON 10.8 SE, FL US","27.430921","-82.415236","18.0","2021-07-09","0.01"
"US1FLMA0010","BRADENTON 10.8 SE, FL US","27.430921","-82.415236","18.0","2021-07-11",
"US1FLMA0010","BRADENTON 10.8 SE, FL US","27.430921","-82.415236","18.0","2021-07-12","0.04"
"US1FLMA0010","BRADENTON 10.8 SE, FL US","27.430921","-82.415236","18.0","2021-07-13","0.00"
"US1FLMA0010","BRADENTON 10.8 SE, FL US","27.430921","-82.415236","18.0","2021-07-14","0.00"
"US1FLMA0010","BRADENTON 10.8 SE, FL US","27.430921","-82.415236","18.0","2021-07-15","0.00"
"US1FLMA0010","BRADENTON 10.8 SE, FL US","27.430921","-82.415236","18.0","2021-07-16","0.00"
"US1FLMA0010","BRADENTON 10.8 SE, FL US","27.430921","-82.415236","18.0","2021-07-17","0.00"
"US1FLMA0010","BRADENTON 10.8 SE, FL US","27.430921","-82.415236","18.0","2021-07-18","0.02"
"US1FLMA0010","BRADENTON 10.8 SE, FL US","27.430921","-82.415236","18.0","2021-07-19","0.14"
"US1FLMA0010","BRADENTON 10.8 SE, FL US","27.430921","-82.415236","18.0","2021-07-20","0.00"
"US1FLMA0010","BRADENTON 10.8 SE, FL US","27.430921","-82.415236","18.0","2021-07-21","0.00"
"US1FLMA0028","ANNA MARIA 0.2 NNE, FL US","27.531919","-82.731688","0.6","2021-07-04","2.04"
"US1FLMA0028","ANNA MARIA 0.2 NNE, FL US","27.531919","-82.731688","0.6","2021-07-05","0.00"
"US1FLMA0028","ANNA MARIA 0.2 NNE, FL US","27.531919","-82.731688","0.6","2021-07-06","0.57"
"US1FLMA0028","ANNA MARIA 0.2 NNE, FL US","27.531919","-82.731688","0.6","2021-07-07","2.27"
"US1FLMA0028","ANNA MARIA 0.2 NNE, FL US","27.531919","-82.731688","0.6","2021-07-08","0.27"
"US1FLMA0028","ANNA MARIA 0.2 NNE, FL US","27.531919","-82.731688","0.6","2021-07-21",
"US1FLMA0029","LAKEWOOD RANCH 3.5 E, FL US","27.413209","-82.368345","11.9","2021-07-04","0.59"
"US1FLMA0029","LAKEWOOD RANCH 3.5 E, FL US","27.413209","-82.368345","11.9","2021-07-05","0.00"
"US1FLMA0029","LAKEWOOD RANCH 3.5 E, FL US","27.413209","-82.368345","11.9","2021-07-06","0.08"
"US1FLMA0029","LAKEWOOD RANCH 3.5 E, FL US","27.413209","-82.368345","11.9","2021-07-07","2.84"
"US1FLMA0029","LAKEWOOD RANCH 3.5 E, FL US","27.413209","-82.368345","11.9","2021-07-08","0.06"
"US1FLMA0029","LAKEWOOD RANCH 3.5 E, FL US","27.413209","-82.368345","11.9","2021-07-09","0.00"
"US1FLMA0029","LAKEWOOD RANCH 3.5 E, FL US","27.413209","-82.368345","11.9","2021-07-10","0.07"
"US1FLMA0029","LAKEWOOD RANCH 3.5 E, FL US","27.413209","-82.368345","11.9","2021-07-11","0.05"
"US1FLMA0029","LAKEWOOD RANCH 3.5 E, FL US","27.413209","-82.368345","11.9","2021-07-12","0.04"
"US1FLMA0029","LAKEWOOD RANCH 3.5 E, FL US","27.413209","-82.368345","11.9","2021-07-13","0.00"
"US1FLMA0029","LAKEWOOD RANCH 3.5 E, FL US","27.413209","-82.368345","11.9","2021-07-14","0.04"
"US1FLMA0029","LAKEWOOD RANCH 3.5 E, FL US","27.413209","-82.368345","11.9","2021-07-15","0.00"
"US1FLMA0029","LAKEWOOD RANCH 3.5 E, FL US","27.413209","-82.368345","11.9","2021-07-16","0.00"
"US1FLMA0029","LAKEWOOD RANCH 3.5 E, FL US","27.413209","-82.368345","11.9","2021-07-17","0.22"
"US1FLMA0029","LAKEWOOD RANCH 3.5 E, FL US","27.413209","-82.368345","11.9","2021-07-18","0.04"
"US1FLMA0029","LAKEWOOD RANCH 3.5 E, FL US","27.413209","-82.368345","11.9","2021-07-19","0.09"
"US1FLMA0029","LAKEWOOD RANCH 3.5 E, FL US","27.413209","-82.368345","11.9","2021-07-20","0.00"
"US1FLMA0029","LAKEWOOD RANCH 3.5 E, FL US","27.413209","-82.368345","11.9","2021-07-21","0.00"
"USC00082150","DAYTONA BEACH, FL US","29.1966","-81.0084","8.8","2021-07-04","0.00"
"USC00082150","DAYTONA BEACH, FL US","29.1966","-81.0084","8.8","2021-07-05","0.14"
"USC00082150","DAYTONA BEACH, FL US","29.1966","-81.0084","8.8","2021-07-06","0.03"
"USC00082150","DAYTONA BEACH, FL US","29.1966","-81.0084","8.8","2021-07-07","0.18"
"USC00082150","DAYTONA BEACH, FL US","29.1966","-81.0084","8.8","2021-07-08","0.20"
"USC00082150","DAYTONA BEACH, FL US","29.1966","-81.0084","8.8","2021-07-09","0.02"
"USC00082150","DAYTONA BEACH, FL US","29.1966","-81.0084","8.8","2021-07-10","0.76"
"USC00082150","DAYTONA BEACH, FL US","29.1966","-81.0084","8.8","2021-07-11","0.04"
"USC00082150","DAYTONA BEACH, FL US","29.1966","-81.0084","8.8","2021-07-12","0.00"
"USC00082150","DAYTONA BEACH, FL US","29.1966","-81.0084","8.8","2021-07-13","0.02"
"USC00082150","DAYTONA BEACH, FL US","29.1966","-81.0084","8.8","2021-07-14","0.00"
"USC00082150","DAYTONA BEACH, FL US","29.1966","-81.0084","8.8","2021-07-15","0.00"
"USC00082150","DAYTONA BEACH, FL US","29.1966","-81.0084","8.8","2021-07-16","0.02"
"USC00082150","DAYTONA BEACH, FL US","29.1966","-81.0084","8.8","2021-07-17","0.00"
"USC00082150","DAYTONA BEACH, FL US","29.1966","-81.0084","8.8","2021-07-18","0.00"
"USC00082150","DAYTONA BEACH, FL US","29.1966","-81.0084","8.8","2021-07-19","0.00"
"USC00082150","DAYTONA BEACH, FL US","29.1966","-81.0084","8.8","2021-07-20","0.16"
"USC00082150","DAYTONA BEACH, FL US","29.1966","-81.0084","8.8","2021-07-21","0.84"
"US1FLLN0037","TALLAHASSEE 3.6 W, FL US","30.465374","-84.341516","29.0","2021-07-12",
"US1FLLN0037","TALLAHASSEE 3.6 W, FL US","30.465374","-84.341516","29.0","2021-07-14","0.44"
"US1FLLN0037","TALLAHASSEE 3.6 W, FL US","30.465374","-84.341516","29.0","2021-07-20",
"US1FLLN0037","TALLAHASSEE 3.6 W, FL US","30.465374","-84.341516","29.0","2021-07-21","0.10"
"USC00084571","KEY WEST WEATHER FORECAST OFFICE, FL US","24.55338","-81.78807","1.2","2021-07-04","0.00"
"USC00084571","KEY WEST WEATHER FORECAST OFFICE, FL US","24.55338","-81.78807","1.2","2021-07-05","0.95"
"USC00084571","KEY WEST WEATHER FORECAST OFFICE, FL US","24.55338","-81.78807","1.2","2021-07-06","5.67"
"USC00084571","KEY WEST WEATHER FORECAST OFFICE, FL US","24.55338","-81.78807","1.2","2021-07-07","0.00"
"USC00084571","KEY WEST WEATHER FORECAST OFFICE, FL US","24.55338","-81.78807","1.2","2021-07-08","0.00"
"USC00084571","KEY WEST WEATHER FORECAST OFFICE, FL US","24.55338","-81.78807","1.2","2021-07-09","0.00"
"USC00084571","KEY WEST WEATHER FORECAST OFFICE, FL US","24.55338","-81.78807","1.2","2021-07-10","0.39"
"USC00084571","KEY WEST WEATHER FORECAST OFFICE, FL US","24.55338","-81.78807","1.2","2021-07-11","0.09"
"USC00084571","KEY WEST WEATHER FORECAST OFFICE, FL US","24.55338","-81.78807","1.2","2021-07-12","0.09"
"USC00084571","KEY WEST WEATHER FORECAST OFFICE, FL US","24.55338","-81.78807","1.2","2021-07-13","0.02"
"USC00084571","KEY WEST WEATHER FORECAST OFFICE, FL US","24.55338","-81.78807","1.2","2021-07-14","0.04"
"USC00084571","KEY WEST WEATHER FORECAST OFFICE, FL US","24.55338","-81.78807","1.2","2021-07-15","0.60"
"USC00084571","KEY WEST WEATHER FORECAST OFFICE, FL US","24.55338","-81.78807","1.2","2021-07-16","0.02"
"USC00084571","KEY WEST WEATHER FORECAST OFFICE, FL US","24.55338","-81.78807","1.2","2021-07-17","0.04"
"USC00084571","KEY WEST WEATHER FORECAST OFFICE, FL US","24.55338","-81.78807","1.2","2021-07-18","0.00"
"USC00084571","KEY WEST WEATHER FORECAST OFFICE, FL US","24.55338","-81.78807","1.2","2021-07-19","0.00"
"USC00084571","KEY WEST WEATHER FORECAST OFFICE, FL US","24.55338","-81.78807","1.2","2021-07-20","0.00"
"USC00084571","KEY WEST WEATHER FORECAST OFFICE, FL US","24.55338","-81.78807","1.2","2021-07-21","0.00"
"US1FLAL0093","ALACHUA 4.2 WNW, FL US","29.803028","-82.544226","27.4","2021-07-04","0.46"
"US1FLAL0093","ALACHUA 4.2 WNW, FL US","29.803028","-82.544226","27.4","2021-07-05","0.47"
"US1FLAL0093","ALACHUA 4.2 WNW, FL US","29.803028","-82.544226","27.4","2021-07-06","0.02"
"US1FLAL0093","ALACHUA 4.2 WNW, FL US","29.803028","-82.544226","27.4","2021-07-07","1.10"
"US1FLAL0093","ALACHUA 4.2 WNW, FL US","29.803028","-82.544226","27.4","2021-07-08","5.45"
"US1FLAL0093","ALACHUA 4.2 WNW, FL US","29.803028","-82.544226","27.4","2021-07-09","0.00"
"US1FLAL0093","ALACHUA 4.2 WNW, FL US","29.803028","-82.544226","27.4","2021-07-10","0.36"
"US1FLAL0093","ALACHUA 4.2 WNW, FL US","29.803028","-82.544226","27.4","2021-07-11","0.00"
"US1FLAL0093","ALACHUA 4.2 WNW, FL US","29.803028","-82.544226","27.4","2021-07-12","0.41"
"US1FLAL0093","ALACHUA 4.2 WNW, FL US","29.803028","-82.544226","27.4","2021-07-13","0.00"
"US1FLAL0093","ALACHUA 4.2 WNW, FL US","29.803028","-82.544226","27.4","2021-07-14","0.04"
"US1FLHB0154","SEFFNER 0.4 ESE, FL US","27.9942","-82.269","15.5","2021-07-04","2.30"
"US1FLHB0154","SEFFNER 0.4 ESE, FL US","27.9942","-82.269","15.5","2021-07-05","0.00"
"US1FLHB0154","SEFFNER 0.4 ESE, FL US","27.9942","-82.269","15.5","2021-07-06","0.46"
"US1FLHB0154","SEFFNER 0.4 ESE, FL US","27.9942","-82.269","15.5","2021-07-07","4.18"
"US1FLHB0154","SEFFNER 0.4 ESE, FL US","27.9942","-82.269","15.5","2021-07-08","0.38"
"US1FLHB0154","SEFFNER 0.4 ESE, FL US","27.9942","-82.269","15.5","2021-07-09","0.02"
"US1FLHB0154","SEFFNER 0.4 ESE, FL US","27.9942","-82.269","15.5","2021-07-10","0.00"
"US1FLHB0154","SEFFNER 0.4 ESE, FL US","27.9942","-82.269","15.5","2021-07-11","0.00"
"US1FLHB0154","SEFFNER 0.4 ESE, FL US","27.9942","-82.269","15.5","2021-07-12","0.06"
"US1FLHB0154","SEFFNER 0.4 ESE, FL US","27.9942","-82.269","15.5","2021-07-13","0.06"
"US1FLHB0154","SEFFNER 0.4 ESE, FL US","27.9942","-82.269","15.5","2021-07-14","0.00"
"US1FLHB0154","SEFFNER 0.4 ESE, FL US","27.9942","-82.269","15.5","2021-07-15","1.05"
"US1FLHB0154","SEFFNER 0.4 ESE, FL US","27.9942","-82.269","15.5","2021-07-16","0.00"
"US1FLHB0154","SEFFNER 0.4 ESE, FL US","27.9942","-82.269","15.5","2021-07-17","0.00"
"US1FLHB0154","SEFFNER 0.4 ESE, FL US","27.9942","-82.269","15.5","2021-07-18","0.00"
"US1FLHB0154","SEFFNER 0.4 ESE, FL US","27.9942","-82.269","15.5","2021-07-19","0.36"
"US1FLHB0154","SEFFNER 0.4 ESE, FL US","27.9942","-82.269","15.5","2021-07-20","0.07"
"US1FLHB0154","SEFFNER 0.4 ESE, FL US","27.9942","-82.269","15.5","2021-07-21","0.00"
"US1FLLN0034","TALLAHASSEE 9.6 N, FL US","30.594969","-84.267948","37.2","2021-07-04","0.30"
"US1FLLN0034","TALLAHASSEE 9.6 N, FL US","30.594969","-84.267948","37.2","2021-07-05","0.03"
"US1FLLN0034","TALLAHASSEE 9.6 N, FL US","30.594969","-84.267948","37.2","2021-07-06","0.22"
"US1FLLN0034","TALLAHASSEE 9.6 N, FL US","30.594969","-84.267948","37.2","2021-07-07","0.81"
"US1FLLN0034","TALLAHASSEE 9.6 N, FL US","30.594969","-84.267948","37.2","2021-07-08","0.49"
"US1FLLN0034","TALLAHASSEE 9.6 N, FL US","30.594969","-84.267948","37.2","2021-07-09","0.35"
"US1FLLN0034","TALLAHASSEE 9.6 N, FL US","30.594969","-84.267948","37.2","2021-07-10","0.59"
"US1FLLN0034","TALLAHASSEE 9.6 N, FL US","30.594969","-84.267948","37.2","2021-07-18","0.03"
"US1FLLN0034","TALLAHASSEE 9.6 N, FL US","30.594969","-84.267948","37.2","2021-07-19","2.06"
"US1FLLN0034","TALLAHASSEE 9.6 N, FL US","30.594969","-84.267948","37.2","2021-07-20","0.14"
"US1FLHB0153","SUN CITY CENTER 1.1 N, FL US","27.7377","-82.3497","11.9","2021-07-14","0.35"
"US1FLHB0156","CARROLLWOOD 0.7 NNE, FL US","28.058998","-82.48711","18.0","2021-07-04","1.39"
"US1FLHB0156","CARROLLWOOD 0.7 NNE, FL US","28.058998","-82.48711","18.0","2021-07-05","0.00"
"US1FLHB0156","CARROLLWOOD 0.7 NNE, FL US","28.058998","-82.48711","18.0","2021-07-06","0.49"
"US1FLHB0156","CARROLLWOOD 0.7 NNE, FL US","28.058998","-82.48711","18.0","2021-07-07","2.01"
"US1FLHB0156","CARROLLWOOD 0.7 NNE, FL US","28.058998","-82.48711","18.0","2021-07-08","0.13"
"US1FLHB0156","CARROLLWOOD 0.7 NNE, FL US","28.058998","-82.48711","18.0","2021-07-09","0.55"
"US1FLHB0156","CARROLLWOOD 0.7 NNE, FL US","28.058998","-82.48711","18.0","2021-07-10","0.02"
"US1FLHB0156","CARROLLWOOD 0.7 NNE, FL US","28.058998","-82.48711","18.0","2021-07-11","0.25"
"US1FLHB0156","CARROLLWOOD 0.7 NNE, FL US","28.058998","-82.48711","18.0","2021-07-12","0.01"
"US1FLHB0156","CARROLLWOOD 0.7 NNE, FL US","28.058998","-82.48711","18.0","2021-07-13","1.00"
"US1FLHB0156","CARROLLWOOD 0.7 NNE, FL US","28.058998","-82.48711","18.0","2021-07-14","0.24"
"US1FLHB0156","CARROLLWOOD 0.7 NNE, FL US","28.058998","-82.48711","18.0","2021-07-15","0.11"
"US1FLHB0156","CARROLLWOOD 0.7 NNE, FL US","28.058998","-82.48711","18.0","2021-07-16","0.00"
"US1FLHB0156","CARROLLWOOD 0.7 NNE, FL US","28.058998","-82.48711","18.0","2021-07-17","0.00"
"US1FLHB0156","CARROLLWOOD 0.7 NNE, FL US","28.058998","-82.48711","18.0","2021-07-18","0.00"
"US1FLHB0156","CARROLLWOOD 0.7 NNE, FL US","28.058998","-82.48711","18.0","2021-07-19","0.00"
"US1FLHB0156","CARROLLWOOD 0.7 NNE, FL US","28.058998","-82.48711","18.0","2021-07-20","0.00"
"US1FLHB0156","CARROLLWOOD 0.7 NNE, FL US","28.058998","-82.48711","18.0","2021-07-21","0.00"
"USC00085667","MIAMI NWSFO, FL US","25.7553","-80.3836","4.3","2021-07-04","0.00"
"USC00085667","MIAMI NWSFO, FL US","25.7553","-80.3836","4.3","2021-07-05","0.00"
"USC00085667","MIAMI NWSFO, FL US","25.7553","-80.3836","4.3","2021-07-06","1.43"
"USC00085667","MIAMI NWSFO, FL US","25.7553","-80.3836","4.3","2021-07-07","0.14"
"USC00085667","MIAMI NWSFO, FL US","25.7553","-80.3836","4.3","2021-07-08","0.00"
"USC00085667","MIAMI NWSFO, FL US","25.7553","-80.3836","4.3","2021-07-09","0.09"
"USC00085667","MIAMI NWSFO, FL US","25.7553","-80.3836","4.3","2021-07-10","0.00"
"USC00085667","MIAMI NWSFO, FL US","25.7553","-80.3836","4.3","2021-07-11","1.14"
"USC00085667","MIAMI NWSFO, FL US","25.7553","-80.3836","4.3","2021-07-12","0.02"
"USC00085667","MIAMI NWSFO, FL US","25.7553","-80.3836","4.3","2021-07-13","0.67"
"USC00085667","MIAMI NWSFO, FL US","25.7553","-80.3836","4.3","2021-07-14","0.49"
"USC00085667","MIAMI NWSFO, FL US","25.7553","-80.3836","4.3","2021-07-15","0.15"
"USC00085667","MIAMI NWSFO, FL US","25.7553","-80.3836","4.3","2021-07-16","0.01"
"USC00085667","MIAMI NWSFO, FL US","25.7553","-80.3836","4.3","2021-07-17","0.01"
"USC00085667","MIAMI NWSFO, FL US","25.7553","-80.3836","4.3","2021-07-18","0.00"
"USC00085667","MIAMI NWSFO, FL US","25.7553","-80.3836","4.3","2021-07-19","0.00"
"USC00085667","MIAMI NWSFO, FL US","25.7553","-80.3836","4.3","2021-07-20","0.00"
"USC00085667","MIAMI NWSFO, FL US","25.7553","-80.3836","4.3","2021-07-21","0.80"
"US1FLOK0003","NICEVILLE 2.3 SE, FL US","30.504883","-86.45918","14.0","2021-07-19",
"USC00086999","PENSACOLA 7 NNE, FL US","30.5301","-87.19847","34.7","2021-07-04","1.30"
"USC00086999","PENSACOLA 7 NNE, FL US","30.5301","-87.19847","34.7","2021-07-05","0.16"
"USC00086999","PENSACOLA 7 NNE, FL US","30.5301","-87.19847","34.7","2021-07-06","0.70"
"USC00086999","PENSACOLA 7 NNE, FL US","30.5301","-87.19847","34.7","2021-07-07","0.05"
"USC00086999","PENSACOLA 7 NNE, FL US","30.5301","-87.19847","34.7","2021-07-08","0.00"
"USC00086999","PENSACOLA 7 NNE, FL US","30.5301","-87.19847","34.7","2021-07-09","0.45"
"USC00086999","PENSACOLA 7 NNE, FL US","30.5301","-87.19847","34.7","2021-07-10","0.00"
"USC00086999","PENSACOLA 7 NNE, FL US","30.5301","-87.19847","34.7","2021-07-12","0.86"
"USC00086999","PENSACOLA 7 NNE, FL US","30.5301","-87.19847","34.7","2021-07-13","0.00"
"USC00086999","PENSACOLA 7 NNE, FL US","30.5301","-87.19847","34.7","2021-07-14","0.00"
"USC00086999","PENSACOLA 7 NNE, FL US","30.5301","-87.19847","34.7","2021-07-15","0.00"
"USC00086999","PENSACOLA 7 NNE, FL US","30.5301","-87.19847","34.7","2021-07-16","0.05"
"USC00086999","PENSACOLA 7 NNE, FL US","30.5301","-87.19847","34.7","2021-07-17","0.00"
"USC00086999","PENSACOLA 7 NNE, FL US","30.5301","-87.19847","34.7","2021-07-18","0.00"
"USC00086999","PENSACOLA 7 NNE, FL US","30.5301","-87.19847","34.7","2021-07-19","0.05"
"USC00086999","PENSACOLA 7 NNE, FL US","30.5301","-87.19847","34.7","2021-07-20","0.00"
"USC00086999","PENSACOLA 7 NNE, FL US","30.5301","-87.19847","34.7","2021-07-21","0.10"
"US1FLAL0085","GAINESVILLE 2.0 NW, FL US","29.695763","-82.358636","52.1","2021-07-04","0.79"
"US1FLAL0085","GAINESVILLE 2.0 NW, FL US","29.695763","-82.358636","52.1","2021-07-05","1.05"
"US1FLAL0085","GAINESVILLE 2.0 NW, FL US","29.695763","-82.358636","52.1","2021-07-08","5.29"
"US1FLAL0085","GAINESVILLE 2.0 NW, FL US","29.695763","-82.358636","52.1","2021-07-10","0.39"
"US1FLAL0085","GAINESVILLE 2.0 NW, FL US","29.695763","-82.358636","52.1","2021-07-12","0.36"
"US1FLAL0085","GAINESVILLE 2.0 NW, FL US","29.695763","-82.358636","52.1","2021-07-15","0.02"
"US1FLAL0085","GAINESVILLE 2.0 NW, FL US","29.695763","-82.358636","52.1","2021-07-20","0.88"
"US1FLAL0085","GAINESVILLE 2.0 NW, FL US","29.695763","-82.358636","52.1","2021-07-21","0.04"
"US1FLAL0086","GAINESVILLE 8.5 SW, FL US","29.584481","-82.432666","25.0","2021-07-04","0.38"
"US1FLAL0086","GAINESVILLE 8.5 SW, FL US","29.584481","-82.432666","25.0","2021-07-05","0.27"
"US1FLAL0086","GAINESVILLE 8.5 SW, FL US","29.584481","-82.432666","25.0","2021-07-08",
"US1FLHB0150","RIVERVIEW 2.1 NNW, FL US","27.90045","-82.324736","14.0","2021-07-04","4.82"
"US1FLHB0150","RIVERVIEW 2.1 NNW, FL US","27.90045","-82.324736","14.0","2021-07-06","1.66"
"US1FLHB0150","RIVERVIEW 2.1 NNW, FL US","27.90045","-82.324736","14.0","2021-07-07","3.25"
"US1FLHB0150","RIVERVIEW 2.1 NNW, FL US","27.90045","-82.324736","14.0","2021-07-08","0.68"
"US1FLHB0150","RIVERVIEW 2.1 NNW, FL US","27.90045","-82.324736","14.0","2021-07-09","0.08"
"US1FLHB0150","RIVERVIEW 2.1 NNW, FL US","27.90045","-82.324736","14.0","2021-07-11","1.34"
"US1FLHB0150","RIVERVIEW 2.1 NNW, FL US","27.90045","-82.324736","14.0","2021-07-12","0.01"
"US1FLHB0150","RIVERVIEW 2.1 NNW, FL US","27.90045","-82.324736","14.0","2021-07-13","0.25"
"US1FLHB0150","RIVERVIEW 2.1 NNW, FL US","27.90045","-82.324736","14.0","2021-07-14","0.02"
"US1FLHB0150","RIVERVIEW 2.1 NNW, FL US","27.90045","-82.324736","14.0","2021-07-15","0.32"
"US1FLHB0150","RIVERVIEW 2.1 NNW, FL US","27.90045","-82.324736","14.0","2021-07-19","0.01"
"US1FLOK0001","NICEVILLE 3.6 SE, FL US","30.49385","-86.439794","11.0","2021-07-04","0.91"
"US1FLOK0001","NICEVILLE 3.6 SE, FL US","30.49385","-86.439794","11.0","2021-07-05","0.81"
"US1FLOK0001","NICEVILLE 3.6 SE, FL US","30.49385","-86.439794","11.0","2021-07-06","0.32"
"US1FLOK0001","NICEVILLE 3.6 SE, FL US","30.49385","-86.439794","11.0","2021-07-07","0.32"
"US1FLOK0001","NICEVILLE 3.6 SE, FL US","30.49385","-86.439794","11.0","2021-07-08","0.00"
"US1FLOK0001","NICEVILLE 3.6 SE, FL US","30.49385","-86.439794","11.0","2021-07-09","0.00"
"US1FLOK0001","NICEVILLE 3.6 SE, FL US","30.49385","-86.439794","11.0","2021-07-10","0.21"
"US1FLOK0001","NICEVILLE 3.6 SE, FL US","30.49385","-86.439794","11.0","2021-07-11","0.00"
"US1FLOK0001","NICEVILLE 3.6 SE, FL US","30.49385","-86.439794","11.0","2021-07-12","1.15"
"US1FLOK0001","NICEVILLE 3.6 SE, FL US","30.49385","-86.439794","11.0","2021-07-13","0.30"
"US1FLOK0001","NICEVILLE 3.6 SE, FL US","30.49385","-86.439794","11.0","2021-07-14","0.00"
"US1FLOK0001","NICEVILLE 3.6 SE, FL US","30.49385","-86.439794","11.0","2021-07-15","0.00"
"US1FLOK0002","EGLIN AFB 5.6 NE, FL US","30.52436","-86.49238","18.9","2021-07-04","1.13"
"US1FLOK0002","EGLIN AFB 5.6 NE, FL US","30.52436","-86.49238","18.9","2021-07-05","0.32"
"US1FLOK0002","EGLIN AFB 5.6 NE, FL US","30.52436","-86.49238","18.9","2021-07-06","0.25"
"US1FLOK0002","EGLIN AFB 5.6 NE, FL US","30.52436","-86.49238","18.9","2021-07-07","0.63"
"US1FLOK0002","EGLIN AFB 5.6 NE, FL US","30.52436","-86.49238","18.9","2021-07-08","0.00"
"US1FLOK0002","EGLIN AFB 5.6 NE, FL US","30.52436","-86.49238","18.9","2021-07-09","0.00"
"US1FLOK0002","EGLIN AFB 5.6 NE, FL US","30.52436","-86.49238","18.9","2021-07-10","0.05"
"US1FLOK0002","EGLIN AFB 5.6 NE, FL US","30.52436","-86.49238","18.9","2021-07-11","0.00"
"US1FLOK0002","EGLIN AFB 5.6 NE, FL US","30.52436","-86.49238","18.9","2021-07-12","1.02"
"US1FLOK0002","EGLIN AFB 5.6 NE, FL US","30.52436","-86.49238","18.9","2021-07-13","0.73"
"US1FLOK0002","EGLIN AFB 5.6 NE, FL US","30.52436","-86.49238","18.9","2021-07-14","0.00"
"US1FLOK0002","EGLIN AFB 5.6 NE, FL US","30.52436","-86.49238","18.9","2021-07-15","0.00"
"US1FLOK0002","EGLIN AFB 5.6 NE, FL US","30.52436","-86.49238","18.9","2021-07-16","0.00"
"US1FLOK0002","EGLIN AFB 5.6 NE, FL US","30.52436","-86.49238","18.9","2021-07-17","0.00"
"US1FLOK0002","EGLIN AFB 5.6 NE, FL US","30.52436","-86.49238","18.9","2021-07-18","0.00"
"US1FLOK0002","EGLIN AFB 5.6 NE, FL US","30.52436","-86.49238","18.9","2021-07-19","0.72"
"US1FLOK0002","EGLIN AFB 5.6 NE, FL US","30.52436","-86.49238","18.9","2021-07-20","0.55"
"US1FLOK0002","EGLIN AFB 5.6 NE, FL US","30.52436","-86.49238","18.9","2021-07-21","0.73"
"US1FLMA0022","PALMETTO 6.4 ENE, FL US","27.562194","-82.483024","9.4","2021-07-04","1.15"
"US1FLMA0022","PALMETTO 6.4 ENE, FL US","27.562194","-82.483024","9.4","2021-07-05","0.00"
"US1FLMA0022","PALMETTO 6.4 ENE, FL US","27.562194","-82.483024","9.4","2021-07-06","0.00"
"US1FLMA0022","PALMETTO 6.4 ENE, FL US","27.562194","-82.483024","9.4","2021-07-07","2.67"
"US1FLMA0022","PALMETTO 6.4 ENE, FL US","27.562194","-82.483024","9.4","2021-07-08","0.55"
"US1FLMA0022","PALMETTO 6.4 ENE, FL US","27.562194","-82.483024","9.4","2021-07-09","0.00"
"US1FLMA0022","PALMETTO 6.4 ENE, FL US","27.562194","-82.483024","9.4","2021-07-10","0.00"
"US1FLMA0022","PALMETTO 6.4 ENE, FL US","27.562194","-82.483024","9.4","2021-07-11","0.72"
"US1FLMA0022","PALMETTO 6.4 ENE, FL US","27.562194","-82.483024","9.4","2021-07-12","0.00"
"US1FLMA0022","PALMETTO 6.4 ENE, FL US","27.562194","-82.483024","9.4","2021-07-13","0.00"
"US1FLMA0022","PALMETTO 6.4 ENE, FL US","27.562194","-82.483024","9.4","2021-07-14","0.19"
"US1FLMA0022","PALMETTO 6.4 ENE, FL US","27.562194","-82.483024","9.4","2021-07-15","0.00"
"US1FLMA0022","PALMETTO 6.4 ENE, FL US","27.562194","-82.483024","9.4","2021-07-16","0.01"
"US1FLMA0022","PALMETTO 6.4 ENE, FL US","27.562194","-82.483024","9.4","2021-07-17","0.00"
"US1FLMA0022","PALMETTO 6.4 ENE, FL US","27.562194","-82.483024","9.4","2021-07-18","0.00"
"US1FLMA0022","PALMETTO 6.4 ENE, FL US","27.562194","-82.483024","9.4","2021-07-19","0.15"
"US1FLMA0022","PALMETTO 6.4 ENE, FL US","27.562194","-82.483024","9.4","2021-07-20","0.00"
"US1FLMA0022","PALMETTO 6.4 ENE, FL US","27.562194","-82.483024","9.4","2021-07-21","0.00"
"US1FLHB0128","RUSKIN 1.6 ESE, FL US","27.70357","-82.40661","10.1","2021-07-04","1.24"
"US1FLHB0128","RUSKIN 1.6 ESE, FL US","27.70357","-82.40661","10.1","2021-07-06","0.03"
"US1FLHB0128","RUSKIN 1.6 ESE, FL US","27.70357","-82.40661","10.1","2021-07-07","1.85"
"US1FLHB0128","RUSKIN 1.6 ESE, FL US","27.70357","-82.40661","10.1","2021-07-08","0.52"
"US1FLHB0128","RUSKIN 1.6 ESE, FL US","27.70357","-82.40661","10.1","2021-07-09","0.07"
"US1FLHB0128","RUSKIN 1.6 ESE, FL US","27.70357","-82.40661","10.1","2021-07-12","0.02"
"US1FLHB0128","RUSKIN 1.6 ESE, FL US","27.70357","-82.40661","10.1","2021-07-13","0.43"
"US1FLHB0128","RUSKIN 1.6 ESE, FL US","27.70357","-82.40661","10.1","2021-07-14","0.16"
"US1FLHB0128","RUSKIN 1.6 ESE, FL US","27.70357","-82.40661","10.1","2021-07-15","0.02"
"US1FLHB0128","RUSKIN 1.6 ESE, FL US","27.70357","-82.40661","10.1","2021-07-19","0.02"
"US1FLHB0128","RUSKIN 1.6 ESE, FL US","27.70357","-82.40661","10.1","2021-07-20","0.02"
"US1FLHB0128","RUSKIN 1.6 ESE, FL US","27.70357","-82.40661","10.1","2021-07-21","0.05"
"US1FLAL0080","GAINESVILLE 6.5 NW, FL US","29.7377","-82.4169","57.9","2021-07-06",
"US1FLAL0080","GAINESVILLE 6.5 NW, FL US","29.7377","-82.4169","57.9","2021-07-07","1.42"
"US1FLAL0080","GAINESVILLE 6.5 NW, FL US","29.7377","-82.4169","57.9","2021-07-08","4.83"
"US1FLAL0080","GAINESVILLE 6.5 NW, FL US","29.7377","-82.4169","57.9","2021-07-09","0.00"
"US1FLAL0080","GAINESVILLE 6.5 NW, FL US","29.7377","-82.4169","57.9","2021-07-10","0.19"
"US1FLAL0080","GAINESVILLE 6.5 NW, FL US","29.7377","-82.4169","57.9","2021-07-11","0.01"
"US1FLAL0080","GAINESVILLE 6.5 NW, FL US","29.7377","-82.4169","57.9","2021-07-12","0.30"
"US1FLAL0080","GAINESVILLE 6.5 NW, FL US","29.7377","-82.4169","57.9","2021-07-13","0.00"
"US1FLAL0080","GAINESVILLE 6.5 NW, FL US","29.7377","-82.4169","57.9","2021-07-14","0.05"
"US1FLAL0080","GAINESVILLE 6.5 NW, FL US","29.7377","-82.4169","57.9","2021-07-15","0.02"
"US1FLAL0080","GAINESVILLE 6.5 NW, FL US","29.7377","-82.4169","57.9","2021-07-16","0.00"
"US1FLAL0080","GAINESVILLE 6.5 NW, FL US","29.7377","-82.4169","57.9","2021-07-17","0.00"
"US1FLAL0080","GAINESVILLE 6.5 NW, FL US","29.7377","-82.4169","57.9","2021-07-18","0.00"
"US1FLAL0080","GAINESVILLE 6.5 NW, FL US","29.7377","-82.4169","57.9","2021-07-19","0.38"
"US1FLAL0080","GAINESVILLE 6.5 NW, FL US","29.7377","-82.4169","57.9","2021-07-20","0.23"
"US1FLAL0080","GAINESVILLE 6.5 NW, FL US","29.7377","-82.4169","57.9","2021-07-21","0.04"
"US1FLLN0004","TALLAHASSEE 5.7 SE, FL US","30.393828","-84.220022","29.9","2021-07-04","0.00"
"US1FLLN0004","TALLAHASSEE 5.7 SE, FL US","30.393828","-84.220022","29.9","2021-07-05","0.91"
"US1FLLN0004","TALLAHASSEE 5.7 SE, FL US","30.393828","-84.220022","29.9","2021-07-06","0.93"
"US1FLLN0004","TALLAHASSEE 5.7 SE, FL US","30.393828","-84.220022","29.9","2021-07-07","0.23"
"US1FLLN0004","TALLAHASSEE 5.7 SE, FL US","30.393828","-84.220022","29.9","2021-07-08","0.40"
"US1FLLN0004","TALLAHASSEE 5.7 SE, FL US","30.393828","-84.220022","29.9","2021-07-09","0.57"
"US1FLLN0004","TALLAHASSEE 5.7 SE, FL US","30.393828","-84.220022","29.9","2021-07-10","0.13"
"US1FLLN0004","TALLAHASSEE 5.7 SE, FL US","30.393828","-84.220022","29.9","2021-07-11","0.01"
"US1FLLN0004","TALLAHASSEE 5.7 SE, FL US","30.393828","-84.220022","29.9","2021-07-12","0.00"
"US1FLLN0004","TALLAHASSEE 5.7 SE, FL US","30.393828","-84.220022","29.9","2021-07-13","0.13"
"US1FLLN0004","TALLAHASSEE 5.7 SE, FL US","30.393828","-84.220022","29.9","2021-07-14","0.27"
"US1FLLN0004","TALLAHASSEE 5.7 SE, FL US","30.393828","-84.220022","29.9","2021-07-15","0.00"
"US1FLLN0004","TALLAHASSEE 5.7 SE, FL US","30.393828","-84.220022","29.9","2021-07-16","0.00"
"US1FLLN0004","TALLAHASSEE 5.7 SE, FL US","30.393828","-84.220022","29.9","2021-07-17","0.04"
"US1FLLN0004","TALLAHASSEE 5.7 SE, FL US","30.393828","-84.220022","29.9","2021-07-18","0.02"
"US1FLLN0004","TALLAHASSEE 5.7 SE, FL US","30.393828","-84.220022","29.9","2021-07-19","1.39"
"US1FLLN0004","TALLAHASSEE 5.7 SE, FL US","30.393828","-84.220022","29.9","2021-07-20","0.29"
"US1FLLN0004","TALLAHASSEE 5.7 SE, FL US","30.393828","-84.220022","29.9","2021-07-21","0.18"
"US1FLAL0081","GAINESVILLE 8.0 WSW, FL US","29.61641","-82.45139","29.9","2021-07-06",
"US1FLAL0081","GAINESVILLE 8.0 WSW, FL US","29.61641","-82.45139","29.9","2021-07-08",
"US1FLAL0081","GAINESVILLE 8.0 WSW, FL US","29.61641","-82.45139","29.9","2021-07-09","0.00"
"US1FLAL0081","GAINESVILLE 8.0 WSW, FL US","29.61641","-82.45139","29.9","2021-07-12","0.45"
"US1FLAL0081","GAINESVILLE 8.0 WSW, FL US","29.61641","-82.45139","29.9","2021-07-13","0.00"
"US1FLAL0081","GAINESVILLE 8.0 WSW, FL US","29.61641","-82.45139","29.9","2021-07-14","0.01"
"US1FLAL0081","GAINESVILLE 8.0 WSW, FL US","29.61641","-82.45139","29.9","2021-07-15","0.14"
"US1FLAL0081","GAINESVILLE 8.0 WSW, FL US","29.61641","-82.45139","29.9","2021-07-16","0.00"
"US1FLAL0081","GAINESVILLE 8.0 WSW, FL US","29.61641","-82.45139","29.9","2021-07-17","0.00"
"US1FLAL0081","GAINESVILLE 8.0 WSW, FL US","29.61641","-82.45139","29.9","2021-07-18","0.00"
"US1FLAL0081","GAINESVILLE 8.0 WSW, FL US","29.61641","-82.45139","29.9","2021-07-19","0.00"
"US1FLAL0081","GAINESVILLE 8.0 WSW, FL US","29.61641","-82.45139","29.9","2021-07-20","0.25"
"US1FLHB0120","TAMPA 7.9 N, FL US","28.063226","-82.479851","20.4","2021-07-12",
"US1FLHB0120","TAMPA 7.9 N, FL US","28.063226","-82.479851","20.4","2021-07-13","0.86"
"US1FLHB0120","TAMPA 7.9 N, FL US","28.063226","-82.479851","20.4","2021-07-14","0.14"
"US1FLHB0120","TAMPA 7.9 N, FL US","28.063226","-82.479851","20.4","2021-07-15","0.12"
"US1FLHB0120","TAMPA 7.9 N, FL US","28.063226","-82.479851","20.4","2021-07-16","0.00"
"US1FLHB0120","TAMPA 7.9 N, FL US","28.063226","-82.479851","20.4","2021-07-17","0.00"
"US1FLHB0120","TAMPA 7.9 N, FL US","28.063226","-82.479851","20.4","2021-07-18","0.00"
"US1FLHB0120","TAMPA 7.9 N, FL US","28.063226","-82.479851","20.4","2021-07-19","0.00"
"US1FLHB0120","TAMPA 7.9 N, FL US","28.063226","-82.479851","20.4","2021-07-20","0.00"
"US1FLHB0120","TAMPA 7.9 N, FL US","28.063226","-82.479851","20.4","2021-07-21","0.00"
"US1FLHB0123","THONOTOSASSA 3.6 NE, FL US","28.09391","-82.25614","17.7","2021-07-04","2.80"
"US1FLHB0123","THONOTOSASSA 3.6 NE, FL US","28.09391","-82.25614","17.7","2021-07-06","0.20"
"US1FLHB0123","THONOTOSASSA 3.6 NE, FL US","28.09391","-82.25614","17.7","2021-07-07","3.30"
"USC00084366","JACKSONVILLE BEACH, FL US","30.2875","-81.3927","3.0","2021-07-04","0.92"
"USC00084366","JACKSONVILLE BEACH, FL US","30.2875","-81.3927","3.0","2021-07-05","0.97"
"USC00084366","JACKSONVILLE BEACH, FL US","30.2875","-81.3927","3.0","2021-07-06","0.06"
"USC00084366","JACKSONVILLE BEACH, FL US","30.2875","-81.3927","3.0","2021-07-07","0.78"
"USC00084366","JACKSONVILLE BEACH, FL US","30.2875","-81.3927","3.0","2021-07-08","0.67"
"USC00084366","JACKSONVILLE BEACH, FL US","30.2875","-81.3927","3.0","2021-07-09","0.00"
"USC00084366","JACKSONVILLE BEACH, FL US","30.2875","-81.3927","3.0","2021-07-10","0.33"
"USC00084366","JACKSONVILLE BEACH, FL US","30.2875","-81.3927","3.0","2021-07-11","0.44"
"USC00084366","JACKSONVILLE BEACH, FL US","30.2875","-81.3927","3.0","2021-07-12","0.00"
"USC00084366","JACKSONVILLE BEACH, FL US","30.2875","-81.3927","3.0","2021-07-13","0.00"
"USC00084366","JACKSONVILLE BEACH, FL US","30.2875","-81.3927","3.0","2021-07-14","0.00"
"USC00084366","JACKSONVILLE BEACH, FL US","30.2875","-81.3927","3.0","2021-07-15","0.00"
"USC00084366","JACKSONVILLE BEACH, FL US","30.2875","-81.3927","3.0","2021-07-16","0.00"
"USC00084366","JACKSONVILLE BEACH, FL US","30.2875","-81.3927","3.0","2021-07-17","0.00"
"USC00084366","JACKSONVILLE BEACH, FL US","30.2875","-81.3927","3.0","2021-07-18","0.00"
"USC00084366","JACKSONVILLE BEACH, FL US","30.2875","-81.3927","3.0","2021-07-19","0.81"
"USC00084366","JACKSONVILLE BEACH, FL US","30.2875","-81.3927","3.0","2021-07-20","0.03"
"USC00084366","JACKSONVILLE BEACH, FL US","30.2875","-81.3927","3.0","2021-07-21","0.39"
"US1FLAL0078","GAINESVILLE 5.1 S, FL US","29.60066","-82.34533","25.0","2021-07-05","0.44"
"US1FLAL0078","GAINESVILLE 5.1 S, FL US","29.60066","-82.34533","25.0","2021-07-08","5.48"
"US1FLAL0078","GAINESVILLE 5.1 S, FL US","29.60066","-82.34533","25.0","2021-07-20","0.91"
"US1FLAL0079","GAINESVILLE 3.9 S, FL US","29.61814","-82.34215","28.3","2021-07-04","0.05"
"US1FLAL0079","GAINESVILLE 3.9 S, FL US","29.61814","-82.34215","28.3","2021-07-05","0.78"
"US1FLAL0079","GAINESVILLE 3.9 S, FL US","29.61814","-82.34215","28.3","2021-07-06","0.03"
"US1FLAL0079","GAINESVILLE 3.9 S, FL US","29.61814","-82.34215","28.3","2021-07-07","1.20"
"US1FLAL0079","GAINESVILLE 3.9 S, FL US","29.61814","-82.34215","28.3","2021-07-08","3.05"
"US1FLAL0079","GAINESVILLE 3.9 S, FL US","29.61814","-82.34215","28.3","2021-07-09","0.00"
"US1FLAL0079","GAINESVILLE 3.9 S, FL US","29.61814","-82.34215","28.3","2021-07-10","0.01"
"US1FLAL0079","GAINESVILLE 3.9 S, FL US","29.61814","-82.34215","28.3","2021-07-11","0.00"
"US1FLAL0079","GAINESVILLE 3.9 S, FL US","29.61814","-82.34215","28.3","2021-07-12","0.38"
"US1FLAL0079","GAINESVILLE 3.9 S, FL US","29.61814","-82.34215","28.3","2021-07-13","0.00"
"US1FLAL0079","GAINESVILLE 3.9 S, FL US","29.61814","-82.34215","28.3","2021-07-14","0.00"
"US1FLAL0079","GAINESVILLE 3.9 S, FL US","29.61814","-82.34215","28.3","2021-07-15","0.02"
"US1FLAL0079","GAINESVILLE 3.9 S, FL US","29.61814","-82.34215","28.3","2021-07-16","0.00"
"US1FLAL0079","GAINESVILLE 3.9 S, FL US","29.61814","-82.34215","28.3","2021-07-17","0.00"
"US1FLAL0079","GAINESVILLE 3.9 S, FL US","29.61814","-82.34215","28.3","2021-07-18","0.00"
"US1FLAL0079","GAINESVILLE 3.9 S, FL US","29.61814","-82.34215","28.3","2021-07-19","0.00"
"US1FLAL0075","GAINESVILLE 0.9 WSW, FL US","29.66918","-82.34958","43.9","2021-07-04","0.42"
"US1FLAL0075","GAINESVILLE 0.9 WSW, FL US","29.66918","-82.34958","43.9","2021-07-05","0.55"
"US1FLAL0075","GAINESVILLE 0.9 WSW, FL US","29.66918","-82.34958","43.9","2021-07-06","0.03"
"US1FLAL0075","GAINESVILLE 0.9 WSW, FL US","29.66918","-82.34958","43.9","2021-07-07","1.78"
"US1FLAL0075","GAINESVILLE 0.9 WSW, FL US","29.66918","-82.34958","43.9","2021-07-08","3.85"
"US1FLAL0075","GAINESVILLE 0.9 WSW, FL US","29.66918","-82.34958","43.9","2021-07-09","0.00"
"US1FLAL0075","GAINESVILLE 0.9 WSW, FL US","29.66918","-82.34958","43.9","2021-07-10","0.00"
"US1FLAL0075","GAINESVILLE 0.9 WSW, FL US","29.66918","-82.34958","43.9","2021-07-11","0.00"
"US1FLAL0075","GAINESVILLE 0.9 WSW, FL US","29.66918","-82.34958","43.9","2021-07-12","0.18"
"US1FLAL0075","GAINESVILLE 0.9 WSW, FL US","29.66918","-82.34958","43.9","2021-07-13","0.00"
"US1FLAL0075","GAINESVILLE 0.9 WSW, FL US","29.66918","-82.34958","43.9","2021-07-14","0.00"
"US1FLAL0075","GAINESVILLE 0.9 WSW, FL US","29.66918","-82.34958","43.9","2021-07-15","0.00"
"US1FLAL0075","GAINESVILLE 0.9 WSW, FL US","29.66918","-82.34958","43.9","2021-07-16","0.00"
"US1FLAL0075","GAINESVILLE 0.9 WSW, FL US","29.66918","-82.34958","43.9","2021-07-17","0.00"
"US1FLAL0075","GAINESVILLE 0.9 WSW, FL US","29.66918","-82.34958","43.9","2021-07-18","0.00"
"US1FLAL0075","GAINESVILLE 0.9 WSW, FL US","29.66918","-82.34958","43.9","2021-07-19","0.00"
"US1FLAL0075","GAINESVILLE 0.9 WSW, FL US","29.66918","-82.34958","43.9","2021-07-20","1.13"
"US1FLHB0138","TAMPA 2.0 SW, FL US","27.93824","-82.5047","10.1","2021-07-04","2.62"
"US1FLHB0138","TAMPA 2.0 SW, FL US","27.93824","-82.5047","10.1","2021-07-06","0.11"
"US1FLHB0138","TAMPA 2.0 SW, FL US","27.93824","-82.5047","10.1","2021-07-07","0.75"
"US1FLHB0138","TAMPA 2.0 SW, FL US","27.93824","-82.5047","10.1","2021-07-08","0.15"
"US1FLHB0138","TAMPA 2.0 SW, FL US","27.93824","-82.5047","10.1","2021-07-11","0.01"
"US1FLHB0138","TAMPA 2.0 SW, FL US","27.93824","-82.5047","10.1","2021-07-12","0.04"
"US1FLHB0138","TAMPA 2.0 SW, FL US","27.93824","-82.5047","10.1","2021-07-13","0.32"
"US1FLHB0138","TAMPA 2.0 SW, FL US","27.93824","-82.5047","10.1","2021-07-14","0.09"
"US1FLHB0138","TAMPA 2.0 SW, FL US","27.93824","-82.5047","10.1","2021-07-15","1.37"
"US1FLHB0138","TAMPA 2.0 SW, FL US","27.93824","-82.5047","10.1","2021-07-19","0.08"
"US1FLHB0138","TAMPA 2.0 SW, FL US","27.93824","-82.5047","10.1","2021-07-20","0.26"
"US1FLMA0006","ELLENTON 6.6 E, FL US","27.54","-82.422","10.1","2021-07-04","1.43"
"US1FLMA0006","ELLENTON 6.6 E, FL US","27.54","-82.422","10.1","2021-07-05","0.00"
"US1FLMA0006","ELLENTON 6.6 E, FL US","27.54","-82.422","10.1","2021-07-06","0.12"
"US1FLMA0006","ELLENTON 6.6 E, FL US","27.54","-82.422","10.1","2021-07-07","2.64"
"US1FLMA0006","ELLENTON 6.6 E, FL US","27.54","-82.422","10.1","2021-07-08","0.38"
"US1FLMA0006","ELLENTON 6.6 E, FL US","27.54","-82.422","10.1","2021-07-09","0.31"
"US1FLMA0006","ELLENTON 6.6 E, FL US","27.54","-82.422","10.1","2021-07-10","0.00"
"US1FLMA0006","ELLENTON 6.6 E, FL US","27.54","-82.422","10.1","2021-07-11","0.46"
"US1FLMA0006","ELLENTON 6.6 E, FL US","27.54","-82.422","10.1","2021-07-12","0.00"
"US1FLMA0006","ELLENTON 6.6 E, FL US","27.54","-82.422","10.1","2021-07-13","0.00"
"US1FLMA0006","ELLENTON 6.6 E, FL US","27.54","-82.422","10.1","2021-07-14","0.05"
"US1FLMA0006","ELLENTON 6.6 E, FL US","27.54","-82.422","10.1","2021-07-15","0.02"
"US1FLMA0006","ELLENTON 6.6 E, FL US","27.54","-82.422","10.1","2021-07-16","0.00"
"US1FLMA0006","ELLENTON 6.6 E, FL US","27.54","-82.422","10.1","2021-07-17","0.00"
"US1FLMA0006","ELLENTON 6.6 E, FL US","27.54","-82.422","10.1","2021-07-18","0.00"
"US1FLMA0006","ELLENTON 6.6 E, FL US","27.54","-82.422","10.1","2021-07-19","0.45"
"US1FLMA0006","ELLENTON 6.6 E, FL US","27.54","-82.422","10.1","2021-07-20","0.11"
"US1FLMA0006","ELLENTON 6.6 E, FL US","27.54","-82.422","10.1","2021-07-21","0.00"
"US1FLHB0139","SUN CITY CENTER 0.9 S, FL US","27.7087","-82.3539","19.5","2021-07-04","2.64"
"US1FLHB0139","SUN CITY CENTER 0.9 S, FL US","27.7087","-82.3539","19.5","2021-07-05","0.00"
"US1FLHB0139","SUN CITY CENTER 0.9 S, FL US","27.7087","-82.3539","19.5","2021-07-06","0.10"
"US1FLHB0139","SUN CITY CENTER 0.9 S, FL US","27.7087","-82.3539","19.5","2021-07-07","1.52"
"US1FLHB0139","SUN CITY CENTER 0.9 S, FL US","27.7087","-82.3539","19.5","2021-07-08","0.15"
"US1FLHB0139","SUN CITY CENTER 0.9 S, FL US","27.7087","-82.3539","19.5","2021-07-09","0.04"
"US1FLHB0139","SUN CITY CENTER 0.9 S, FL US","27.7087","-82.3539","19.5","2021-07-10","0.00"
"US1FLHB0139","SUN CITY CENTER 0.9 S, FL US","27.7087","-82.3539","19.5","2021-07-11","0.26"
"US1FLHB0139","SUN CITY CENTER 0.9 S, FL US","27.7087","-82.3539","19.5","2021-07-12","0.01"
"US1FLHB0139","SUN CITY CENTER 0.9 S, FL US","27.7087","-82.3539","19.5","2021-07-13","0.23"
"US1FLHB0139","SUN CITY CENTER 0.9 S, FL US","27.7087","-82.3539","19.5","2021-07-14","0.32"
"US1FLHB0139","SUN CITY CENTER 0.9 S, FL US","27.7087","-82.3539","19.5","2021-07-15","0.00"
"US1FLHB0139","SUN CITY CENTER 0.9 S, FL US","27.7087","-82.3539","19.5","2021-07-16","0.00"
"US1FLHB0139","SUN CITY CENTER 0.9 S, FL US","27.7087","-82.3539","19.5","2021-07-17","0.00"
"US1FLHB0139","SUN CITY CENTER 0.9 S, FL US","27.7087","-82.3539","19.5","2021-07-18","0.09"
"US1FLHB0139","SUN CITY CENTER 0.9 S, FL US","27.7087","-82.3539","19.5","2021-07-19","0.00"
"US1FLHB0139","SUN CITY CENTER 0.9 S, FL US","27.7087","-82.3539","19.5","2021-07-20","0.03"
"US1FLHB0139","SUN CITY CENTER 0.9 S, FL US","27.7087","-82.3539","19.5","2021-07-21","0.00"
"US1FLHL0038","SEBRING 2.7 SE, FL US","27.4687","-81.41699","32.6","2021-07-04",
"US1FLHL0038","SEBRING 2.7 SE, FL US","27.4687","-81.41699","32.6","2021-07-05","0.01"
"US1FLHL0038","SEBRING 2.7 SE, FL US","27.4687","-81.41699","32.6","2021-07-06","0.26"
"US1FLHL0038","SEBRING 2.7 SE, FL US","27.4687","-81.41699","32.6","2021-07-07","1.16"
"US1FLHL0038","SEBRING 2.7 SE, FL US","27.4687","-81.41699","32.6","2021-07-08","0.49"
"US1FLHL0038","SEBRING 2.7 SE, FL US","27.4687","-81.41699","32.6","2021-07-09","0.01"
"US1FLHL0038","SEBRING 2.7 SE, FL US","27.4687","-81.41699","32.6","2021-07-10","0.43"
"US1FLHL0038","SEBRING 2.7 SE, FL US","27.4687","-81.41699","32.6","2021-07-11","0.00"
"US1FLHL0038","SEBRING 2.7 SE, FL US","27.4687","-81.41699","32.6","2021-07-12","0.00"
"US1FLHL0038","SEBRING 2.7 SE, FL US","27.4687","-81.41699","32.6","2021-07-13","0.46"
"US1FLHL0038","SEBRING 2.7 SE, FL US","27.4687","-81.41699","32.6","2021-07-14","0.85"
"US1FLHL0038","SEBRING 2.7 SE, FL US","27.4687","-81.41699","32.6","2021-07-15","0.09"
"US1FLHL0038","SEBRING 2.7 SE, FL US","27.4687","-81.41699","32.6","2021-07-16","0.01"
"US1FLHL0038","SEBRING 2.7 SE, FL US","27.4687","-81.41699","32.6","2021-07-17","0.01"
"US1FLHL0038","SEBRING 2.7 SE, FL US","27.4687","-81.41699","32.6","2021-07-18","0.02"
"US1FLHL0038","SEBRING 2.7 SE, FL US","27.4687","-81.41699","32.6","2021-07-19","0.00"
"US1FLHL0038","SEBRING 2.7 SE, FL US","27.4687","-81.41699","32.6","2021-07-20","0.19"
"US1FLHL0038","SEBRING 2.7 SE, FL US","27.4687","-81.41699","32.6","2021-07-21","0.25"
"US1FLHB0130","APOLLO BEACH 2.7 ENE, FL US","27.7822","-82.3645","11.9","2021-07-04","1.76"
"US1FLHB0130","APOLLO BEACH 2.7 ENE, FL US","27.7822","-82.3645","11.9","2021-07-05","0.00"
"US1FLHB0130","APOLLO BEACH 2.7 ENE, FL US","27.7822","-82.3645","11.9","2021-07-06","1.68"
"US1FLHB0130","APOLLO BEACH 2.7 ENE, FL US","27.7822","-82.3645","11.9","2021-07-07","1.68"
"US1FLHB0130","APOLLO BEACH 2.7 ENE, FL US","27.7822","-82.3645","11.9","2021-07-08","0.45"
"US1FLHB0130","APOLLO BEACH 2.7 ENE, FL US","27.7822","-82.3645","11.9","2021-07-09","0.00"
"US1FLHB0130","APOLLO BEACH 2.7 ENE, FL US","27.7822","-82.3645","11.9","2021-07-10","0.00"
"US1FLHB0130","APOLLO BEACH 2.7 ENE, FL US","27.7822","-82.3645","11.9","2021-07-11","0.31"
"US1FLHB0130","APOLLO BEACH 2.7 ENE, FL US","27.7822","-82.3645","11.9","2021-07-12","0.02"
"US1FLHB0130","APOLLO BEACH 2.7 ENE, FL US","27.7822","-82.3645","11.9","2021-07-13","0.32"
"US1FLHB0130","APOLLO BEACH 2.7 ENE, FL US","27.7822","-82.3645","11.9","2021-07-14","0.00"
"US1FLHB0130","APOLLO BEACH 2.7 ENE, FL US","27.7822","-82.3645","11.9","2021-07-15","0.00"
"US1FLHB0130","APOLLO BEACH 2.7 ENE, FL US","27.7822","-82.3645","11.9","2021-07-16","0.00"
"US1FLHB0130","APOLLO BEACH 2.7 ENE, FL US","27.7822","-82.3645","11.9","2021-07-17","0.00"
"US1FLHB0130","APOLLO BEACH 2.7 ENE, FL US","27.7822","-82.3645","11.9","2021-07-18","0.00"
"US1FLHB0130","APOLLO BEACH 2.7 ENE, FL US","27.7822","-82.3645","11.9","2021-07-19","0.00"
"US1FLHB0130","APOLLO BEACH 2.7 ENE, FL US","27.7822","-82.3645","11.9","2021-07-20","0.26"
"US1FLHB0130","APOLLO BEACH 2.7 ENE, FL US","27.7822","-82.3645","11.9","2021-07-21","0.00"
"US1FLAL0071","HAWTHORNE 5.0 WNW, FL US","29.6164","-82.1658","36.6","2021-07-04","0.79"
"US1FLAL0071","HAWTHORNE 5.0 WNW, FL US","29.6164","-82.1658","36.6","2021-07-05","0.74"
"US1FLAL0071","HAWTHORNE 5.0 WNW, FL US","29.6164","-82.1658","36.6","2021-07-07",
"US1FLAL0071","HAWTHORNE 5.0 WNW, FL US","29.6164","-82.1658","36.6","2021-07-08","3.22"
"US1FLAL0071","HAWTHORNE 5.0 WNW, FL US","29.6164","-82.1658","36.6","2021-07-09","0.05"
"US1FLAL0071","HAWTHORNE 5.0 WNW, FL US","29.6164","-82.1658","36.6","2021-07-10","0.00"
"US1FLAL0071","HAWTHORNE 5.0 WNW, FL US","29.6164","-82.1658","36.6","2021-07-11","0.00"
"US1FLAL0071","HAWTHORNE 5.0 WNW, FL US","29.6164","-82.1658","36.6","2021-07-12","0.03"
"US1FLAL0071","HAWTHORNE 5.0 WNW, FL US","29.6164","-82.1658","36.6","2021-07-13","0.17"
"US1FLAL0071","HAWTHORNE 5.0 WNW, FL US","29.6164","-82.1658","36.6","2021-07-14","0.00"
"US1FLAL0071","HAWTHORNE 5.0 WNW, FL US","29.6164","-82.1658","36.6","2021-07-15","0.03"
"US1FLAL0071","HAWTHORNE 5.0 WNW, FL US","29.6164","-82.1658","36.6","2021-07-17","0.00"
"US1FLAL0071","HAWTHORNE 5.0 WNW, FL US","29.6164","-82.1658","36.6","2021-07-18","0.00"
"US1FLAL0071","HAWTHORNE 5.0 WNW, FL US","29.6164","-82.1658","36.6","2021-07-19","0.00"
"US1FLAL0071","HAWTHORNE 5.0 WNW, FL US","29.6164","-82.1658","36.6","2021-07-20","0.40"
"US1FLAL0071","HAWTHORNE 5.0 WNW, FL US","29.6164","-82.1658","36.6","2021-07-21","0.26"
"US1FLAL0072","GAINESVILLE 0.6 NE, FL US","29.68085","-82.32951","57.9","2021-07-04","0.25"
"US1FLAL0072","GAINESVILLE 0.6 NE, FL US","29.68085","-82.32951","57.9","2021-07-05","0.80"
"US1FLAL0072","GAINESVILLE 0.6 NE, FL US","29.68085","-82.32951","57.9","2021-07-06","0.02"
"US1FLAL0072","GAINESVILLE 0.6 NE, FL US","29.68085","-82.32951","57.9","2021-07-07","2.09"
"US1FLAL0072","GAINESVILLE 0.6 NE, FL US","29.68085","-82.32951","57.9","2021-07-08","4.20"
"US1FLAL0072","GAINESVILLE 0.6 NE, FL US","29.68085","-82.32951","57.9","2021-07-12","0.11"
"US1FLAL0072","GAINESVILLE 0.6 NE, FL US","29.68085","-82.32951","57.9","2021-07-20","0.61"
"US1FLAL0072","GAINESVILLE 0.6 NE, FL US","29.68085","-82.32951","57.9","2021-07-21","0.03"
"US1FLHB0134","SUN CITY CENTER 1.8 NNE, FL US","27.744775","-82.337738","14.0","2021-07-05",
"US1FLHB0134","SUN CITY CENTER 1.8 NNE, FL US","27.744775","-82.337738","14.0","2021-07-06","0.97"
"US1FLHB0134","SUN CITY CENTER 1.8 NNE, FL US","27.744775","-82.337738","14.0","2021-07-07","2.12"
"US1FLHB0134","SUN CITY CENTER 1.8 NNE, FL US","27.744775","-82.337738","14.0","2021-07-12",
"US1FLHB0134","SUN CITY CENTER 1.8 NNE, FL US","27.744775","-82.337738","14.0","2021-07-13","0.24"
"US1FLHB0134","SUN CITY CENTER 1.8 NNE, FL US","27.744775","-82.337738","14.0","2021-07-14","0.07"
"US1FLLN0010","TALLAHASSEE 1.3 SW, FL US","30.446293","-84.29968","52.1","2021-07-04","0.01"
"US1FLLN0010","TALLAHASSEE 1.3 SW, FL US","30.446293","-84.29968","52.1","2021-07-05","1.01"
"US1FLLN0010","TALLAHASSEE 1.3 SW, FL US","30.446293","-84.29968","52.1","2021-07-06","0.63"
"US1FLLN0010","TALLAHASSEE 1.3 SW, FL US","30.446293","-84.29968","52.1","2021-07-07","0.12"
"US1FLLN0010","TALLAHASSEE 1.3 SW, FL US","30.446293","-84.29968","52.1","2021-07-08","0.51"
"US1FLLN0010","TALLAHASSEE 1.3 SW, FL US","30.446293","-84.29968","52.1","2021-07-09","0.22"
"US1FLLN0010","TALLAHASSEE 1.3 SW, FL US","30.446293","-84.29968","52.1","2021-07-10","0.10"
"US1FLLN0010","TALLAHASSEE 1.3 SW, FL US","30.446293","-84.29968","52.1","2021-07-11","0.02"
"US1FLLN0010","TALLAHASSEE 1.3 SW, FL US","30.446293","-84.29968","52.1","2021-07-13","0.02"
"US1FLLN0010","TALLAHASSEE 1.3 SW, FL US","30.446293","-84.29968","52.1","2021-07-14","0.00"
"US1FLLN0010","TALLAHASSEE 1.3 SW, FL US","30.446293","-84.29968","52.1","2021-07-15","0.00"
"US1FLLN0010","TALLAHASSEE 1.3 SW, FL US","30.446293","-84.29968","52.1","2021-07-16","0.00"
"US1FLLN0010","TALLAHASSEE 1.3 SW, FL US","30.446293","-84.29968","52.1","2021-07-17","0.36"
"US1FLLN0010","TALLAHASSEE 1.3 SW, FL US","30.446293","-84.29968","52.1","2021-07-18","0.00"
"US1FLLN0010","TALLAHASSEE 1.3 SW, FL US","30.446293","-84.29968","52.1","2021-07-19","0.11"
"US1FLLN0010","TALLAHASSEE 1.3 SW, FL US","30.446293","-84.29968","52.1","2021-07-20","0.21"
"US1FLLN0010","TALLAHASSEE 1.3 SW, FL US","30.446293","-84.29968","52.1","2021-07-21","1.08"
"US1FLLN0011","TALLAHASSEE 8.0 N, FL US","30.571551","-84.256461","68.0","2021-07-04","0.67"
"US1FLLN0011","TALLAHASSEE 8.0 N, FL US","30.571551","-84.256461","68.0","2021-07-05","0.09"
"US1FLLN0011","TALLAHASSEE 8.0 N, FL US","30.571551","-84.256461","68.0","2021-07-06","0.30"
"US1FLLN0011","TALLAHASSEE 8.0 N, FL US","30.571551","-84.256461","68.0","2021-07-07","0.29"
"US1FLLN0011","TALLAHASSEE 8.0 N, FL US","30.571551","-84.256461","68.0","2021-07-08","1.52"
"US1FLLN0011","TALLAHASSEE 8.0 N, FL US","30.571551","-84.256461","68.0","2021-07-09","0.45"
"US1FLLN0011","TALLAHASSEE 8.0 N, FL US","30.571551","-84.256461","68.0","2021-07-10","0.92"
"US1FLLN0011","TALLAHASSEE 8.0 N, FL US","30.571551","-84.256461","68.0","2021-07-11","0.01"
"US1FLLN0011","TALLAHASSEE 8.0 N, FL US","30.571551","-84.256461","68.0","2021-07-12","0.00"
"US1FLLN0011","TALLAHASSEE 8.0 N, FL US","30.571551","-84.256461","68.0","2021-07-13","0.05"
"US1FLLN0011","TALLAHASSEE 8.0 N, FL US","30.571551","-84.256461","68.0","2021-07-14","0.00"
"US1FLLN0011","TALLAHASSEE 8.0 N, FL US","30.571551","-84.256461","68.0","2021-07-15","0.00"
"US1FLLN0011","TALLAHASSEE 8.0 N, FL US","30.571551","-84.256461","68.0","2021-07-16","0.00"
"US1FLLN0011","TALLAHASSEE 8.0 N, FL US","30.571551","-84.256461","68.0","2021-07-17","0.00"
"US1FLLN0011","TALLAHASSEE 8.0 N, FL US","30.571551","-84.256461","68.0","2021-07-18","0.24"
"US1FLLN0011","TALLAHASSEE 8.0 N, FL US","30.571551","-84.256461","68.0","2021-07-19","1.50"
"US1FLLN0011","TALLAHASSEE 8.0 N, FL US","30.571551","-84.256461","68.0","2021-07-20","1.06"
"US1FLLN0011","TALLAHASSEE 8.0 N, FL US","30.571551","-84.256461","68.0","2021-07-21","0.65"
"US1FLHB0136","BRANDON 2.8 SW, FL US","27.903022","-82.326364","14.6","2021-07-04","4.10"
"US1FLHB0136","BRANDON 2.8 SW, FL US","27.903022","-82.326364","14.6","2021-07-05","0.00"
"US1FLHB0136","BRANDON 2.8 SW, FL US","27.903022","-82.326364","14.6","2021-07-06","1.69"
"US1FLHB0136","BRANDON 2.8 SW, FL US","27.903022","-82.326364","14.6","2021-07-07","2.91"
"US1FLHB0136","BRANDON 2.8 SW, FL US","27.903022","-82.326364","14.6","2021-07-08","0.39"
"US1FLHB0136","BRANDON 2.8 SW, FL US","27.903022","-82.326364","14.6","2021-07-09","0.00"
"US1FLHB0136","BRANDON 2.8 SW, FL US","27.903022","-82.326364","14.6","2021-07-11","0.92"
"US1FLHB0136","BRANDON 2.8 SW, FL US","27.903022","-82.326364","14.6","2021-07-13","0.30"
"US1FLHB0136","BRANDON 2.8 SW, FL US","27.903022","-82.326364","14.6","2021-07-14","0.02"
"US1FLHB0136","BRANDON 2.8 SW, FL US","27.903022","-82.326364","14.6","2021-07-15","0.43"
"US1FLHB0136","BRANDON 2.8 SW, FL US","27.903022","-82.326364","14.6","2021-07-16","0.00"
"US1FLHB0136","BRANDON 2.8 SW, FL US","27.903022","-82.326364","14.6","2021-07-17","0.00"
"US1FLHB0136","BRANDON 2.8 SW, FL US","27.903022","-82.326364","14.6","2021-07-18","0.00"
"US1FLAL0062","MELROSE 1.7 W, FL US","29.709135","-82.066162","46.9","2021-07-04","0.24"
"US1FLAL0062","MELROSE 1.7 W, FL US","29.709135","-82.066162","46.9","2021-07-05","0.59"
"US1FLAL0062","MELROSE 1.7 W, FL US","29.709135","-82.066162","46.9","2021-07-06","0.01"
"US1FLAL0062","MELROSE 1.7 W, FL US","29.709135","-82.066162","46.9","2021-07-08",
"US1FLAL0062","MELROSE 1.7 W, FL US","29.709135","-82.066162","46.9","2021-07-10","0.05"
"US1FLAL0062","MELROSE 1.7 W, FL US","29.709135","-82.066162","46.9","2021-07-12","0.03"
"US1FLAL0062","MELROSE 1.7 W, FL US","29.709135","-82.066162","46.9","2021-07-13","0.01"
"US1FLAL0062","MELROSE 1.7 W, FL US","29.709135","-82.066162","46.9","2021-07-14","0.05"
"US1FLAL0062","MELROSE 1.7 W, FL US","29.709135","-82.066162","46.9","2021-07-20","1.32"
"US1FLAL0063","GAINESVILLE 3.0 WNW, FL US","29.684325","-82.384629","49.1","2021-07-04","0.64"
"US1FLAL0063","GAINESVILLE 3.0 WNW, FL US","29.684325","-82.384629","49.1","2021-07-05","0.62"
"US1FLAL0063","GAINESVILLE 3.0 WNW, FL US","29.684325","-82.384629","49.1","2021-07-06","0.02"
"US1FLAL0063","GAINESVILLE 3.0 WNW, FL US","29.684325","-82.384629","49.1","2021-07-07","1.65"
"US1FLAL0063","GAINESVILLE 3.0 WNW, FL US","29.684325","-82.384629","49.1","2021-07-08","4.30"
"US1FLAL0063","GAINESVILLE 3.0 WNW, FL US","29.684325","-82.384629","49.1","2021-07-10","0.03"
"US1FLAL0063","GAINESVILLE 3.0 WNW, FL US","29.684325","-82.384629","49.1","2021-07-13","0.00"
"US1FLAL0063","GAINESVILLE 3.0 WNW, FL US","29.684325","-82.384629","49.1","2021-07-14","0.00"
"US1FLAL0063","GAINESVILLE 3.0 WNW, FL US","29.684325","-82.384629","49.1","2021-07-15","0.23"
"US1FLAL0063","GAINESVILLE 3.0 WNW, FL US","29.684325","-82.384629","49.1","2021-07-16","0.00"
"US1FLAL0063","GAINESVILLE 3.0 WNW, FL US","29.684325","-82.384629","49.1","2021-07-17","0.00"
"US1FLAL0063","GAINESVILLE 3.0 WNW, FL US","29.684325","-82.384629","49.1","2021-07-18","0.00"
"US1FLAL0063","GAINESVILLE 3.0 WNW, FL US","29.684325","-82.384629","49.1","2021-07-19","0.00"
"US1FLAL0063","GAINESVILLE 3.0 WNW, FL US","29.684325","-82.384629","49.1","2021-07-20","0.92"
"US1FLAL0063","GAINESVILLE 3.0 WNW, FL US","29.684325","-82.384629","49.1","2021-07-21","0.16"
"US1FLHL0043","SEBRING 7.9 ESE, FL US","27.4415","-81.33767","26.2","2021-07-04","0.39"
"US1FLHL0043","SEBRING 7.9 ESE, FL US","27.4415","-81.33767","26.2","2021-07-05","0.01"
"US1FLHL0043","SEBRING 7.9 ESE, FL US","27.4415","-81.33767","26.2","2021-07-06","0.61"
"US1FLHL0043","SEBRING 7.9 ESE, FL US","27.4415","-81.33767","26.2","2021-07-07","1.38"
"US1FLHL0043","SEBRING 7.9 ESE, FL US","27.4415","-81.33767","26.2","2021-07-08","0.17"
"US1FLHL0043","SEBRING 7.9 ESE, FL US","27.4415","-81.33767","26.2","2021-07-09","0.00"
"US1FLHL0043","SEBRING 7.9 ESE, FL US","27.4415","-81.33767","26.2","2021-07-10","0.00"
"US1FLHL0043","SEBRING 7.9 ESE, FL US","27.4415","-81.33767","26.2","2021-07-11","0.00"
"US1FLHL0043","SEBRING 7.9 ESE, FL US","27.4415","-81.33767","26.2","2021-07-12","0.00"
"US1FLHL0043","SEBRING 7.9 ESE, FL US","27.4415","-81.33767","26.2","2021-07-13","0.86"
"US1FLHL0043","SEBRING 7.9 ESE, FL US","27.4415","-81.33767","26.2","2021-07-14","1.51"
"US1FLHL0043","SEBRING 7.9 ESE, FL US","27.4415","-81.33767","26.2","2021-07-15","0.02"
"US1FLHL0043","SEBRING 7.9 ESE, FL US","27.4415","-81.33767","26.2","2021-07-16","0.00"
"US1FLHL0043","SEBRING 7.9 ESE, FL US","27.4415","-81.33767","26.2","2021-07-17","0.00"
"US1FLHL0043","SEBRING 7.9 ESE, FL US","27.4415","-81.33767","26.2","2021-07-18","0.15"
"US1FLHL0043","SEBRING 7.9 ESE, FL US","27.4415","-81.33767","26.2","2021-07-19","0.00"
"US1FLHL0043","SEBRING 7.9 ESE, FL US","27.4415","-81.33767","26.2","2021-07-20","0.00"
"US1FLHL0043","SEBRING 7.9 ESE, FL US","27.4415","-81.33767","26.2","2021-07-21","0.02"
"US1FLHL0042","SEBRING 3.1 SW, FL US","27.457578","-81.486959","41.8","2021-07-04","1.50"
"US1FLLE0068","LEHIGH ACRES 3.8 SSW, FL US","26.550393","-81.650833","8.5","2021-07-04","0.00"
"US1FLLE0068","LEHIGH ACRES 3.8 SSW, FL US","26.550393","-81.650833","8.5","2021-07-05","0.00"
"US1FLLE0068","LEHIGH ACRES 3.8 SSW, FL US","26.550393","-81.650833","8.5","2021-07-06","0.13"
"US1FLLE0068","LEHIGH ACRES 3.8 SSW, FL US","26.550393","-81.650833","8.5","2021-07-07","1.81"
"US1FLLE0068","LEHIGH ACRES 3.8 SSW, FL US","26.550393","-81.650833","8.5","2021-07-08","0.55"
"US1FLLE0068","LEHIGH ACRES 3.8 SSW, FL US","26.550393","-81.650833","8.5","2021-07-09","0.00"
"US1FLLE0068","LEHIGH ACRES 3.8 SSW, FL US","26.550393","-81.650833","8.5","2021-07-10","0.15"
"US1FLLE0068","LEHIGH ACRES 3.8 SSW, FL US","26.550393","-81.650833","8.5","2021-07-11","0.25"
"US1FLLE0068","LEHIGH ACRES 3.8 SSW, FL US","26.550393","-81.650833","8.5","2021-07-12","0.00"
"US1FLLE0068","LEHIGH ACRES 3.8 SSW, FL US","26.550393","-81.650833","8.5","2021-07-13","0.03"
"US1FLLE0068","LEHIGH ACRES 3.8 SSW, FL US","26.550393","-81.650833","8.5","2021-07-14","0.18"
"US1FLLE0068","LEHIGH ACRES 3.8 SSW, FL US","26.550393","-81.650833","8.5","2021-07-15","0.39"
"US1FLLE0068","LEHIGH ACRES 3.8 SSW, FL US","26.550393","-81.650833","8.5","2021-07-16","0.02"
"US1FLLE0068","LEHIGH ACRES 3.8 SSW, FL US","26.550393","-81.650833","8.5","2021-07-17","0.00"
"US1FLLE0068","LEHIGH ACRES 3.8 SSW, FL US","26.550393","-81.650833","8.5","2021-07-18","0.08"
"US1FLLE0068","LEHIGH ACRES 3.8 SSW, FL US","26.550393","-81.650833","8.5","2021-07-19","0.18"
"US1FLLE0068","LEHIGH ACRES 3.8 SSW, FL US","26.550393","-81.650833","8.5","2021-07-20","0.03"
"US1FLLE0068","LEHIGH ACRES 3.8 SSW, FL US","26.550393","-81.650833","8.5","2021-07-21","0.22"
"US1FLLE0065","CYPRESS LAKE 0.5 SSW, FL US","26.530387","-81.90266","4.9","2021-07-04","0.00"
"US1FLLE0065","CYPRESS LAKE 0.5 SSW, FL US","26.530387","-81.90266","4.9","2021-07-05","0.00"
"US1FLLE0065","CYPRESS LAKE 0.5 SSW, FL US","26.530387","-81.90266","4.9","2021-07-06","0.07"
"US1FLLE0065","CYPRESS LAKE 0.5 SSW, FL US","26.530387","-81.90266","4.9","2021-07-07","5.31"
"US1FLLE0065","CYPRESS LAKE 0.5 SSW, FL US","26.530387","-81.90266","4.9","2021-07-08","0.51"
"US1FLLE0065","CYPRESS LAKE 0.5 SSW, FL US","26.530387","-81.90266","4.9","2021-07-09","0.00"
"US1FLLE0065","CYPRESS LAKE 0.5 SSW, FL US","26.530387","-81.90266","4.9","2021-07-10","0.00"
"US1FLLE0065","CYPRESS LAKE 0.5 SSW, FL US","26.530387","-81.90266","4.9","2021-07-11","1.14"
"US1FLLE0065","CYPRESS LAKE 0.5 SSW, FL US","26.530387","-81.90266","4.9","2021-07-12","0.02"
"US1FLLE0065","CYPRESS LAKE 0.5 SSW, FL US","26.530387","-81.90266","4.9","2021-07-13","0.00"
"US1FLLE0065","CYPRESS LAKE 0.5 SSW, FL US","26.530387","-81.90266","4.9","2021-07-14","0.07"
"US1FLLE0065","CYPRESS LAKE 0.5 SSW, FL US","26.530387","-81.90266","4.9","2021-07-15","0.47"
"US1FLLE0065","CYPRESS LAKE 0.5 SSW, FL US","26.530387","-81.90266","4.9","2021-07-16","0.05"
"US1FLLE0065","CYPRESS LAKE 0.5 SSW, FL US","26.530387","-81.90266","4.9","2021-07-17","0.00"
"US1FLLE0065","CYPRESS LAKE 0.5 SSW, FL US","26.530387","-81.90266","4.9","2021-07-18","0.19"
"US1FLLE0065","CYPRESS LAKE 0.5 SSW, FL US","26.530387","-81.90266","4.9","2021-07-19","0.18"
"US1FLLE0065","CYPRESS LAKE 0.5 SSW, FL US","26.530387","-81.90266","4.9","2021-07-20","0.00"
"US1FLLE0065","CYPRESS LAKE 0.5 SSW, FL US","26.530387","-81.90266","4.9","2021-07-21","0.00"
"US1FLAL0060","GAINESVILLE 7.5 WSW, FL US","29.646704","-82.456255","37.8","2021-07-05","0.64"
"US1FLAL0060","GAINESVILLE 7.5 WSW, FL US","29.646704","-82.456255","37.8","2021-07-07","1.85"
"US1FLAL0060","GAINESVILLE 7.5 WSW, FL US","29.646704","-82.456255","37.8","2021-07-08","6.16"
"US1FLAL0060","GAINESVILLE 7.5 WSW, FL US","29.646704","-82.456255","37.8","2021-07-11","0.00"
"US1FLAL0060","GAINESVILLE 7.5 WSW, FL US","29.646704","-82.456255","37.8","2021-07-12","0.86"
"US1FLAL0060","GAINESVILLE 7.5 WSW, FL US","29.646704","-82.456255","37.8","2021-07-13","0.10"
"US1FLAL0060","GAINESVILLE 7.5 WSW, FL US","29.646704","-82.456255","37.8","2021-07-14","0.00"
"US1FLAL0060","GAINESVILLE 7.5 WSW, FL US","29.646704","-82.456255","37.8","2021-07-15","0.00"
"US1FLAL0060","GAINESVILLE 7.5 WSW, FL US","29.646704","-82.456255","37.8","2021-07-17","0.00"
"US1FLAL0060","GAINESVILLE 7.5 WSW, FL US","29.646704","-82.456255","37.8","2021-07-18","0.00"
"US1FLAL0060","GAINESVILLE 7.5 WSW, FL US","29.646704","-82.456255","37.8","2021-07-19","0.00"
"US1FLAL0060","GAINESVILLE 7.5 WSW, FL US","29.646704","-82.456255","37.8","2021-07-20","0.35"
"US1FLAL0060","GAINESVILLE 7.5 WSW, FL US","29.646704","-82.456255","37.8","2021-07-21","0.06"
"US1FLAL0061","GAINESVILLE 5.8 WSW, FL US","29.64164","-82.42455","25.9","2021-07-04","0.70"
"US1FLAL0061","GAINESVILLE 5.8 WSW, FL US","29.64164","-82.42455","25.9","2021-07-05","0.74"
"US1FLAL0061","GAINESVILLE 5.8 WSW, FL US","29.64164","-82.42455","25.9","2021-07-06","0.05"
"US1FLAL0061","GAINESVILLE 5.8 WSW, FL US","29.64164","-82.42455","25.9","2021-07-07","1.29"
"US1FLAL0061","GAINESVILLE 5.8 WSW, FL US","29.64164","-82.42455","25.9","2021-07-08","4.65"
"US1FLAL0061","GAINESVILLE 5.8 WSW, FL US","29.64164","-82.42455","25.9","2021-07-10","0.05"
"US1FLAL0061","GAINESVILLE 5.8 WSW, FL US","29.64164","-82.42455","25.9","2021-07-12","0.65"
"US1FLAL0061","GAINESVILLE 5.8 WSW, FL US","29.64164","-82.42455","25.9","2021-07-15","0.17"
"US1FLAL0061","GAINESVILLE 5.8 WSW, FL US","29.64164","-82.42455","25.9","2021-07-20","0.81"
"US1FLAL0061","GAINESVILLE 5.8 WSW, FL US","29.64164","-82.42455","25.9","2021-07-21","0.04"
"US1FLAL0055","GAINESVILLE 7.7 W, FL US","29.657232","-82.463644","25.6","2021-07-04","0.44"
"US1FLAL0055","GAINESVILLE 7.7 W, FL US","29.657232","-82.463644","25.6","2021-07-05","0.57"
"US1FLAL0055","GAINESVILLE 7.7 W, FL US","29.657232","-82.463644","25.6","2021-07-06","0.07"
"US1FLAL0055","GAINESVILLE 7.7 W, FL US","29.657232","-82.463644","25.6","2021-07-07","1.69"
"US1FLAL0055","GAINESVILLE 7.7 W, FL US","29.657232","-82.463644","25.6","2021-07-08","6.51"
"US1FLAL0055","GAINESVILLE 7.7 W, FL US","29.657232","-82.463644","25.6","2021-07-09","0.00"
"US1FLAL0055","GAINESVILLE 7.7 W, FL US","29.657232","-82.463644","25.6","2021-07-10","0.00"
"US1FLAL0055","GAINESVILLE 7.7 W, FL US","29.657232","-82.463644","25.6","2021-07-11","0.00"
"US1FLAL0055","GAINESVILLE 7.7 W, FL US","29.657232","-82.463644","25.6","2021-07-12","0.75"
"US1FLAL0055","GAINESVILLE 7.7 W, FL US","29.657232","-82.463644","25.6","2021-07-13","0.05"
"US1FLAL0055","GAINESVILLE 7.7 W, FL US","29.657232","-82.463644","25.6","2021-07-14","0.00"
"US1FLAL0055","GAINESVILLE 7.7 W, FL US","29.657232","-82.463644","25.6","2021-07-15","0.00"
"US1FLAL0055","GAINESVILLE 7.7 W, FL US","29.657232","-82.463644","25.6","2021-07-16","0.00"
"US1FLAL0055","GAINESVILLE 7.7 W, FL US","29.657232","-82.463644","25.6","2021-07-17","0.00"
"US1FLAL0055","GAINESVILLE 7.7 W, FL US","29.657232","-82.463644","25.6","2021-07-18","0.00"
"US1FLAL0055","GAINESVILLE 7.7 W, FL US","29.657232","-82.463644","25.6","2021-07-19","0.00"
"US1FLAL0055","GAINESVILLE 7.7 W, FL US","29.657232","-82.463644","25.6","2021-07-20","0.03"
"US1FLAL0055","GAINESVILLE 7.7 W, FL US","29.657232","-82.463644","25.6","2021-07-21","0.12"
"US1FLSS0014","NORTH PORT 1.6 ENE, FL US","27.061","-82.172","10.1","2021-07-04","0.04"
"US1FLSS0014","NORTH PORT 1.6 ENE, FL US","27.061","-82.172","10.1","2021-07-05","0.00"
"US1FLSS0014","NORTH PORT 1.6 ENE, FL US","27.061","-82.172","10.1","2021-07-06","0.00"
"US1FLSS0014","NORTH PORT 1.6 ENE, FL US","27.061","-82.172","10.1","2021-07-07","6.25"
"US1FLSS0014","NORTH PORT 1.6 ENE, FL US","27.061","-82.172","10.1","2021-07-08","0.00"
"US1FLSS0014","NORTH PORT 1.6 ENE, FL US","27.061","-82.172","10.1","2021-07-09","0.00"
"US1FLSS0014","NORTH PORT 1.6 ENE, FL US","27.061","-82.172","10.1","2021-07-10","0.00"
"US1FLSS0014","NORTH PORT 1.6 ENE, FL US","27.061","-82.172","10.1","2021-07-11","1.74"
"US1FLSS0014","NORTH PORT 1.6 ENE, FL US","27.061","-82.172","10.1","2021-07-12","0.50"
"US1FLSS0014","NORTH PORT 1.6 ENE, FL US","27.061","-82.172","10.1","2021-07-13","0.17"
"US1FLSS0014","NORTH PORT 1.6 ENE, FL US","27.061","-82.172","10.1","2021-07-14","0.01"
"US1FLSS0014","NORTH PORT 1.6 ENE, FL US","27.061","-82.172","10.1","2021-07-15","0.38"
"US1FLSS0014","NORTH PORT 1.6 ENE, FL US","27.061","-82.172","10.1","2021-07-16","0.00"
"US1FLSS0014","NORTH PORT 1.6 ENE, FL US","27.061","-82.172","10.1","2021-07-17","0.42"
"US1FLSS0014","NORTH PORT 1.6 ENE, FL US","27.061","-82.172","10.1","2021-07-18","0.20"
"US1FLSS0014","NORTH PORT 1.6 ENE, FL US","27.061","-82.172","10.1","2021-07-19","0.14"
"US1FLSS0014","NORTH PORT 1.6 ENE, FL US","27.061","-82.172","10.1","2021-07-20","0.00"
"US1FLSS0014","NORTH PORT 1.6 ENE, FL US","27.061","-82.172","10.1","2021-07-21","0.00"
"US1FLAL0058","GAINESVILLE 5.0 SSW, FL US","29.606028","-82.362306","28.3","2021-07-04","0.57"
"US1FLAL0058","GAINESVILLE 5.0 SSW, FL US","29.606028","-82.362306","28.3","2021-07-05","0.72"
"US1FLAL0058","GAINESVILLE 5.0 SSW, FL US","29.606028","-82.362306","28.3","2021-07-06","0.03"
"US1FLAL0058","GAINESVILLE 5.0 SSW, FL US","29.606028","-82.362306","28.3","2021-07-07","0.15"
"US1FLAL0058","GAINESVILLE 5.0 SSW, FL US","29.606028","-82.362306","28.3","2021-07-08","3.81"
"US1FLAL0058","GAINESVILLE 5.0 SSW, FL US","29.606028","-82.362306","28.3","2021-07-09","0.04"
"US1FLAL0058","GAINESVILLE 5.0 SSW, FL US","29.606028","-82.362306","28.3","2021-07-10","0.09"
"US1FLAL0058","GAINESVILLE 5.0 SSW, FL US","29.606028","-82.362306","28.3","2021-07-11","0.01"
"US1FLAL0058","GAINESVILLE 5.0 SSW, FL US","29.606028","-82.362306","28.3","2021-07-12","0.00"
"US1FLAL0058","GAINESVILLE 5.0 SSW, FL US","29.606028","-82.362306","28.3","2021-07-13","0.00"
"US1FLAL0058","GAINESVILLE 5.0 SSW, FL US","29.606028","-82.362306","28.3","2021-07-14","0.00"
"US1FLAL0058","GAINESVILLE 5.0 SSW, FL US","29.606028","-82.362306","28.3","2021-07-15","0.04"
"US1FLAL0058","GAINESVILLE 5.0 SSW, FL US","29.606028","-82.362306","28.3","2021-07-16","0.00"
"US1FLAL0058","GAINESVILLE 5.0 SSW, FL US","29.606028","-82.362306","28.3","2021-07-17","0.00"
"US1FLAL0058","GAINESVILLE 5.0 SSW, FL US","29.606028","-82.362306","28.3","2021-07-18","0.00"
"US1FLAL0058","GAINESVILLE 5.0 SSW, FL US","29.606028","-82.362306","28.3","2021-07-19","0.00"
"US1FLAL0058","GAINESVILLE 5.0 SSW, FL US","29.606028","-82.362306","28.3","2021-07-20","0.48"
"US1FLAL0058","GAINESVILLE 5.0 SSW, FL US","29.606028","-82.362306","28.3","2021-07-21","0.00"
"US1FLSS0015","NORTH PORT 4.7 NNE, FL US","27.113171","-82.165734","17.1","2021-07-04","0.26"
"US1FLSS0015","NORTH PORT 4.7 NNE, FL US","27.113171","-82.165734","17.1","2021-07-05","0.00"
"US1FLSS0015","NORTH PORT 4.7 NNE, FL US","27.113171","-82.165734","17.1","2021-07-06","0.00"
"US1FLSS0015","NORTH PORT 4.7 NNE, FL US","27.113171","-82.165734","17.1","2021-07-07","10.08"
"US1FLSS0015","NORTH PORT 4.7 NNE, FL US","27.113171","-82.165734","17.1","2021-07-08","0.02"
"US1FLSS0015","NORTH PORT 4.7 NNE, FL US","27.113171","-82.165734","17.1","2021-07-09","0.00"
"US1FLSS0015","NORTH PORT 4.7 NNE, FL US","27.113171","-82.165734","17.1","2021-07-10","0.00"
"US1FLSS0015","NORTH PORT 4.7 NNE, FL US","27.113171","-82.165734","17.1","2021-07-11","1.20"
"US1FLSS0015","NORTH PORT 4.7 NNE, FL US","27.113171","-82.165734","17.1","2021-07-12","1.59"
"US1FLSS0015","NORTH PORT 4.7 NNE, FL US","27.113171","-82.165734","17.1","2021-07-13","0.47"
"US1FLSS0015","NORTH PORT 4.7 NNE, FL US","27.113171","-82.165734","17.1","2021-07-14","0.05"
"US1FLSS0015","NORTH PORT 4.7 NNE, FL US","27.113171","-82.165734","17.1","2021-07-15","0.14"
"US1FLSS0015","NORTH PORT 4.7 NNE, FL US","27.113171","-82.165734","17.1","2021-07-16","0.15"
"US1FLSS0015","NORTH PORT 4.7 NNE, FL US","27.113171","-82.165734","17.1","2021-07-17","0.11"
"US1FLSS0015","NORTH PORT 4.7 NNE, FL US","27.113171","-82.165734","17.1","2021-07-18","0.09"
"US1FLSS0015","NORTH PORT 4.7 NNE, FL US","27.113171","-82.165734","17.1","2021-07-19","1.81"
"US1FLSS0015","NORTH PORT 4.7 NNE, FL US","27.113171","-82.165734","17.1","2021-07-20","0.01"
"US1FLSS0015","NORTH PORT 4.7 NNE, FL US","27.113171","-82.165734","17.1","2021-07-21","0.00"
"US1FLAL0051","MICANOPY 2.1 NNE, FL US","29.5348","-82.2681","20.7","2021-07-04","0.10"
"US1FLAL0051","MICANOPY 2.1 NNE, FL US","29.5348","-82.2681","20.7","2021-07-05","0.77"
"US1FLAL0051","MICANOPY 2.1 NNE, FL US","29.5348","-82.2681","20.7","2021-07-06","0.02"
"US1FLAL0051","MICANOPY 2.1 NNE, FL US","29.5348","-82.2681","20.7","2021-07-07","1.37"
"US1FLAL0051","MICANOPY 2.1 NNE, FL US","29.5348","-82.2681","20.7","2021-07-08","3.09"
"US1FLAL0051","MICANOPY 2.1 NNE, FL US","29.5348","-82.2681","20.7","2021-07-09","0.05"
"US1FLAL0051","MICANOPY 2.1 NNE, FL US","29.5348","-82.2681","20.7","2021-07-10","0.32"
"US1FLAL0051","MICANOPY 2.1 NNE, FL US","29.5348","-82.2681","20.7","2021-07-11","0.01"
"US1FLAL0051","MICANOPY 2.1 NNE, FL US","29.5348","-82.2681","20.7","2021-07-12","0.02"
"US1FLAL0051","MICANOPY 2.1 NNE, FL US","29.5348","-82.2681","20.7","2021-07-13","0.08"
"US1FLAL0051","MICANOPY 2.1 NNE, FL US","29.5348","-82.2681","20.7","2021-07-14","0.00"
"US1FLAL0051","MICANOPY 2.1 NNE, FL US","29.5348","-82.2681","20.7","2021-07-15","0.02"
"US1FLAL0051","MICANOPY 2.1 NNE, FL US","29.5348","-82.2681","20.7","2021-07-16","0.00"
"US1FLAL0051","MICANOPY 2.1 NNE, FL US","29.5348","-82.2681","20.7","2021-07-17","0.00"
"US1FLAL0051","MICANOPY 2.1 NNE, FL US","29.5348","-82.2681","20.7","2021-07-18","0.00"
"US1FLAL0051","MICANOPY 2.1 NNE, FL US","29.5348","-82.2681","20.7","2021-07-19","0.00"
"US1FLAL0051","MICANOPY 2.1 NNE, FL US","29.5348","-82.2681","20.7","2021-07-20","0.88"
"US1FLAL0051","MICANOPY 2.1 NNE, FL US","29.5348","-82.2681","20.7","2021-07-21","0.00"
"US1FLPS0075","NEW PORT RICHEY 3.7 SE, FL US","28.20877","-82.675682","8.5","2021-07-04","0.85"
"US1FLPS0075","NEW PORT RICHEY 3.7 SE, FL US","28.20877","-82.675682","8.5","2021-07-05","0.00"
"US1FLPS0075","NEW PORT RICHEY 3.7 SE, FL US","28.20877","-82.675682","8.5","2021-07-06","0.27"
"US1FLPS0075","NEW PORT RICHEY 3.7 SE, FL US","28.20877","-82.675682","8.5","2021-07-07","4.13"
"US1FLPS0075","NEW PORT RICHEY 3.7 SE, FL US","28.20877","-82.675682","8.5","2021-07-08","0.10"
"US1FLPS0075","NEW PORT RICHEY 3.7 SE, FL US","28.20877","-82.675682","8.5","2021-07-09","0.48"
"US1FLPS0075","NEW PORT RICHEY 3.7 SE, FL US","28.20877","-82.675682","8.5","2021-07-10","0.00"
"US1FLPS0075","NEW PORT RICHEY 3.7 SE, FL US","28.20877","-82.675682","8.5","2021-07-11","0.22"
"US1FLPS0075","NEW PORT RICHEY 3.7 SE, FL US","28.20877","-82.675682","8.5","2021-07-12","1.89"
"US1FLPS0075","NEW PORT RICHEY 3.7 SE, FL US","28.20877","-82.675682","8.5","2021-07-13","1.36"
"US1FLPS0075","NEW PORT RICHEY 3.7 SE, FL US","28.20877","-82.675682","8.5","2021-07-14","0.12"
"US1FLPS0075","NEW PORT RICHEY 3.7 SE, FL US","28.20877","-82.675682","8.5","2021-07-15","0.32"
"US1FLPS0075","NEW PORT RICHEY 3.7 SE, FL US","28.20877","-82.675682","8.5","2021-07-16","0.00"
"US1FLPS0075","NEW PORT RICHEY 3.7 SE, FL US","28.20877","-82.675682","8.5","2021-07-17","0.00"
"US1FLPS0075","NEW PORT RICHEY 3.7 SE, FL US","28.20877","-82.675682","8.5","2021-07-18","1.00"
"US1FLPS0075","NEW PORT RICHEY 3.7 SE, FL US","28.20877","-82.675682","8.5","2021-07-19","0.00"
"US1FLPS0075","NEW PORT RICHEY 3.7 SE, FL US","28.20877","-82.675682","8.5","2021-07-20","0.52"
"US1FLPS0075","NEW PORT RICHEY 3.7 SE, FL US","28.20877","-82.675682","8.5","2021-07-21","0.00"
"US1FLPS0074","DADE CITY 3.2 SSE, FL US","28.318936","-82.17694","52.4","2021-07-04","2.50"
"US1FLPS0074","DADE CITY 3.2 SSE, FL US","28.318936","-82.17694","52.4","2021-07-05","0.07"
"US1FLPS0074","DADE CITY 3.2 SSE, FL US","28.318936","-82.17694","52.4","2021-07-06","0.09"
"US1FLPS0074","DADE CITY 3.2 SSE, FL US","28.318936","-82.17694","52.4","2021-07-07","3.69"
"US1FLPS0074","DADE CITY 3.2 SSE, FL US","28.318936","-82.17694","52.4","2021-07-08","0.00"
"US1FLPS0074","DADE CITY 3.2 SSE, FL US","28.318936","-82.17694","52.4","2021-07-09","0.32"
"US1FLPS0074","DADE CITY 3.2 SSE, FL US","28.318936","-82.17694","52.4","2021-07-10","0.00"
"US1FLPS0074","DADE CITY 3.2 SSE, FL US","28.318936","-82.17694","52.4","2021-07-11","0.00"
"US1FLPS0074","DADE CITY 3.2 SSE, FL US","28.318936","-82.17694","52.4","2021-07-12","0.00"
"US1FLPS0074","DADE CITY 3.2 SSE, FL US","28.318936","-82.17694","52.4","2021-07-13","0.05"
"US1FLPS0074","DADE CITY 3.2 SSE, FL US","28.318936","-82.17694","52.4","2021-07-14","0.00"
"US1FLPS0074","DADE CITY 3.2 SSE, FL US","28.318936","-82.17694","52.4","2021-07-15","1.63"
"US1FLPS0074","DADE CITY 3.2 SSE, FL US","28.318936","-82.17694","52.4","2021-07-16","0.00"
"US1FLPS0074","DADE CITY 3.2 SSE, FL US","28.318936","-82.17694","52.4","2021-07-17","0.00"
"US1FLPS0074","DADE CITY 3.2 SSE, FL US","28.318936","-82.17694","52.4","2021-07-18","0.00"
"US1FLPS0074","DADE CITY 3.2 SSE, FL US","28.318936","-82.17694","52.4","2021-07-19","0.00"
"US1FLPS0074","DADE CITY 3.2 SSE, FL US","28.318936","-82.17694","52.4","2021-07-20","0.43"
"US1FLPS0074","DADE CITY 3.2 SSE, FL US","28.318936","-82.17694","52.4","2021-07-21","0.01"
"US1FLAL0054","MICANOPY 2.1 WNW, FL US","29.51978","-82.312725","32.3","2021-07-04","0.25"
"US1FLAL0054","MICANOPY 2.1 WNW, FL US","29.51978","-82.312725","32.3","2021-07-05","0.68"
"US1FLAL0054","MICANOPY 2.1 WNW, FL US","29.51978","-82.312725","32.3","2021-07-06","0.01"
"US1FLAL0054","MICANOPY 2.1 WNW, FL US","29.51978","-82.312725","32.3","2021-07-07","0.92"
"US1FLAL0054","MICANOPY 2.1 WNW, FL US","29.51978","-82.312725","32.3","2021-07-08","4.22"
"US1FLAL0054","MICANOPY 2.1 WNW, FL US","29.51978","-82.312725","32.3","2021-07-09","0.23"
"US1FLAL0054","MICANOPY 2.1 WNW, FL US","29.51978","-82.312725","32.3","2021-07-10","0.23"
"US1FLAL0054","MICANOPY 2.1 WNW, FL US","29.51978","-82.312725","32.3","2021-07-11","0.00"
"US1FLAL0054","MICANOPY 2.1 WNW, FL US","29.51978","-82.312725","32.3","2021-07-12","0.00"
"US1FLAL0054","MICANOPY 2.1 WNW, FL US","29.51978","-82.312725","32.3","2021-07-13","0.00"
"US1FLAL0054","MICANOPY 2.1 WNW, FL US","29.51978","-82.312725","32.3","2021-07-14","0.00"
"US1FLAL0054","MICANOPY 2.1 WNW, FL US","29.51978","-82.312725","32.3","2021-07-15","0.05"
"US1FLAL0054","MICANOPY 2.1 WNW, FL US","29.51978","-82.312725","32.3","2021-07-16","0.00"
"US1FLAL0054","MICANOPY 2.1 WNW, FL US","29.51978","-82.312725","32.3","2021-07-17","0.00"
"US1FLAL0054","MICANOPY 2.1 WNW, FL US","29.51978","-82.312725","32.3","2021-07-18","0.00"
"US1FLAL0054","MICANOPY 2.1 WNW, FL US","29.51978","-82.312725","32.3","2021-07-19","0.00"
"US1FLAL0054","MICANOPY 2.1 WNW, FL US","29.51978","-82.312725","32.3","2021-07-20","0.28"
"US1FLAL0054","MICANOPY 2.1 WNW, FL US","29.51978","-82.312725","32.3","2021-07-21","0.02"
"US1FLPS0073","WESLEY CHAPEL 1.7 ESE, FL US","28.175102","-82.33764","21.6","2021-07-05",
"US1FLPS0073","WESLEY CHAPEL 1.7 ESE, FL US","28.175102","-82.33764","21.6","2021-07-06","0.10"
"US1FLPS0073","WESLEY CHAPEL 1.7 ESE, FL US","28.175102","-82.33764","21.6","2021-07-07","2.66"
"US1FLPS0073","WESLEY CHAPEL 1.7 ESE, FL US","28.175102","-82.33764","21.6","2021-07-08","0.11"
"US1FLPS0073","WESLEY CHAPEL 1.7 ESE, FL US","28.175102","-82.33764","21.6","2021-07-09","0.94"
"US1FLPS0073","WESLEY CHAPEL 1.7 ESE, FL US","28.175102","-82.33764","21.6","2021-07-10","0.00"
"US1FLPS0073","WESLEY CHAPEL 1.7 ESE, FL US","28.175102","-82.33764","21.6","2021-07-11","0.00"
"US1FLPS0073","WESLEY CHAPEL 1.7 ESE, FL US","28.175102","-82.33764","21.6","2021-07-12","0.00"
"US1FLPS0073","WESLEY CHAPEL 1.7 ESE, FL US","28.175102","-82.33764","21.6","2021-07-13","0.97"
"US1FLPS0073","WESLEY CHAPEL 1.7 ESE, FL US","28.175102","-82.33764","21.6","2021-07-14","0.35"
"US1FLPS0073","WESLEY CHAPEL 1.7 ESE, FL US","28.175102","-82.33764","21.6","2021-07-15","0.29"
"US1FLPS0073","WESLEY CHAPEL 1.7 ESE, FL US","28.175102","-82.33764","21.6","2021-07-19","0.00"
"US1FLPS0073","WESLEY CHAPEL 1.7 ESE, FL US","28.175102","-82.33764","21.6","2021-07-20","0.00"
"US1FLPS0073","WESLEY CHAPEL 1.7 ESE, FL US","28.175102","-82.33764","21.6","2021-07-21","0.00"
"US1FLPS0072","LAND O LAKES 4.1 E, FL US","28.228266","-82.387575","23.2","2021-07-04","1.88"
"US1FLPS0072","LAND O LAKES 4.1 E, FL US","28.228266","-82.387575","23.2","2021-07-05","0.11"
"US1FLPS0072","LAND O LAKES 4.1 E, FL US","28.228266","-82.387575","23.2","2021-07-06","0.04"
"US1FLPS0072","LAND O LAKES 4.1 E, FL US","28.228266","-82.387575","23.2","2021-07-07","2.49"
"US1FLPS0072","LAND O LAKES 4.1 E, FL US","28.228266","-82.387575","23.2","2021-07-08","0.49"
"US1FLPS0072","LAND O LAKES 4.1 E, FL US","28.228266","-82.387575","23.2","2021-07-09","0.50"
"US1FLPS0072","LAND O LAKES 4.1 E, FL US","28.228266","-82.387575","23.2","2021-07-10","0.00"
"US1FLPS0072","LAND O LAKES 4.1 E, FL US","28.228266","-82.387575","23.2","2021-07-11","0.00"
"US1FLPS0072","LAND O LAKES 4.1 E, FL US","28.228266","-82.387575","23.2","2021-07-12","0.00"
"US1FLPS0072","LAND O LAKES 4.1 E, FL US","28.228266","-82.387575","23.2","2021-07-13","0.28"
"US1FLPS0072","LAND O LAKES 4.1 E, FL US","28.228266","-82.387575","23.2","2021-07-14","0.22"
"US1FLPS0072","LAND O LAKES 4.1 E, FL US","28.228266","-82.387575","23.2","2021-07-15","0.26"
"US1FLPS0072","LAND O LAKES 4.1 E, FL US","28.228266","-82.387575","23.2","2021-07-16","0.00"
"US1FLPS0072","LAND O LAKES 4.1 E, FL US","28.228266","-82.387575","23.2","2021-07-17","0.00"
"US1FLPS0072","LAND O LAKES 4.1 E, FL US","28.228266","-82.387575","23.2","2021-07-18","0.00"
"US1FLPS0072","LAND O LAKES 4.1 E, FL US","28.228266","-82.387575","23.2","2021-07-19","0.05"
"US1FLPS0072","LAND O LAKES 4.1 E, FL US","28.228266","-82.387575","23.2","2021-07-20","0.45"
"US1FLPS0072","LAND O LAKES 4.1 E, FL US","28.228266","-82.387575","23.2","2021-07-21","0.00"
"US1FLHL0030","SEBRING 2.8 WNW, FL US","27.499490737915","-81.4979629516602","48.2","2021-07-04","1.05"
"US1FLHL0030","SEBRING 2.8 WNW, FL US","27.499490737915","-81.4979629516602","48.2","2021-07-05","0.00"
"US1FLHL0030","SEBRING 2.8 WNW, FL US","27.499490737915","-81.4979629516602","48.2","2021-07-06","0.24"
"US1FLHL0030","SEBRING 2.8 WNW, FL US","27.499490737915","-81.4979629516602","48.2","2021-07-07","1.02"
"US1FLHL0030","SEBRING 2.8 WNW, FL US","27.499490737915","-81.4979629516602","48.2","2021-07-08","0.42"
"US1FLHL0030","SEBRING 2.8 WNW, FL US","27.499490737915","-81.4979629516602","48.2","2021-07-09","0.00"
"US1FLHL0030","SEBRING 2.8 WNW, FL US","27.499490737915","-81.4979629516602","48.2","2021-07-10","0.06"
"US1FLHL0030","SEBRING 2.8 WNW, FL US","27.499490737915","-81.4979629516602","48.2","2021-07-12","0.12"
"US1FLHL0030","SEBRING 2.8 WNW, FL US","27.499490737915","-81.4979629516602","48.2","2021-07-13","0.28"
"US1FLHL0030","SEBRING 2.8 WNW, FL US","27.499490737915","-81.4979629516602","48.2","2021-07-14","0.29"
"US1FLHL0030","SEBRING 2.8 WNW, FL US","27.499490737915","-81.4979629516602","48.2","2021-07-15","0.82"
"US1FLHL0030","SEBRING 2.8 WNW, FL US","27.499490737915","-81.4979629516602","48.2","2021-07-16","0.00"
"US1FLHL0030","SEBRING 2.8 WNW, FL US","27.499490737915","-81.4979629516602","48.2","2021-07-17","0.00"
"US1FLHL0030","SEBRING 2.8 WNW, FL US","27.499490737915","-81.4979629516602","48.2","2021-07-18","0.56"
"US1FLHL0030","SEBRING 2.8 WNW, FL US","27.499490737915","-81.4979629516602","48.2","2021-07-20","0.25"
"US1FLHL0030","SEBRING 2.8 WNW, FL US","27.499490737915","-81.4979629516602","48.2","2021-07-21","0.00"
"US1FLES0062","PENSACOLA 12.3 SW, FL US","30.33739","-87.35438","12.2","2021-07-04","0.37"
"US1FLES0062","PENSACOLA 12.3 SW, FL US","30.33739","-87.35438","12.2","2021-07-05","0.10"
"US1FLES0062","PENSACOLA 12.3 SW, FL US","30.33739","-87.35438","12.2","2021-07-06","0.45"
"US1FLES0062","PENSACOLA 12.3 SW, FL US","30.33739","-87.35438","12.2","2021-07-07","0.61"
"US1FLES0062","PENSACOLA 12.3 SW, FL US","30.33739","-87.35438","12.2","2021-07-08","0.00"
"US1FLES0062","PENSACOLA 12.3 SW, FL US","30.33739","-87.35438","12.2","2021-07-09","0.00"
"US1FLES0062","PENSACOLA 12.3 SW, FL US","30.33739","-87.35438","12.2","2021-07-10","0.04"
"US1FLES0062","PENSACOLA 12.3 SW, FL US","30.33739","-87.35438","12.2","2021-07-11","0.59"
"US1FLES0062","PENSACOLA 12.3 SW, FL US","30.33739","-87.35438","12.2","2021-07-12","0.44"
"US1FLES0062","PENSACOLA 12.3 SW, FL US","30.33739","-87.35438","12.2","2021-07-13","0.63"
"US1FLES0062","PENSACOLA 12.3 SW, FL US","30.33739","-87.35438","12.2","2021-07-14","0.00"
"US1FLES0062","PENSACOLA 12.3 SW, FL US","30.33739","-87.35438","12.2","2021-07-15","0.00"
"US1FLES0062","PENSACOLA 12.3 SW, FL US","30.33739","-87.35438","12.2","2021-07-16","0.32"
"US1FLES0062","PENSACOLA 12.3 SW, FL US","30.33739","-87.35438","12.2","2021-07-17","0.17"
"US1FLES0062","PENSACOLA 12.3 SW, FL US","30.33739","-87.35438","12.2","2021-07-20","0.59"
"US1FLIR0048","VERO BEACH 5.4 NNW, FL US","27.71092","-80.44274","7.3","2021-07-04","0.49"
"US1FLIR0048","VERO BEACH 5.4 NNW, FL US","27.71092","-80.44274","7.3","2021-07-06","0.76"
"US1FLIR0048","VERO BEACH 5.4 NNW, FL US","27.71092","-80.44274","7.3","2021-07-07","0.02"
"US1FLIR0048","VERO BEACH 5.4 NNW, FL US","27.71092","-80.44274","7.3","2021-07-08","0.96"
"US1FLIR0048","VERO BEACH 5.4 NNW, FL US","27.71092","-80.44274","7.3","2021-07-09","0.03"
"US1FLIR0048","VERO BEACH 5.4 NNW, FL US","27.71092","-80.44274","7.3","2021-07-10","0.03"
"US1FLIR0048","VERO BEACH 5.4 NNW, FL US","27.71092","-80.44274","7.3","2021-07-11","0.13"
"US1FLIR0048","VERO BEACH 5.4 NNW, FL US","27.71092","-80.44274","7.3","2021-07-12","0.02"
"US1FLIR0048","VERO BEACH 5.4 NNW, FL US","27.71092","-80.44274","7.3","2021-07-13","0.35"
"US1FLIR0048","VERO BEACH 5.4 NNW, FL US","27.71092","-80.44274","7.3","2021-07-14","0.54"
"US1FLIR0048","VERO BEACH 5.4 NNW, FL US","27.71092","-80.44274","7.3","2021-07-15","0.00"
"US1FLIR0048","VERO BEACH 5.4 NNW, FL US","27.71092","-80.44274","7.3","2021-07-16","0.00"
"US1FLIR0048","VERO BEACH 5.4 NNW, FL US","27.71092","-80.44274","7.3","2021-07-17","0.00"
"US1FLIR0048","VERO BEACH 5.4 NNW, FL US","27.71092","-80.44274","7.3","2021-07-18","0.00"
"US1FLIR0048","VERO BEACH 5.4 NNW, FL US","27.71092","-80.44274","7.3","2021-07-19","0.00"
"US1FLIR0048","VERO BEACH 5.4 NNW, FL US","27.71092","-80.44274","7.3","2021-07-20","0.00"
"US1FLIR0048","VERO BEACH 5.4 NNW, FL US","27.71092","-80.44274","7.3","2021-07-21","0.19"
"US1FLIR0047","VERO BEACH 6.0 S, FL US","27.5591","-80.3935","4.9","2021-07-04","0.33"
"US1FLIR0047","VERO BEACH 6.0 S, FL US","27.5591","-80.3935","4.9","2021-07-05","0.00"
"US1FLIR0047","VERO BEACH 6.0 S, FL US","27.5591","-80.3935","4.9","2021-07-06","0.31"
"US1FLIR0047","VERO BEACH 6.0 S, FL US","27.5591","-80.3935","4.9","2021-07-07","0.00"
"US1FLIR0047","VERO BEACH 6.0 S, FL US","27.5591","-80.3935","4.9","2021-07-08","0.13"
"US1FLIR0047","VERO BEACH 6.0 S, FL US","27.5591","-80.3935","4.9","2021-07-10","0.00"
"US1FLIR0047","VERO BEACH 6.0 S, FL US","27.5591","-80.3935","4.9","2021-07-12","0.00"
"US1FLIR0047","VERO BEACH 6.0 S, FL US","27.5591","-80.3935","4.9","2021-07-13","0.03"
"US1FLIR0047","VERO BEACH 6.0 S, FL US","27.5591","-80.3935","4.9","2021-07-14","0.10"
"US1FLIR0047","VERO BEACH 6.0 S, FL US","27.5591","-80.3935","4.9","2021-07-16","0.10"
"US1FLIR0047","VERO BEACH 6.0 S, FL US","27.5591","-80.3935","4.9","2021-07-17","0.02"
"US1FLIR0047","VERO BEACH 6.0 S, FL US","27.5591","-80.3935","4.9","2021-07-21","0.93"
"US1FLAL0050","GAINESVILLE 2.4 SW, FL US","29.6478176116943","-82.36181640625","35.1","2021-07-04","0.31"
"US1FLAL0050","GAINESVILLE 2.4 SW, FL US","29.6478176116943","-82.36181640625","35.1","2021-07-05","0.99"
"US1FLAL0050","GAINESVILLE 2.4 SW, FL US","29.6478176116943","-82.36181640625","35.1","2021-07-06","0.03"
"US1FLAL0050","GAINESVILLE 2.4 SW, FL US","29.6478176116943","-82.36181640625","35.1","2021-07-07","1.52"
"US1FLAL0050","GAINESVILLE 2.4 SW, FL US","29.6478176116943","-82.36181640625","35.1","2021-07-08","4.07"
"US1FLAL0050","GAINESVILLE 2.4 SW, FL US","29.6478176116943","-82.36181640625","35.1","2021-07-09","0.00"
"US1FLAL0050","GAINESVILLE 2.4 SW, FL US","29.6478176116943","-82.36181640625","35.1","2021-07-10","0.00"
"US1FLAL0050","GAINESVILLE 2.4 SW, FL US","29.6478176116943","-82.36181640625","35.1","2021-07-11","0.00"
"US1FLAL0050","GAINESVILLE 2.4 SW, FL US","29.6478176116943","-82.36181640625","35.1","2021-07-12","0.42"
"US1FLAL0050","GAINESVILLE 2.4 SW, FL US","29.6478176116943","-82.36181640625","35.1","2021-07-13","0.00"
"US1FLAL0050","GAINESVILLE 2.4 SW, FL US","29.6478176116943","-82.36181640625","35.1","2021-07-14","0.01"
"US1FLAL0050","GAINESVILLE 2.4 SW, FL US","29.6478176116943","-82.36181640625","35.1","2021-07-15","0.00"
"US1FLAL0050","GAINESVILLE 2.4 SW, FL US","29.6478176116943","-82.36181640625","35.1","2021-07-16","0.00"
"US1FLAL0050","GAINESVILLE 2.4 SW, FL US","29.6478176116943","-82.36181640625","35.1","2021-07-17","0.00"
"US1FLAL0050","GAINESVILLE 2.4 SW, FL US","29.6478176116943","-82.36181640625","35.1","2021-07-18","0.00"
"US1FLAL0050","GAINESVILLE 2.4 SW, FL US","29.6478176116943","-82.36181640625","35.1","2021-07-19","0.00"
"US1FLAL0050","GAINESVILLE 2.4 SW, FL US","29.6478176116943","-82.36181640625","35.1","2021-07-20","1.01"
"US1FLAL0050","GAINESVILLE 2.4 SW, FL US","29.6478176116943","-82.36181640625","35.1","2021-07-21","0.10"
"USC00086315","NORTH MIAMI BEACH NUMBER 2, FL US","25.95","-80.2158","3.0","2021-07-04","0.00"
"USC00086315","NORTH MIAMI BEACH NUMBER 2, FL US","25.95","-80.2158","3.0","2021-07-05","0.00"
"USC00086315","NORTH MIAMI BEACH NUMBER 2, FL US","25.95","-80.2158","3.0","2021-07-06","0.81"
"USC00086315","NORTH MIAMI BEACH NUMBER 2, FL US","25.95","-80.2158","3.0","2021-07-07","0.20"
"USC00086315","NORTH MIAMI BEACH NUMBER 2, FL US","25.95","-80.2158","3.0","2021-07-08","0.20"
"USC00086315","NORTH MIAMI BEACH NUMBER 2, FL US","25.95","-80.2158","3.0","2021-07-09","0.00"
"USC00086315","NORTH MIAMI BEACH NUMBER 2, FL US","25.95","-80.2158","3.0","2021-07-10","0.00"
"USC00086315","NORTH MIAMI BEACH NUMBER 2, FL US","25.95","-80.2158","3.0","2021-07-11","0.06"
"USC00086315","NORTH MIAMI BEACH NUMBER 2, FL US","25.95","-80.2158","3.0","2021-07-12","0.28"
"USC00086315","NORTH MIAMI BEACH NUMBER 2, FL US","25.95","-80.2158","3.0","2021-07-13","1.67"
"USC00086315","NORTH MIAMI BEACH NUMBER 2, FL US","25.95","-80.2158","3.0","2021-07-14","0.30"
"USC00086315","NORTH MIAMI BEACH NUMBER 2, FL US","25.95","-80.2158","3.0","2021-07-15","0.00"
"USC00086315","NORTH MIAMI BEACH NUMBER 2, FL US","25.95","-80.2158","3.0","2021-07-16","0.02"
"USC00086315","NORTH MIAMI BEACH NUMBER 2, FL US","25.95","-80.2158","3.0","2021-07-17","0.00"
"USC00086315","NORTH MIAMI BEACH NUMBER 2, FL US","25.95","-80.2158","3.0","2021-07-18","0.02"
"USC00086315","NORTH MIAMI BEACH NUMBER 2, FL US","25.95","-80.2158","3.0","2021-07-19","0.00"
"USC00086315","NORTH MIAMI BEACH NUMBER 2, FL US","25.95","-80.2158","3.0","2021-07-20","0.00"
"USC00086315","NORTH MIAMI BEACH NUMBER 2, FL US","25.95","-80.2158","3.0","2021-07-21","0.00"
"US1FLES0064","ENSLEY 2.1 W, FL US","30.526468","-87.311222","35.1","2021-07-16","0.12"
"US1FLES0064","ENSLEY 2.1 W, FL US","30.526468","-87.311222","35.1","2021-07-17","0.62"
"US1FLES0064","ENSLEY 2.1 W, FL US","30.526468","-87.311222","35.1","2021-07-18","0.02"
"US1FLES0064","ENSLEY 2.1 W, FL US","30.526468","-87.311222","35.1","2021-07-19","1.36"
"US1FLES0064","ENSLEY 2.1 W, FL US","30.526468","-87.311222","35.1","2021-07-20","1.25"
"US1FLES0064","ENSLEY 2.1 W, FL US","30.526468","-87.311222","35.1","2021-07-21","0.16"
"US1FLBW0007","POMPANO BEACH HIGHLANDS 0.7 E, FL US","26.286","-80.103","4.9","2021-07-04","0.00"
"US1FLBW0007","POMPANO BEACH HIGHLANDS 0.7 E, FL US","26.286","-80.103","4.9","2021-07-05","0.00"
"US1FLBW0007","POMPANO BEACH HIGHLANDS 0.7 E, FL US","26.286","-80.103","4.9","2021-07-06","0.99"
"US1FLBW0007","POMPANO BEACH HIGHLANDS 0.7 E, FL US","26.286","-80.103","4.9","2021-07-07","0.03"
"US1FLBW0007","POMPANO BEACH HIGHLANDS 0.7 E, FL US","26.286","-80.103","4.9","2021-07-08","0.00"
"US1FLBW0007","POMPANO BEACH HIGHLANDS 0.7 E, FL US","26.286","-80.103","4.9","2021-07-09","0.00"
"US1FLBW0007","POMPANO BEACH HIGHLANDS 0.7 E, FL US","26.286","-80.103","4.9","2021-07-10","0.00"
"US1FLBW0007","POMPANO BEACH HIGHLANDS 0.7 E, FL US","26.286","-80.103","4.9","2021-07-11","0.15"
"US1FLBW0007","POMPANO BEACH HIGHLANDS 0.7 E, FL US","26.286","-80.103","4.9","2021-07-12","0.05"
"US1FLBW0007","POMPANO BEACH HIGHLANDS 0.7 E, FL US","26.286","-80.103","4.9","2021-07-13","0.58"
"US1FLBW0007","POMPANO BEACH HIGHLANDS 0.7 E, FL US","26.286","-80.103","4.9","2021-07-14","0.19"
"US1FLBW0007","POMPANO BEACH HIGHLANDS 0.7 E, FL US","26.286","-80.103","4.9","2021-07-15","0.01"
"US1FLBW0007","POMPANO BEACH HIGHLANDS 0.7 E, FL US","26.286","-80.103","4.9","2021-07-16","0.00"
"US1FLBW0007","POMPANO BEACH HIGHLANDS 0.7 E, FL US","26.286","-80.103","4.9","2021-07-17","0.01"
"US1FLBW0007","POMPANO BEACH HIGHLANDS 0.7 E, FL US","26.286","-80.103","4.9","2021-07-18","0.00"
"US1FLBW0007","POMPANO BEACH HIGHLANDS 0.7 E, FL US","26.286","-80.103","4.9","2021-07-19","0.67"
"US1FLBW0007","POMPANO BEACH HIGHLANDS 0.7 E, FL US","26.286","-80.103","4.9","2021-07-20","0.18"
"US1FLBW0007","POMPANO BEACH HIGHLANDS 0.7 E, FL US","26.286","-80.103","4.9","2021-07-21","0.12"
"US1FLIR0051","FELLSMERE 3.8 N, FL US","27.8208047","-80.5931392","10.4","2021-07-04","0.63"
"US1FLIR0051","FELLSMERE 3.8 N, FL US","27.8208047","-80.5931392","10.4","2021-07-05","0.10"
"US1FLIR0051","FELLSMERE 3.8 N, FL US","27.8208047","-80.5931392","10.4","2021-07-06","0.50"
"US1FLIR0051","FELLSMERE 3.8 N, FL US","27.8208047","-80.5931392","10.4","2021-07-07","0.02"
"US1FLIR0051","FELLSMERE 3.8 N, FL US","27.8208047","-80.5931392","10.4","2021-07-08","0.04"
"US1FLIR0051","FELLSMERE 3.8 N, FL US","27.8208047","-80.5931392","10.4","2021-07-09","1.61"
"US1FLIR0051","FELLSMERE 3.8 N, FL US","27.8208047","-80.5931392","10.4","2021-07-10","0.14"
"US1FLIR0051","FELLSMERE 3.8 N, FL US","27.8208047","-80.5931392","10.4","2021-07-11","0.02"
"US1FLIR0051","FELLSMERE 3.8 N, FL US","27.8208047","-80.5931392","10.4","2021-07-12","0.48"
"US1FLIR0051","FELLSMERE 3.8 N, FL US","27.8208047","-80.5931392","10.4","2021-07-13","0.04"
"US1FLIR0051","FELLSMERE 3.8 N, FL US","27.8208047","-80.5931392","10.4","2021-07-14","0.07"
"US1FLIR0051","FELLSMERE 3.8 N, FL US","27.8208047","-80.5931392","10.4","2021-07-15","0.00"
"US1FLIR0051","FELLSMERE 3.8 N, FL US","27.8208047","-80.5931392","10.4","2021-07-16","0.00"
"US1FLIR0051","FELLSMERE 3.8 N, FL US","27.8208047","-80.5931392","10.4","2021-07-17","0.00"
"US1FLIR0051","FELLSMERE 3.8 N, FL US","27.8208047","-80.5931392","10.4","2021-07-18","0.00"
"US1FLIR0051","FELLSMERE 3.8 N, FL US","27.8208047","-80.5931392","10.4","2021-07-19","0.03"
"US1FLIR0051","FELLSMERE 3.8 N, FL US","27.8208047","-80.5931392","10.4","2021-07-20","0.00"
"US1FLIR0051","FELLSMERE 3.8 N, FL US","27.8208047","-80.5931392","10.4","2021-07-21","0.00"
"US1FLIR0050","VERO BEACH SOUTH 2.4 WNW, FL US","27.630637","-80.449648","5.8","2021-07-04","0.10"
"US1FLIR0050","VERO BEACH SOUTH 2.4 WNW, FL US","27.630637","-80.449648","5.8","2021-07-05","0.00"
"US1FLIR0050","VERO BEACH SOUTH 2.4 WNW, FL US","27.630637","-80.449648","5.8","2021-07-06","0.50"
"US1FLIR0050","VERO BEACH SOUTH 2.4 WNW, FL US","27.630637","-80.449648","5.8","2021-07-07","0.00"
"US1FLIR0050","VERO BEACH SOUTH 2.4 WNW, FL US","27.630637","-80.449648","5.8","2021-07-08","0.04"
"US1FLIR0050","VERO BEACH SOUTH 2.4 WNW, FL US","27.630637","-80.449648","5.8","2021-07-09","0.00"
"US1FLIR0050","VERO BEACH SOUTH 2.4 WNW, FL US","27.630637","-80.449648","5.8","2021-07-10","0.09"
"US1FLIR0050","VERO BEACH SOUTH 2.4 WNW, FL US","27.630637","-80.449648","5.8","2021-07-11","2.65"
"US1FLIR0050","VERO BEACH SOUTH 2.4 WNW, FL US","27.630637","-80.449648","5.8","2021-07-12","0.00"
"US1FLIR0050","VERO BEACH SOUTH 2.4 WNW, FL US","27.630637","-80.449648","5.8","2021-07-13","0.53"
"US1FLIR0050","VERO BEACH SOUTH 2.4 WNW, FL US","27.630637","-80.449648","5.8","2021-07-14","0.00"
"US1FLIR0050","VERO BEACH SOUTH 2.4 WNW, FL US","27.630637","-80.449648","5.8","2021-07-15","0.00"
"US1FLIR0050","VERO BEACH SOUTH 2.4 WNW, FL US","27.630637","-80.449648","5.8","2021-07-16","0.03"
"US1FLIR0050","VERO BEACH SOUTH 2.4 WNW, FL US","27.630637","-80.449648","5.8","2021-07-17","0.02"
"US1FLIR0050","VERO BEACH SOUTH 2.4 WNW, FL US","27.630637","-80.449648","5.8","2021-07-18","0.00"
"US1FLIR0050","VERO BEACH SOUTH 2.4 WNW, FL US","27.630637","-80.449648","5.8","2021-07-19","0.00"
"US1FLIR0050","VERO BEACH SOUTH 2.4 WNW, FL US","27.630637","-80.449648","5.8","2021-07-20","0.03"
"US1FLIR0050","VERO BEACH SOUTH 2.4 WNW, FL US","27.630637","-80.449648","5.8","2021-07-21","0.12"
"US1FLPS0065","TRINITY 3.0 ENE, FL US","28.187136","-82.623338","7.0","2021-07-04","0.42"
"US1FLPS0065","TRINITY 3.0 ENE, FL US","28.187136","-82.623338","7.0","2021-07-05","0.00"
"US1FLPS0065","TRINITY 3.0 ENE, FL US","28.187136","-82.623338","7.0","2021-07-06","0.04"
"US1FLPS0065","TRINITY 3.0 ENE, FL US","28.187136","-82.623338","7.0","2021-07-07","4.65"
"US1FLPS0065","TRINITY 3.0 ENE, FL US","28.187136","-82.623338","7.0","2021-07-08","0.30"
"US1FLPS0065","TRINITY 3.0 ENE, FL US","28.187136","-82.623338","7.0","2021-07-09","1.24"
"US1FLPS0065","TRINITY 3.0 ENE, FL US","28.187136","-82.623338","7.0","2021-07-10","0.00"
"US1FLPS0065","TRINITY 3.0 ENE, FL US","28.187136","-82.623338","7.0","2021-07-11","0.01"
"US1FLPS0065","TRINITY 3.0 ENE, FL US","28.187136","-82.623338","7.0","2021-07-12","0.00"
"US1FLPS0065","TRINITY 3.0 ENE, FL US","28.187136","-82.623338","7.0","2021-07-13","2.45"
"US1FLPS0065","TRINITY 3.0 ENE, FL US","28.187136","-82.623338","7.0","2021-07-14","0.14"
"US1FLPS0065","TRINITY 3.0 ENE, FL US","28.187136","-82.623338","7.0","2021-07-15","0.40"
"US1FLPS0065","TRINITY 3.0 ENE, FL US","28.187136","-82.623338","7.0","2021-07-16","0.00"
"US1FLPS0065","TRINITY 3.0 ENE, FL US","28.187136","-82.623338","7.0","2021-07-17","0.00"
"US1FLPS0065","TRINITY 3.0 ENE, FL US","28.187136","-82.623338","7.0","2021-07-18","0.37"
"US1FLPS0065","TRINITY 3.0 ENE, FL US","28.187136","-82.623338","7.0","2021-07-19","0.00"
"US1FLPS0065","TRINITY 3.0 ENE, FL US","28.187136","-82.623338","7.0","2021-07-20","0.00"
"US1FLPS0065","TRINITY 3.0 ENE, FL US","28.187136","-82.623338","7.0","2021-07-21","0.07"
"US1FLMD0094","MIAMI 2.2 S, FL US","25.74429","-80.21692","4.6","2021-07-04","0.00"
"US1FLMD0094","MIAMI 2.2 S, FL US","25.74429","-80.21692","4.6","2021-07-05","0.00"
"US1FLMD0094","MIAMI 2.2 S, FL US","25.74429","-80.21692","4.6","2021-07-06","3.02"
"US1FLMD0094","MIAMI 2.2 S, FL US","25.74429","-80.21692","4.6","2021-07-07","0.09"
"US1FLMD0094","MIAMI 2.2 S, FL US","25.74429","-80.21692","4.6","2021-07-08","0.00"
"US1FLMD0094","MIAMI 2.2 S, FL US","25.74429","-80.21692","4.6","2021-07-09","0.00"
"US1FLMD0094","MIAMI 2.2 S, FL US","25.74429","-80.21692","4.6","2021-07-10","0.79"
"US1FLMD0094","MIAMI 2.2 S, FL US","25.74429","-80.21692","4.6","2021-07-11","0.24"
"US1FLMD0094","MIAMI 2.2 S, FL US","25.74429","-80.21692","4.6","2021-07-12","0.17"
"US1FLMD0094","MIAMI 2.2 S, FL US","25.74429","-80.21692","4.6","2021-07-13","0.68"
"US1FLMD0094","MIAMI 2.2 S, FL US","25.74429","-80.21692","4.6","2021-07-14","1.50"
"US1FLMD0094","MIAMI 2.2 S, FL US","25.74429","-80.21692","4.6","2021-07-15","0.40"
"US1FLMD0094","MIAMI 2.2 S, FL US","25.74429","-80.21692","4.6","2021-07-16","0.18"
"US1FLMD0094","MIAMI 2.2 S, FL US","25.74429","-80.21692","4.6","2021-07-17","0.17"
"US1FLMD0094","MIAMI 2.2 S, FL US","25.74429","-80.21692","4.6","2021-07-18","0.30"
"US1FLMD0094","MIAMI 2.2 S, FL US","25.74429","-80.21692","4.6","2021-07-19","0.02"
"US1FLMD0094","MIAMI 2.2 S, FL US","25.74429","-80.21692","4.6","2021-07-20","0.14"
"US1FLMD0094","MIAMI 2.2 S, FL US","25.74429","-80.21692","4.6","2021-07-21","0.03"
"US1FLSS0022","ENGLEWOOD 2.0 NNW, FL US","26.986543","-82.365365","3.0","2021-07-04","0.00"
"US1FLSS0022","ENGLEWOOD 2.0 NNW, FL US","26.986543","-82.365365","3.0","2021-07-05","0.00"
"US1FLSS0022","ENGLEWOOD 2.0 NNW, FL US","26.986543","-82.365365","3.0","2021-07-06","1.05"
"US1FLSS0022","ENGLEWOOD 2.0 NNW, FL US","26.986543","-82.365365","3.0","2021-07-07","4.52"
"US1FLSS0022","ENGLEWOOD 2.0 NNW, FL US","26.986543","-82.365365","3.0","2021-07-08","0.00"
"US1FLSS0022","ENGLEWOOD 2.0 NNW, FL US","26.986543","-82.365365","3.0","2021-07-09","0.00"
"US1FLSS0022","ENGLEWOOD 2.0 NNW, FL US","26.986543","-82.365365","3.0","2021-07-10","0.00"
"US1FLSS0022","ENGLEWOOD 2.0 NNW, FL US","26.986543","-82.365365","3.0","2021-07-11","0.34"
"US1FLSS0022","ENGLEWOOD 2.0 NNW, FL US","26.986543","-82.365365","3.0","2021-07-12","0.29"
"US1FLSS0022","ENGLEWOOD 2.0 NNW, FL US","26.986543","-82.365365","3.0","2021-07-13","0.45"
"US1FLSS0022","ENGLEWOOD 2.0 NNW, FL US","26.986543","-82.365365","3.0","2021-07-14","0.08"
"US1FLSS0022","ENGLEWOOD 2.0 NNW, FL US","26.986543","-82.365365","3.0","2021-07-15","1.22"
"US1FLSS0022","ENGLEWOOD 2.0 NNW, FL US","26.986543","-82.365365","3.0","2021-07-16","0.18"
"US1FLSS0022","ENGLEWOOD 2.0 NNW, FL US","26.986543","-82.365365","3.0","2021-07-17","0.00"
"US1FLSS0022","ENGLEWOOD 2.0 NNW, FL US","26.986543","-82.365365","3.0","2021-07-18","2.04"
"US1FLSS0022","ENGLEWOOD 2.0 NNW, FL US","26.986543","-82.365365","3.0","2021-07-19","0.00"
"US1FLSS0022","ENGLEWOOD 2.0 NNW, FL US","26.986543","-82.365365","3.0","2021-07-20","0.00"
"US1FLSS0022","ENGLEWOOD 2.0 NNW, FL US","26.986543","-82.365365","3.0","2021-07-21","0.05"
"US1FLHL0024","LAKE PLACID 4.6 SSW, FL US","27.240577","-81.410233","40.2","2021-07-04","0.77"
"US1FLHL0024","LAKE PLACID 4.6 SSW, FL US","27.240577","-81.410233","40.2","2021-07-06","0.73"
"US1FLHL0024","LAKE PLACID 4.6 SSW, FL US","27.240577","-81.410233","40.2","2021-07-07","0.88"
"US1FLHL0024","LAKE PLACID 4.6 SSW, FL US","27.240577","-81.410233","40.2","2021-07-08","0.55"
"US1FLHL0024","LAKE PLACID 4.6 SSW, FL US","27.240577","-81.410233","40.2","2021-07-10","0.43"
"US1FLHL0024","LAKE PLACID 4.6 SSW, FL US","27.240577","-81.410233","40.2","2021-07-14","0.41"
"US1FLHL0024","LAKE PLACID 4.6 SSW, FL US","27.240577","-81.410233","40.2","2021-07-18","0.11"
"US1FLHL0024","LAKE PLACID 4.6 SSW, FL US","27.240577","-81.410233","40.2","2021-07-19","0.20"
"US1FLHL0024","LAKE PLACID 4.6 SSW, FL US","27.240577","-81.410233","40.2","2021-07-20","0.00"
"US1FLHL0024","LAKE PLACID 4.6 SSW, FL US","27.240577","-81.410233","40.2","2021-07-21","0.92"
"US1FLAL0048","GAINESVILLE 5.4 W, FL US","29.67778","-82.426389","49.7","2021-07-04","0.76"
"US1FLAL0048","GAINESVILLE 5.4 W, FL US","29.67778","-82.426389","49.7","2021-07-05","0.17"
"US1FLAL0048","GAINESVILLE 5.4 W, FL US","29.67778","-82.426389","49.7","2021-07-06","0.06"
"US1FLAL0048","GAINESVILLE 5.4 W, FL US","29.67778","-82.426389","49.7","2021-07-07","0.93"
"US1FLAL0048","GAINESVILLE 5.4 W, FL US","29.67778","-82.426389","49.7","2021-07-08","5.08"
"US1FLAL0048","GAINESVILLE 5.4 W, FL US","29.67778","-82.426389","49.7","2021-07-09","0.00"
"US1FLAL0048","GAINESVILLE 5.4 W, FL US","29.67778","-82.426389","49.7","2021-07-10","0.07"
"US1FLAL0048","GAINESVILLE 5.4 W, FL US","29.67778","-82.426389","49.7","2021-07-11","0.00"
"US1FLAL0048","GAINESVILLE 5.4 W, FL US","29.67778","-82.426389","49.7","2021-07-12","0.18"
"US1FLAL0048","GAINESVILLE 5.4 W, FL US","29.67778","-82.426389","49.7","2021-07-13","0.00"
"US1FLAL0048","GAINESVILLE 5.4 W, FL US","29.67778","-82.426389","49.7","2021-07-14","0.00"
"US1FLAL0048","GAINESVILLE 5.4 W, FL US","29.67778","-82.426389","49.7","2021-07-15","0.05"
"US1FLAL0048","GAINESVILLE 5.4 W, FL US","29.67778","-82.426389","49.7","2021-07-16","0.00"
"US1FLAL0048","GAINESVILLE 5.4 W, FL US","29.67778","-82.426389","49.7","2021-07-17","0.00"
"US1FLAL0048","GAINESVILLE 5.4 W, FL US","29.67778","-82.426389","49.7","2021-07-18","0.00"
"US1FLAL0048","GAINESVILLE 5.4 W, FL US","29.67778","-82.426389","49.7","2021-07-19","0.00"
"US1FLAL0048","GAINESVILLE 5.4 W, FL US","29.67778","-82.426389","49.7","2021-07-20","0.48"
"US1FLAL0048","GAINESVILLE 5.4 W, FL US","29.67778","-82.426389","49.7","2021-07-21","0.02"
"US1FLOS0001","POINCIANA PLACE 2.6 NNW, FL US","28.193045","-81.499722","27.1","2021-07-04","0.34"
"US1FLOS0001","POINCIANA PLACE 2.6 NNW, FL US","28.193045","-81.499722","27.1","2021-07-05","0.15"
"US1FLOS0001","POINCIANA PLACE 2.6 NNW, FL US","28.193045","-81.499722","27.1","2021-07-06","0.02"
"US1FLOS0001","POINCIANA PLACE 2.6 NNW, FL US","28.193045","-81.499722","27.1","2021-07-07","0.03"
"US1FLOS0001","POINCIANA PLACE 2.6 NNW, FL US","28.193045","-81.499722","27.1","2021-07-09","0.64"
"US1FLOS0001","POINCIANA PLACE 2.6 NNW, FL US","28.193045","-81.499722","27.1","2021-07-10","0.05"
"US1FLOS0001","POINCIANA PLACE 2.6 NNW, FL US","28.193045","-81.499722","27.1","2021-07-11","0.00"
"US1FLOS0001","POINCIANA PLACE 2.6 NNW, FL US","28.193045","-81.499722","27.1","2021-07-12","0.44"
"US1FLOS0001","POINCIANA PLACE 2.6 NNW, FL US","28.193045","-81.499722","27.1","2021-07-13","0.10"
"US1FLOS0001","POINCIANA PLACE 2.6 NNW, FL US","28.193045","-81.499722","27.1","2021-07-14","0.00"
"US1FLOS0001","POINCIANA PLACE 2.6 NNW, FL US","28.193045","-81.499722","27.1","2021-07-15","0.68"
"US1FLOS0001","POINCIANA PLACE 2.6 NNW, FL US","28.193045","-81.499722","27.1","2021-07-16","0.00"
"US1FLOS0001","POINCIANA PLACE 2.6 NNW, FL US","28.193045","-81.499722","27.1","2021-07-17","0.00"
"US1FLOS0001","POINCIANA PLACE 2.6 NNW, FL US","28.193045","-81.499722","27.1","2021-07-20","0.02"
"US1FLOS0001","POINCIANA PLACE 2.6 NNW, FL US","28.193045","-81.499722","27.1","2021-07-21","0.62"
"US1FLHL0003","LAKE PLACID 1.1 WSW, FL US","27.2877","-81.3853","32.9","2021-07-04","0.56"
"US1FLHL0003","LAKE PLACID 1.1 WSW, FL US","27.2877","-81.3853","32.9","2021-07-05","0.00"
"US1FLHL0003","LAKE PLACID 1.1 WSW, FL US","27.2877","-81.3853","32.9","2021-07-06","0.78"
"US1FLHL0003","LAKE PLACID 1.1 WSW, FL US","27.2877","-81.3853","32.9","2021-07-07","0.98"
"US1FLHL0003","LAKE PLACID 1.1 WSW, FL US","27.2877","-81.3853","32.9","2021-07-08","0.37"
"US1FLHL0003","LAKE PLACID 1.1 WSW, FL US","27.2877","-81.3853","32.9","2021-07-09","0.00"
"US1FLHL0003","LAKE PLACID 1.1 WSW, FL US","27.2877","-81.3853","32.9","2021-07-10","1.12"
"US1FLHL0003","LAKE PLACID 1.1 WSW, FL US","27.2877","-81.3853","32.9","2021-07-11","0.12"
"US1FLHL0003","LAKE PLACID 1.1 WSW, FL US","27.2877","-81.3853","32.9","2021-07-12","0.00"
"US1FLHL0003","LAKE PLACID 1.1 WSW, FL US","27.2877","-81.3853","32.9","2021-07-13","0.03"
"US1FLHL0003","LAKE PLACID 1.1 WSW, FL US","27.2877","-81.3853","32.9","2021-07-14","0.84"
"US1FLHL0003","LAKE PLACID 1.1 WSW, FL US","27.2877","-81.3853","32.9","2021-07-15","0.00"
"US1FLHL0003","LAKE PLACID 1.1 WSW, FL US","27.2877","-81.3853","32.9","2021-07-16","0.00"
"US1FLHL0003","LAKE PLACID 1.1 WSW, FL US","27.2877","-81.3853","32.9","2021-07-17","0.00"
"US1FLHL0003","LAKE PLACID 1.1 WSW, FL US","27.2877","-81.3853","32.9","2021-07-18","0.13"
"US1FLHL0003","LAKE PLACID 1.1 WSW, FL US","27.2877","-81.3853","32.9","2021-07-19","0.11"
"US1FLHL0003","LAKE PLACID 1.1 WSW, FL US","27.2877","-81.3853","32.9","2021-07-20","0.00"
"US1FLHL0003","LAKE PLACID 1.1 WSW, FL US","27.2877","-81.3853","32.9","2021-07-21","0.23"
"US1FLIR0036","VERO BEACH 5.3 W, FL US","27.640879","-80.480391","5.5","2021-07-04","0.45"
"US1FLIR0036","VERO BEACH 5.3 W, FL US","27.640879","-80.480391","5.5","2021-07-05","0.00"
"US1FLIR0036","VERO BEACH 5.3 W, FL US","27.640879","-80.480391","5.5","2021-07-06","0.97"
"US1FLIR0036","VERO BEACH 5.3 W, FL US","27.640879","-80.480391","5.5","2021-07-07","0.03"
"US1FLIR0036","VERO BEACH 5.3 W, FL US","27.640879","-80.480391","5.5","2021-07-08","0.48"
"US1FLIR0036","VERO BEACH 5.3 W, FL US","27.640879","-80.480391","5.5","2021-07-09","0.00"
"US1FLIR0036","VERO BEACH 5.3 W, FL US","27.640879","-80.480391","5.5","2021-07-10","0.39"
"US1FLIR0036","VERO BEACH 5.3 W, FL US","27.640879","-80.480391","5.5","2021-07-11","1.53"
"US1FLIR0036","VERO BEACH 5.3 W, FL US","27.640879","-80.480391","5.5","2021-07-12","0.00"
"US1FLIR0036","VERO BEACH 5.3 W, FL US","27.640879","-80.480391","5.5","2021-07-13","0.27"
"US1FLIR0036","VERO BEACH 5.3 W, FL US","27.640879","-80.480391","5.5","2021-07-14","0.00"
"US1FLIR0036","VERO BEACH 5.3 W, FL US","27.640879","-80.480391","5.5","2021-07-15","0.09"
"US1FLIR0036","VERO BEACH 5.3 W, FL US","27.640879","-80.480391","5.5","2021-07-16","0.08"
"US1FLIR0036","VERO BEACH 5.3 W, FL US","27.640879","-80.480391","5.5","2021-07-17","0.00"
"US1FLIR0036","VERO BEACH 5.3 W, FL US","27.640879","-80.480391","5.5","2021-07-18","0.00"
"US1FLIR0036","VERO BEACH 5.3 W, FL US","27.640879","-80.480391","5.5","2021-07-19","0.00"
"US1FLIR0036","VERO BEACH 5.3 W, FL US","27.640879","-80.480391","5.5","2021-07-20","0.00"
"US1FLIR0036","VERO BEACH 5.3 W, FL US","27.640879","-80.480391","5.5","2021-07-21","0.00"
"US1FLPS0049","LACOOCHEE 1.0 NE, FL US","28.4754","-82.1569","19.5","2021-07-04","2.68"
"US1FLPS0049","LACOOCHEE 1.0 NE, FL US","28.4754","-82.1569","19.5","2021-07-05","0.00"
"US1FLPS0049","LACOOCHEE 1.0 NE, FL US","28.4754","-82.1569","19.5","2021-07-06","0.00"
"US1FLPS0049","LACOOCHEE 1.0 NE, FL US","28.4754","-82.1569","19.5","2021-07-07","2.51"
"US1FLPS0049","LACOOCHEE 1.0 NE, FL US","28.4754","-82.1569","19.5","2021-07-08","0.00"
"US1FLPS0049","LACOOCHEE 1.0 NE, FL US","28.4754","-82.1569","19.5","2021-07-09","0.00"
"US1FLPS0049","LACOOCHEE 1.0 NE, FL US","28.4754","-82.1569","19.5","2021-07-10","0.00"
"US1FLPS0049","LACOOCHEE 1.0 NE, FL US","28.4754","-82.1569","19.5","2021-07-11","0.00"
"US1FLPS0049","LACOOCHEE 1.0 NE, FL US","28.4754","-82.1569","19.5","2021-07-12","0.05"
"US1FLPS0049","LACOOCHEE 1.0 NE, FL US","28.4754","-82.1569","19.5","2021-07-13","0.00"
"US1FLPS0049","LACOOCHEE 1.0 NE, FL US","28.4754","-82.1569","19.5","2021-07-14","0.00"
"US1FLPS0049","LACOOCHEE 1.0 NE, FL US","28.4754","-82.1569","19.5","2021-07-15","0.40"
"US1FLPS0049","LACOOCHEE 1.0 NE, FL US","28.4754","-82.1569","19.5","2021-07-16","0.00"
"US1FLPS0049","LACOOCHEE 1.0 NE, FL US","28.4754","-82.1569","19.5","2021-07-17","0.00"
"US1FLPS0049","LACOOCHEE 1.0 NE, FL US","28.4754","-82.1569","19.5","2021-07-18","0.03"
"US1FLPS0049","LACOOCHEE 1.0 NE, FL US","28.4754","-82.1569","19.5","2021-07-19","0.00"
"US1FLPS0049","LACOOCHEE 1.0 NE, FL US","28.4754","-82.1569","19.5","2021-07-20","0.11"
"US1FLPS0049","LACOOCHEE 1.0 NE, FL US","28.4754","-82.1569","19.5","2021-07-21","0.00"
"US1FLIR0041","VERO BEACH 2.1 NE, FL US","27.66263","-80.36635","2.1","2021-07-04",
"US1FLIR0041","VERO BEACH 2.1 NE, FL US","27.66263","-80.36635","2.1","2021-07-08",
"US1FLIR0041","VERO BEACH 2.1 NE, FL US","27.66263","-80.36635","2.1","2021-07-09","0.00"
"US1FLIR0041","VERO BEACH 2.1 NE, FL US","27.66263","-80.36635","2.1","2021-07-12",
"US1FLIR0041","VERO BEACH 2.1 NE, FL US","27.66263","-80.36635","2.1","2021-07-13","0.28"
"US1FLIR0041","VERO BEACH 2.1 NE, FL US","27.66263","-80.36635","2.1","2021-07-14","0.10"
"US1FLIR0041","VERO BEACH 2.1 NE, FL US","27.66263","-80.36635","2.1","2021-07-20","0.00"
"US1FLIR0041","VERO BEACH 2.1 NE, FL US","27.66263","-80.36635","2.1","2021-07-21","0.39"
"US1FLPS0057","HUDSON 2.0 NNE, FL US","28.38484","-82.68901","1.5","2021-07-06","1.21"
"US1FLPS0057","HUDSON 2.0 NNE, FL US","28.38484","-82.68901","1.5","2021-07-07","7.61"
"US1FLPS0057","HUDSON 2.0 NNE, FL US","28.38484","-82.68901","1.5","2021-07-18","0.23"
"US1FLPS0057","HUDSON 2.0 NNE, FL US","28.38484","-82.68901","1.5","2021-07-19","0.95"
"US1FLSS0034","NORTH PORT 2.6 E, FL US","27.054479","-82.152672","5.8","2021-07-04","0.05"
"US1FLSS0034","NORTH PORT 2.6 E, FL US","27.054479","-82.152672","5.8","2021-07-05","0.00"
"US1FLSS0034","NORTH PORT 2.6 E, FL US","27.054479","-82.152672","5.8","2021-07-06","0.00"
"US1FLSS0034","NORTH PORT 2.6 E, FL US","27.054479","-82.152672","5.8","2021-07-07","7.90"
"US1FLSS0034","NORTH PORT 2.6 E, FL US","27.054479","-82.152672","5.8","2021-07-08","0.02"
"US1FLSS0034","NORTH PORT 2.6 E, FL US","27.054479","-82.152672","5.8","2021-07-09","0.00"
"US1FLSS0034","NORTH PORT 2.6 E, FL US","27.054479","-82.152672","5.8","2021-07-10","0.00"
"US1FLSS0034","NORTH PORT 2.6 E, FL US","27.054479","-82.152672","5.8","2021-07-11","1.01"
"US1FLSS0034","NORTH PORT 2.6 E, FL US","27.054479","-82.152672","5.8","2021-07-12","0.30"
"US1FLSS0034","NORTH PORT 2.6 E, FL US","27.054479","-82.152672","5.8","2021-07-13","0.19"
"US1FLSS0034","NORTH PORT 2.6 E, FL US","27.054479","-82.152672","5.8","2021-07-14","0.02"
"US1FLSS0034","NORTH PORT 2.6 E, FL US","27.054479","-82.152672","5.8","2021-07-15","0.46"
"US1FLSS0034","NORTH PORT 2.6 E, FL US","27.054479","-82.152672","5.8","2021-07-16","0.01"
"US1FLSS0034","NORTH PORT 2.6 E, FL US","27.054479","-82.152672","5.8","2021-07-17","0.33"
"US1FLSS0034","NORTH PORT 2.6 E, FL US","27.054479","-82.152672","5.8","2021-07-18","0.21"
"US1FLSS0034","NORTH PORT 2.6 E, FL US","27.054479","-82.152672","5.8","2021-07-19","0.20"
"US1FLSS0034","NORTH PORT 2.6 E, FL US","27.054479","-82.152672","5.8","2021-07-20","0.00"
"US1FLSS0034","NORTH PORT 2.6 E, FL US","27.054479","-82.152672","5.8","2021-07-21","0.00"
"US1FLMD0083","MIAMI LAKES 2.1 WNW, FL US","25.92112","-80.345436","1.8","2021-07-07",
"US1FLMD0083","MIAMI LAKES 2.1 WNW, FL US","25.92112","-80.345436","1.8","2021-07-13","2.89"
"US1FLMD0083","MIAMI LAKES 2.1 WNW, FL US","25.92112","-80.345436","1.8","2021-07-15",
"US1FLPS0053","LAND O LAKES 1.8 SE, FL US","28.20266","-82.43405","29.3","2021-07-05","2.36"
"US1FLPS0053","LAND O LAKES 1.8 SE, FL US","28.20266","-82.43405","29.3","2021-07-08","0.46"
"US1FLPS0053","LAND O LAKES 1.8 SE, FL US","28.20266","-82.43405","29.3","2021-07-12","1.16"
"US1FLPS0053","LAND O LAKES 1.8 SE, FL US","28.20266","-82.43405","29.3","2021-07-13","0.43"
"US1FLAL0031","GAINESVILLE 6.5 NW, FL US","29.737964","-82.416213","55.2","2021-07-04","1.00"
"US1FLAL0031","GAINESVILLE 6.5 NW, FL US","29.737964","-82.416213","55.2","2021-07-05","0.47"
"US1FLAL0031","GAINESVILLE 6.5 NW, FL US","29.737964","-82.416213","55.2","2021-07-06","0.05"
"US1FLAL0031","GAINESVILLE 6.5 NW, FL US","29.737964","-82.416213","55.2","2021-07-07","1.51"
"US1FLAL0031","GAINESVILLE 6.5 NW, FL US","29.737964","-82.416213","55.2","2021-07-08","5.19"
"US1FLAL0031","GAINESVILLE 6.5 NW, FL US","29.737964","-82.416213","55.2","2021-07-09","0.02"
"US1FLAL0031","GAINESVILLE 6.5 NW, FL US","29.737964","-82.416213","55.2","2021-07-10","0.00"
"US1FLAL0031","GAINESVILLE 6.5 NW, FL US","29.737964","-82.416213","55.2","2021-07-11","0.00"
"US1FLAL0031","GAINESVILLE 6.5 NW, FL US","29.737964","-82.416213","55.2","2021-07-12","0.70"
"US1FLAL0031","GAINESVILLE 6.5 NW, FL US","29.737964","-82.416213","55.2","2021-07-13","0.00"
"US1FLAL0031","GAINESVILLE 6.5 NW, FL US","29.737964","-82.416213","55.2","2021-07-14","0.07"
"US1FLAL0031","GAINESVILLE 6.5 NW, FL US","29.737964","-82.416213","55.2","2021-07-15","0.00"
"US1FLAL0031","GAINESVILLE 6.5 NW, FL US","29.737964","-82.416213","55.2","2021-07-16","0.00"
"US1FLAL0031","GAINESVILLE 6.5 NW, FL US","29.737964","-82.416213","55.2","2021-07-17","0.00"
"US1FLAL0031","GAINESVILLE 6.5 NW, FL US","29.737964","-82.416213","55.2","2021-07-18","0.02"
"US1FLAL0031","GAINESVILLE 6.5 NW, FL US","29.737964","-82.416213","55.2","2021-07-19","0.35"
"US1FLAL0031","GAINESVILLE 6.5 NW, FL US","29.737964","-82.416213","55.2","2021-07-20","0.29"
"US1FLAL0031","GAINESVILLE 6.5 NW, FL US","29.737964","-82.416213","55.2","2021-07-21","0.05"
"US1FLMD0080","KENDALL 1.6 N, FL US","25.69003","-80.33556","1.5","2021-07-04","0.01"
"US1FLMD0080","KENDALL 1.6 N, FL US","25.69003","-80.33556","1.5","2021-07-05","0.07"
"US1FLMD0080","KENDALL 1.6 N, FL US","25.69003","-80.33556","1.5","2021-07-06","2.90"
"US1FLMD0080","KENDALL 1.6 N, FL US","25.69003","-80.33556","1.5","2021-07-07","0.21"
"US1FLMD0080","KENDALL 1.6 N, FL US","25.69003","-80.33556","1.5","2021-07-08","0.03"
"US1FLMD0080","KENDALL 1.6 N, FL US","25.69003","-80.33556","1.5","2021-07-09","0.01"
"US1FLMD0080","KENDALL 1.6 N, FL US","25.69003","-80.33556","1.5","2021-07-10","0.00"
"US1FLMD0080","KENDALL 1.6 N, FL US","25.69003","-80.33556","1.5","2021-07-11","0.96"
"US1FLMD0080","KENDALL 1.6 N, FL US","25.69003","-80.33556","1.5","2021-07-12","0.06"
"US1FLMD0080","KENDALL 1.6 N, FL US","25.69003","-80.33556","1.5","2021-07-14","0.89"
"US1FLMD0080","KENDALL 1.6 N, FL US","25.69003","-80.33556","1.5","2021-07-15","0.20"
"US1FLMD0080","KENDALL 1.6 N, FL US","25.69003","-80.33556","1.5","2021-07-16","0.09"
"US1FLMD0080","KENDALL 1.6 N, FL US","25.69003","-80.33556","1.5","2021-07-17","0.19"
"US1FLMD0081","PALMETTO BAY 0.5 NW, FL US","25.626802","-80.330711","2.7","2021-07-04","0.00"
"US1FLMD0081","PALMETTO BAY 0.5 NW, FL US","25.626802","-80.330711","2.7","2021-07-05","0.00"
"US1FLMD0081","PALMETTO BAY 0.5 NW, FL US","25.626802","-80.330711","2.7","2021-07-06","1.03"
"US1FLMD0081","PALMETTO BAY 0.5 NW, FL US","25.626802","-80.330711","2.7","2021-07-07","0.06"
"US1FLMD0081","PALMETTO BAY 0.5 NW, FL US","25.626802","-80.330711","2.7","2021-07-08","0.00"
"US1FLMD0081","PALMETTO BAY 0.5 NW, FL US","25.626802","-80.330711","2.7","2021-07-09","0.00"
"US1FLMD0081","PALMETTO BAY 0.5 NW, FL US","25.626802","-80.330711","2.7","2021-07-10","0.32"
"US1FLMD0081","PALMETTO BAY 0.5 NW, FL US","25.626802","-80.330711","2.7","2021-07-11","0.14"
"US1FLMD0081","PALMETTO BAY 0.5 NW, FL US","25.626802","-80.330711","2.7","2021-07-12","0.42"
"US1FLMD0081","PALMETTO BAY 0.5 NW, FL US","25.626802","-80.330711","2.7","2021-07-13","0.35"
"US1FLMD0081","PALMETTO BAY 0.5 NW, FL US","25.626802","-80.330711","2.7","2021-07-14","0.46"
"US1FLMD0081","PALMETTO BAY 0.5 NW, FL US","25.626802","-80.330711","2.7","2021-07-15","0.35"
"US1FLMD0081","PALMETTO BAY 0.5 NW, FL US","25.626802","-80.330711","2.7","2021-07-16","0.00"
"US1FLMD0081","PALMETTO BAY 0.5 NW, FL US","25.626802","-80.330711","2.7","2021-07-17","0.17"
"US1FLMD0081","PALMETTO BAY 0.5 NW, FL US","25.626802","-80.330711","2.7","2021-07-18","0.00"
"US1FLMD0081","PALMETTO BAY 0.5 NW, FL US","25.626802","-80.330711","2.7","2021-07-19","0.08"
"US1FLMD0081","PALMETTO BAY 0.5 NW, FL US","25.626802","-80.330711","2.7","2021-07-20","0.07"
"US1FLMD0081","PALMETTO BAY 0.5 NW, FL US","25.626802","-80.330711","2.7","2021-07-21","0.40"
"US1FLPS0051","HOLIDAY 0.6 E, FL US","28.187464","-82.73213","3.0","2021-07-05",
"US1FLPS0051","HOLIDAY 0.6 E, FL US","28.187464","-82.73213","3.0","2021-07-06","0.21"
"US1FLPS0051","HOLIDAY 0.6 E, FL US","28.187464","-82.73213","3.0","2021-07-07","3.71"
"US1FLPS0051","HOLIDAY 0.6 E, FL US","28.187464","-82.73213","3.0","2021-07-08","0.12"
"US1FLPS0051","HOLIDAY 0.6 E, FL US","28.187464","-82.73213","3.0","2021-07-09","0.25"
"US1FLPS0051","HOLIDAY 0.6 E, FL US","28.187464","-82.73213","3.0","2021-07-10","0.00"
"US1FLPS0051","HOLIDAY 0.6 E, FL US","28.187464","-82.73213","3.0","2021-07-13",
"US1FLPS0051","HOLIDAY 0.6 E, FL US","28.187464","-82.73213","3.0","2021-07-14","0.91"
"US1FLPS0051","HOLIDAY 0.6 E, FL US","28.187464","-82.73213","3.0","2021-07-15","1.63"
"US1FLPS0051","HOLIDAY 0.6 E, FL US","28.187464","-82.73213","3.0","2021-07-16","0.00"
"US1FLPS0051","HOLIDAY 0.6 E, FL US","28.187464","-82.73213","3.0","2021-07-17","0.00"
"US1FLPS0051","HOLIDAY 0.6 E, FL US","28.187464","-82.73213","3.0","2021-07-20",
"US1FLPS0051","HOLIDAY 0.6 E, FL US","28.187464","-82.73213","3.0","2021-07-21","0.00"
"US1FLHL0012","SYLVAN SHORES 8.5 NE, FL US","27.405027","-81.246061","25.9","2021-07-04","0.54"
"US1FLHL0012","SYLVAN SHORES 8.5 NE, FL US","27.405027","-81.246061","25.9","2021-07-05","0.00"
"US1FLHL0012","SYLVAN SHORES 8.5 NE, FL US","27.405027","-81.246061","25.9","2021-07-06","0.52"
"US1FLHL0012","SYLVAN SHORES 8.5 NE, FL US","27.405027","-81.246061","25.9","2021-07-07","1.67"
"US1FLHL0012","SYLVAN SHORES 8.5 NE, FL US","27.405027","-81.246061","25.9","2021-07-08","0.69"
"US1FLHL0012","SYLVAN SHORES 8.5 NE, FL US","27.405027","-81.246061","25.9","2021-07-09","0.17"
"US1FLHL0012","SYLVAN SHORES 8.5 NE, FL US","27.405027","-81.246061","25.9","2021-07-10","0.04"
"US1FLHL0012","SYLVAN SHORES 8.5 NE, FL US","27.405027","-81.246061","25.9","2021-07-11","0.00"
"US1FLHL0012","SYLVAN SHORES 8.5 NE, FL US","27.405027","-81.246061","25.9","2021-07-12","0.00"
"US1FLHL0012","SYLVAN SHORES 8.5 NE, FL US","27.405027","-81.246061","25.9","2021-07-13","0.50"
"US1FLHL0012","SYLVAN SHORES 8.5 NE, FL US","27.405027","-81.246061","25.9","2021-07-14","0.14"
"US1FLHL0012","SYLVAN SHORES 8.5 NE, FL US","27.405027","-81.246061","25.9","2021-07-15","0.07"
"US1FLHL0012","SYLVAN SHORES 8.5 NE, FL US","27.405027","-81.246061","25.9","2021-07-16","0.00"
"US1FLHL0012","SYLVAN SHORES 8.5 NE, FL US","27.405027","-81.246061","25.9","2021-07-17","0.64"
"US1FLHL0012","SYLVAN SHORES 8.5 NE, FL US","27.405027","-81.246061","25.9","2021-07-18","2.25"
"US1FLHL0012","SYLVAN SHORES 8.5 NE, FL US","27.405027","-81.246061","25.9","2021-07-19","0.00"
"US1FLHL0012","SYLVAN SHORES 8.5 NE, FL US","27.405027","-81.246061","25.9","2021-07-20","0.00"
"US1FLHL0012","SYLVAN SHORES 8.5 NE, FL US","27.405027","-81.246061","25.9","2021-07-21","0.48"
"US1FLHL0013","SEBRING 4.7 WNW, FL US","27.515983","-81.525033","56.1","2021-07-04","0.84"
"US1FLHL0013","SEBRING 4.7 WNW, FL US","27.515983","-81.525033","56.1","2021-07-05","0.00"
"US1FLHL0013","SEBRING 4.7 WNW, FL US","27.515983","-81.525033","56.1","2021-07-06","0.00"
"US1FLHL0013","SEBRING 4.7 WNW, FL US","27.515983","-81.525033","56.1","2021-07-07","1.62"
"US1FLHL0013","SEBRING 4.7 WNW, FL US","27.515983","-81.525033","56.1","2021-07-08","0.00"
"US1FLHL0013","SEBRING 4.7 WNW, FL US","27.515983","-81.525033","56.1","2021-07-09","0.00"
"US1FLHL0013","SEBRING 4.7 WNW, FL US","27.515983","-81.525033","56.1","2021-07-10","0.00"
"US1FLHL0013","SEBRING 4.7 WNW, FL US","27.515983","-81.525033","56.1","2021-07-11","0.00"
"US1FLHL0013","SEBRING 4.7 WNW, FL US","27.515983","-81.525033","56.1","2021-07-12","0.00"
"US1FLHL0013","SEBRING 4.7 WNW, FL US","27.515983","-81.525033","56.1","2021-07-13","0.22"
"US1FLHL0013","SEBRING 4.7 WNW, FL US","27.515983","-81.525033","56.1","2021-07-14","0.90"
"US1FLHL0013","SEBRING 4.7 WNW, FL US","27.515983","-81.525033","56.1","2021-07-15","0.10"
"US1FLHL0013","SEBRING 4.7 WNW, FL US","27.515983","-81.525033","56.1","2021-07-16","0.00"
"US1FLHL0013","SEBRING 4.7 WNW, FL US","27.515983","-81.525033","56.1","2021-07-17","0.07"
"US1FLHL0013","SEBRING 4.7 WNW, FL US","27.515983","-81.525033","56.1","2021-07-18","0.13"
"US1FLHL0013","SEBRING 4.7 WNW, FL US","27.515983","-81.525033","56.1","2021-07-19","0.10"
"US1FLHL0013","SEBRING 4.7 WNW, FL US","27.515983","-81.525033","56.1","2021-07-20","0.16"
"US1FLHL0013","SEBRING 4.7 WNW, FL US","27.515983","-81.525033","56.1","2021-07-21","0.00"
"US1FLLE0059","CAPE CORAL 3.9 NNW, FL US","26.691734","-82.012703","2.1","2021-07-04","0.00"
"US1FLLE0059","CAPE CORAL 3.9 NNW, FL US","26.691734","-82.012703","2.1","2021-07-05","0.00"
"US1FLLE0059","CAPE CORAL 3.9 NNW, FL US","26.691734","-82.012703","2.1","2021-07-06","0.06"
"US1FLLE0059","CAPE CORAL 3.9 NNW, FL US","26.691734","-82.012703","2.1","2021-07-07","6.36"
"US1FLLE0059","CAPE CORAL 3.9 NNW, FL US","26.691734","-82.012703","2.1","2021-07-08","1.06"
"US1FLLE0059","CAPE CORAL 3.9 NNW, FL US","26.691734","-82.012703","2.1","2021-07-09","0.00"
"US1FLLE0059","CAPE CORAL 3.9 NNW, FL US","26.691734","-82.012703","2.1","2021-07-10","0.00"
"US1FLLE0059","CAPE CORAL 3.9 NNW, FL US","26.691734","-82.012703","2.1","2021-07-11","1.32"
"US1FLLE0059","CAPE CORAL 3.9 NNW, FL US","26.691734","-82.012703","2.1","2021-07-12","0.19"
"US1FLLE0059","CAPE CORAL 3.9 NNW, FL US","26.691734","-82.012703","2.1","2021-07-13","0.05"
"US1FLLE0059","CAPE CORAL 3.9 NNW, FL US","26.691734","-82.012703","2.1","2021-07-14","1.18"
"US1FLLE0059","CAPE CORAL 3.9 NNW, FL US","26.691734","-82.012703","2.1","2021-07-15","0.31"
"US1FLLE0059","CAPE CORAL 3.9 NNW, FL US","26.691734","-82.012703","2.1","2021-07-16","0.00"
"US1FLLE0059","CAPE CORAL 3.9 NNW, FL US","26.691734","-82.012703","2.1","2021-07-17","0.04"
"US1FLLE0059","CAPE CORAL 3.9 NNW, FL US","26.691734","-82.012703","2.1","2021-07-18","0.62"
"US1FLLE0059","CAPE CORAL 3.9 NNW, FL US","26.691734","-82.012703","2.1","2021-07-19","0.00"
"US1FLLE0059","CAPE CORAL 3.9 NNW, FL US","26.691734","-82.012703","2.1","2021-07-20","0.04"
"US1FLLE0059","CAPE CORAL 3.9 NNW, FL US","26.691734","-82.012703","2.1","2021-07-21","0.00"
"US1FLLE0058","FOREST ISLAND PARK 0.9 ESE, FL US","26.48553","-81.84783","2.1","2021-07-07",
"US1FLLE0058","FOREST ISLAND PARK 0.9 ESE, FL US","26.48553","-81.84783","2.1","2021-07-08","0.48"
"US1FLLE0058","FOREST ISLAND PARK 0.9 ESE, FL US","26.48553","-81.84783","2.1","2021-07-09","0.00"
"US1FLLE0058","FOREST ISLAND PARK 0.9 ESE, FL US","26.48553","-81.84783","2.1","2021-07-11","0.33"
"US1FLLE0058","FOREST ISLAND PARK 0.9 ESE, FL US","26.48553","-81.84783","2.1","2021-07-15",
"US1FLLE0058","FOREST ISLAND PARK 0.9 ESE, FL US","26.48553","-81.84783","2.1","2021-07-16","0.02"
"US1FLLE0058","FOREST ISLAND PARK 0.9 ESE, FL US","26.48553","-81.84783","2.1","2021-07-18","0.73"
"US1FLLE0058","FOREST ISLAND PARK 0.9 ESE, FL US","26.48553","-81.84783","2.1","2021-07-19","0.10"
"US1FLLE0058","FOREST ISLAND PARK 0.9 ESE, FL US","26.48553","-81.84783","2.1","2021-07-20","0.02"
"US1FLLE0058","FOREST ISLAND PARK 0.9 ESE, FL US","26.48553","-81.84783","2.1","2021-07-21","0.00"
"US1FLLE0057","CAPE CORAL 4.9 S, FL US","26.56737","-81.99795","2.1","2021-07-04","0.00"
"US1FLLE0057","CAPE CORAL 4.9 S, FL US","26.56737","-81.99795","2.1","2021-07-05","0.00"
"US1FLLE0057","CAPE CORAL 4.9 S, FL US","26.56737","-81.99795","2.1","2021-07-06","0.46"
"US1FLLE0057","CAPE CORAL 4.9 S, FL US","26.56737","-81.99795","2.1","2021-07-07","4.39"
"US1FLLE0057","CAPE CORAL 4.9 S, FL US","26.56737","-81.99795","2.1","2021-07-08","2.60"
"US1FLLE0057","CAPE CORAL 4.9 S, FL US","26.56737","-81.99795","2.1","2021-07-09","0.00"
"US1FLLE0057","CAPE CORAL 4.9 S, FL US","26.56737","-81.99795","2.1","2021-07-10","0.00"
"US1FLLE0057","CAPE CORAL 4.9 S, FL US","26.56737","-81.99795","2.1","2021-07-11","0.43"
"US1FLLE0057","CAPE CORAL 4.9 S, FL US","26.56737","-81.99795","2.1","2021-07-12","0.00"
"US1FLLE0057","CAPE CORAL 4.9 S, FL US","26.56737","-81.99795","2.1","2021-07-13","0.00"
"US1FLLE0057","CAPE CORAL 4.9 S, FL US","26.56737","-81.99795","2.1","2021-07-14","0.05"
"US1FLLE0057","CAPE CORAL 4.9 S, FL US","26.56737","-81.99795","2.1","2021-07-15","0.41"
"US1FLLE0057","CAPE CORAL 4.9 S, FL US","26.56737","-81.99795","2.1","2021-07-16","0.01"
"US1FLLE0057","CAPE CORAL 4.9 S, FL US","26.56737","-81.99795","2.1","2021-07-17","0.00"
"US1FLLE0057","CAPE CORAL 4.9 S, FL US","26.56737","-81.99795","2.1","2021-07-18","0.85"
"US1FLLE0057","CAPE CORAL 4.9 S, FL US","26.56737","-81.99795","2.1","2021-07-19","0.01"
"US1FLLE0057","CAPE CORAL 4.9 S, FL US","26.56737","-81.99795","2.1","2021-07-20","0.01"
"US1FLLE0057","CAPE CORAL 4.9 S, FL US","26.56737","-81.99795","2.1","2021-07-21","0.02"
"US1FLLE0055","FORT MYERS 2.3 SW, FL US","26.60641","-81.87727","4.0","2021-07-04","0.00"
"US1FLLE0055","FORT MYERS 2.3 SW, FL US","26.60641","-81.87727","4.0","2021-07-05","0.00"
"US1FLLE0055","FORT MYERS 2.3 SW, FL US","26.60641","-81.87727","4.0","2021-07-06","0.00"
"US1FLLE0055","FORT MYERS 2.3 SW, FL US","26.60641","-81.87727","4.0","2021-07-07","5.60"
"US1FLLE0055","FORT MYERS 2.3 SW, FL US","26.60641","-81.87727","4.0","2021-07-08","0.53"
"US1FLLE0055","FORT MYERS 2.3 SW, FL US","26.60641","-81.87727","4.0","2021-07-09","0.00"
"US1FLLE0055","FORT MYERS 2.3 SW, FL US","26.60641","-81.87727","4.0","2021-07-10","0.00"
"US1FLLE0055","FORT MYERS 2.3 SW, FL US","26.60641","-81.87727","4.0","2021-07-11","0.30"
"US1FLLE0055","FORT MYERS 2.3 SW, FL US","26.60641","-81.87727","4.0","2021-07-12","0.05"
"US1FLLE0055","FORT MYERS 2.3 SW, FL US","26.60641","-81.87727","4.0","2021-07-13","0.00"
"US1FLLE0055","FORT MYERS 2.3 SW, FL US","26.60641","-81.87727","4.0","2021-07-14","0.42"
"US1FLLE0055","FORT MYERS 2.3 SW, FL US","26.60641","-81.87727","4.0","2021-07-15","0.25"
"US1FLLE0055","FORT MYERS 2.3 SW, FL US","26.60641","-81.87727","4.0","2021-07-16","0.09"
"US1FLLE0055","FORT MYERS 2.3 SW, FL US","26.60641","-81.87727","4.0","2021-07-21",
"US1FLIR0027","VERO BEACH 2.5 S, FL US","27.610172","-80.39295","6.4","2021-07-04","0.15"
"US1FLIR0027","VERO BEACH 2.5 S, FL US","27.610172","-80.39295","6.4","2021-07-05","0.00"
"US1FLIR0027","VERO BEACH 2.5 S, FL US","27.610172","-80.39295","6.4","2021-07-06","0.41"
"US1FLIR0027","VERO BEACH 2.5 S, FL US","27.610172","-80.39295","6.4","2021-07-07","0.03"
"US1FLIR0027","VERO BEACH 2.5 S, FL US","27.610172","-80.39295","6.4","2021-07-08","0.05"
"US1FLIR0027","VERO BEACH 2.5 S, FL US","27.610172","-80.39295","6.4","2021-07-09","0.00"
"US1FLIR0027","VERO BEACH 2.5 S, FL US","27.610172","-80.39295","6.4","2021-07-10","0.22"
"US1FLIR0027","VERO BEACH 2.5 S, FL US","27.610172","-80.39295","6.4","2021-07-11","0.02"
"US1FLIR0027","VERO BEACH 2.5 S, FL US","27.610172","-80.39295","6.4","2021-07-12","0.00"
"US1FLIR0027","VERO BEACH 2.5 S, FL US","27.610172","-80.39295","6.4","2021-07-13","0.14"
"US1FLIR0027","VERO BEACH 2.5 S, FL US","27.610172","-80.39295","6.4","2021-07-14","0.05"
"US1FLIR0027","VERO BEACH 2.5 S, FL US","27.610172","-80.39295","6.4","2021-07-15","0.01"
"US1FLIR0027","VERO BEACH 2.5 S, FL US","27.610172","-80.39295","6.4","2021-07-17","0.14"
"US1FLIR0027","VERO BEACH 2.5 S, FL US","27.610172","-80.39295","6.4","2021-07-18","0.00"
"US1FLIR0027","VERO BEACH 2.5 S, FL US","27.610172","-80.39295","6.4","2021-07-19","0.00"
"US1FLIR0027","VERO BEACH 2.5 S, FL US","27.610172","-80.39295","6.4","2021-07-20","0.00"
"US1FLIR0027","VERO BEACH 2.5 S, FL US","27.610172","-80.39295","6.4","2021-07-21","0.51"
"US1FLIR0026","VERO BEACH 3.5 SSW, FL US","27.59959","-80.416643","5.8","2021-07-04","0.26"
"US1FLIR0026","VERO BEACH 3.5 SSW, FL US","27.59959","-80.416643","5.8","2021-07-05","0.00"
"US1FLIR0026","VERO BEACH 3.5 SSW, FL US","27.59959","-80.416643","5.8","2021-07-07","0.00"
"US1FLIR0026","VERO BEACH 3.5 SSW, FL US","27.59959","-80.416643","5.8","2021-07-08","0.01"
"US1FLIR0026","VERO BEACH 3.5 SSW, FL US","27.59959","-80.416643","5.8","2021-07-09","0.00"
"US1FLIR0026","VERO BEACH 3.5 SSW, FL US","27.59959","-80.416643","5.8","2021-07-10","0.42"
"US1FLIR0026","VERO BEACH 3.5 SSW, FL US","27.59959","-80.416643","5.8","2021-07-11","0.02"
"US1FLIR0026","VERO BEACH 3.5 SSW, FL US","27.59959","-80.416643","5.8","2021-07-12","0.00"
"US1FLIR0026","VERO BEACH 3.5 SSW, FL US","27.59959","-80.416643","5.8","2021-07-14","0.00"
"US1FLIR0026","VERO BEACH 3.5 SSW, FL US","27.59959","-80.416643","5.8","2021-07-15","0.15"
"US1FLIR0026","VERO BEACH 3.5 SSW, FL US","27.59959","-80.416643","5.8","2021-07-16","0.02"
"US1FLIR0026","VERO BEACH 3.5 SSW, FL US","27.59959","-80.416643","5.8","2021-07-18","0.00"
"US1FLIR0026","VERO BEACH 3.5 SSW, FL US","27.59959","-80.416643","5.8","2021-07-19","0.00"
"US1FLIR0026","VERO BEACH 3.5 SSW, FL US","27.59959","-80.416643","5.8","2021-07-20","0.00"
"US1FLIR0026","VERO BEACH 3.5 SSW, FL US","27.59959","-80.416643","5.8","2021-07-21","0.56"
"US1FLIR0024","VERO BEACH 3.4 W, FL US","27.642899","-80.44938","5.8","2021-07-04","0.53"
"US1FLIR0024","VERO BEACH 3.4 W, FL US","27.642899","-80.44938","5.8","2021-07-05","0.02"
"US1FLIR0024","VERO BEACH 3.4 W, FL US","27.642899","-80.44938","5.8","2021-07-06","0.40"
"US1FLIR0024","VERO BEACH 3.4 W, FL US","27.642899","-80.44938","5.8","2021-07-07","0.00"
"US1FLIR0024","VERO BEACH 3.4 W, FL US","27.642899","-80.44938","5.8","2021-07-08","0.14"
"US1FLIR0024","VERO BEACH 3.4 W, FL US","27.642899","-80.44938","5.8","2021-07-09","0.01"
"US1FLIR0024","VERO BEACH 3.4 W, FL US","27.642899","-80.44938","5.8","2021-07-10","0.53"
"US1FLIR0024","VERO BEACH 3.4 W, FL US","27.642899","-80.44938","5.8","2021-07-11","1.70"
"US1FLIR0024","VERO BEACH 3.4 W, FL US","27.642899","-80.44938","5.8","2021-07-12","0.02"
"US1FLIR0024","VERO BEACH 3.4 W, FL US","27.642899","-80.44938","5.8","2021-07-13","0.22"
"US1FLIR0024","VERO BEACH 3.4 W, FL US","27.642899","-80.44938","5.8","2021-07-14","0.02"
"US1FLIR0024","VERO BEACH 3.4 W, FL US","27.642899","-80.44938","5.8","2021-07-15","0.00"
"US1FLIR0024","VERO BEACH 3.4 W, FL US","27.642899","-80.44938","5.8","2021-07-19","0.00"
"US1FLIR0024","VERO BEACH 3.4 W, FL US","27.642899","-80.44938","5.8","2021-07-20","0.00"
"US1FLIR0024","VERO BEACH 3.4 W, FL US","27.642899","-80.44938","5.8","2021-07-21","0.05"
"US1FLMD0079","MIAMI 5.7 N, FL US","25.84308","-80.18248","1.2","2021-07-04","0.00"
"US1FLMD0079","MIAMI 5.7 N, FL US","25.84308","-80.18248","1.2","2021-07-05","0.19"
"US1FLMD0079","MIAMI 5.7 N, FL US","25.84308","-80.18248","1.2","2021-07-06","1.95"
"US1FLMD0079","MIAMI 5.7 N, FL US","25.84308","-80.18248","1.2","2021-07-07","0.05"
"US1FLMD0079","MIAMI 5.7 N, FL US","25.84308","-80.18248","1.2","2021-07-08","0.00"
"US1FLMD0079","MIAMI 5.7 N, FL US","25.84308","-80.18248","1.2","2021-07-09","0.00"
"US1FLMD0079","MIAMI 5.7 N, FL US","25.84308","-80.18248","1.2","2021-07-10","0.57"
"US1FLMD0079","MIAMI 5.7 N, FL US","25.84308","-80.18248","1.2","2021-07-11","0.05"
"US1FLMD0079","MIAMI 5.7 N, FL US","25.84308","-80.18248","1.2","2021-07-12","2.17"
"US1FLMD0079","MIAMI 5.7 N, FL US","25.84308","-80.18248","1.2","2021-07-13","1.47"
"US1FLMD0079","MIAMI 5.7 N, FL US","25.84308","-80.18248","1.2","2021-07-14","0.01"
"US1FLMD0079","MIAMI 5.7 N, FL US","25.84308","-80.18248","1.2","2021-07-15","0.37"
"US1FLMD0079","MIAMI 5.7 N, FL US","25.84308","-80.18248","1.2","2021-07-16","0.00"
"US1FLMD0079","MIAMI 5.7 N, FL US","25.84308","-80.18248","1.2","2021-07-17","0.14"
"US1FLMD0079","MIAMI 5.7 N, FL US","25.84308","-80.18248","1.2","2021-07-18","0.00"
"US1FLMD0079","MIAMI 5.7 N, FL US","25.84308","-80.18248","1.2","2021-07-19","0.00"
"US1FLMD0079","MIAMI 5.7 N, FL US","25.84308","-80.18248","1.2","2021-07-20","0.05"
"US1FLMD0079","MIAMI 5.7 N, FL US","25.84308","-80.18248","1.2","2021-07-21","0.00"
"USC00088756","TALLAHASSEE AIRPORT, FL US","30.39638","-84.35581","16.8","2021-07-04","0.03"
"USC00088756","TALLAHASSEE AIRPORT, FL US","30.39638","-84.35581","16.8","2021-07-05","0.85"
"USC00088756","TALLAHASSEE AIRPORT, FL US","30.39638","-84.35581","16.8","2021-07-06","0.58"
"USC00088756","TALLAHASSEE AIRPORT, FL US","30.39638","-84.35581","16.8","2021-07-07","0.26"
"USC00088756","TALLAHASSEE AIRPORT, FL US","30.39638","-84.35581","16.8","2021-07-08","0.29"
"USC00088756","TALLAHASSEE AIRPORT, FL US","30.39638","-84.35581","16.8","2021-07-09","0.13"
"USC00088756","TALLAHASSEE AIRPORT, FL US","30.39638","-84.35581","16.8","2021-07-10","0.15"
"USC00088756","TALLAHASSEE AIRPORT, FL US","30.39638","-84.35581","16.8","2021-07-11","0.12"
"USC00088756","TALLAHASSEE AIRPORT, FL US","30.39638","-84.35581","16.8","2021-07-12","0.00"
"USC00088756","TALLAHASSEE AIRPORT, FL US","30.39638","-84.35581","16.8","2021-07-13","0.10"
"USC00088756","TALLAHASSEE AIRPORT, FL US","30.39638","-84.35581","16.8","2021-07-14","0.00"
"USC00088756","TALLAHASSEE AIRPORT, FL US","30.39638","-84.35581","16.8","2021-07-15","0.06"
"USC00088756","TALLAHASSEE AIRPORT, FL US","30.39638","-84.35581","16.8","2021-07-16","0.00"
"USC00088756","TALLAHASSEE AIRPORT, FL US","30.39638","-84.35581","16.8","2021-07-17","0.00"
"USC00088756","TALLAHASSEE AIRPORT, FL US","30.39638","-84.35581","16.8","2021-07-18","0.26"
"USC00088756","TALLAHASSEE AIRPORT, FL US","30.39638","-84.35581","16.8","2021-07-19","0.37"
"USC00088756","TALLAHASSEE AIRPORT, FL US","30.39638","-84.35581","16.8","2021-07-20","0.32"
"USC00088756","TALLAHASSEE AIRPORT, FL US","30.39638","-84.35581","16.8","2021-07-21","0.51"
"US1FLSS0047","SARASOTA 1.4 E, FL US","27.3401393890381","-82.5234756469727","8.8","2021-07-04","0.50"
"US1FLSS0047","SARASOTA 1.4 E, FL US","27.3401393890381","-82.5234756469727","8.8","2021-07-05","0.10"
"US1FLSS0047","SARASOTA 1.4 E, FL US","27.3401393890381","-82.5234756469727","8.8","2021-07-06","0.80"
"US1FLSS0047","SARASOTA 1.4 E, FL US","27.3401393890381","-82.5234756469727","8.8","2021-07-07","2.80"
"US1FLSS0047","SARASOTA 1.4 E, FL US","27.3401393890381","-82.5234756469727","8.8","2021-07-08","0.10"
"US1FLSS0047","SARASOTA 1.4 E, FL US","27.3401393890381","-82.5234756469727","8.8","2021-07-09","0.20"
"US1FLSS0047","SARASOTA 1.4 E, FL US","27.3401393890381","-82.5234756469727","8.8","2021-07-10","0.00"
"US1FLSS0047","SARASOTA 1.4 E, FL US","27.3401393890381","-82.5234756469727","8.8","2021-07-11","0.50"
"US1FLSS0047","SARASOTA 1.4 E, FL US","27.3401393890381","-82.5234756469727","8.8","2021-07-12","0.20"
"US1FLSS0047","SARASOTA 1.4 E, FL US","27.3401393890381","-82.5234756469727","8.8","2021-07-13","0.00"
"US1FLSS0047","SARASOTA 1.4 E, FL US","27.3401393890381","-82.5234756469727","8.8","2021-07-14","0.20"
"US1FLSS0047","SARASOTA 1.4 E, FL US","27.3401393890381","-82.5234756469727","8.8","2021-07-15","0.05"
"US1FLSS0047","SARASOTA 1.4 E, FL US","27.3401393890381","-82.5234756469727","8.8","2021-07-16","0.00"
"US1FLSS0047","SARASOTA 1.4 E, FL US","27.3401393890381","-82.5234756469727","8.8","2021-07-17","0.10"
"US1FLSS0047","SARASOTA 1.4 E, FL US","27.3401393890381","-82.5234756469727","8.8","2021-07-18","0.20"
"US1FLSS0047","SARASOTA 1.4 E, FL US","27.3401393890381","-82.5234756469727","8.8","2021-07-19","0.20"
"US1FLSS0047","SARASOTA 1.4 E, FL US","27.3401393890381","-82.5234756469727","8.8","2021-07-20","0.00"
"US1FLSS0047","SARASOTA 1.4 E, FL US","27.3401393890381","-82.5234756469727","8.8","2021-07-21","0.00"
"USC00087429","QUINCY 3 SSW, FL US","30.54509","-84.59855","72.2","2021-07-06","1.32"
"USC00087429","QUINCY 3 SSW, FL US","30.54509","-84.59855","72.2","2021-07-07","0.05"
"USC00087429","QUINCY 3 SSW, FL US","30.54509","-84.59855","72.2","2021-07-08","1.81"
"USC00087429","QUINCY 3 SSW, FL US","30.54509","-84.59855","72.2","2021-07-09","0.30"
"USC00087429","QUINCY 3 SSW, FL US","30.54509","-84.59855","72.2","2021-07-12","0.46"
"USC00087429","QUINCY 3 SSW, FL US","30.54509","-84.59855","72.2","2021-07-13","0.00"
"USC00087429","QUINCY 3 SSW, FL US","30.54509","-84.59855","72.2","2021-07-14","0.00"
"USC00087429","QUINCY 3 SSW, FL US","30.54509","-84.59855","72.2","2021-07-15","0.00"
"USC00087429","QUINCY 3 SSW, FL US","30.54509","-84.59855","72.2","2021-07-16","0.19"
"USC00087429","QUINCY 3 SSW, FL US","30.54509","-84.59855","72.2","2021-07-19","0.45"
"USC00087429","QUINCY 3 SSW, FL US","30.54509","-84.59855","72.2","2021-07-20","1.08"
"USC00087429","QUINCY 3 SSW, FL US","30.54509","-84.59855","72.2","2021-07-21","0.12"
"US1FLPS0043","LAND O LAKES 1.5 SSE, FL US","28.202699","-82.440046","26.8","2021-07-04","2.37"
"US1FLPS0043","LAND O LAKES 1.5 SSE, FL US","28.202699","-82.440046","26.8","2021-07-05","0.11"
"US1FLPS0043","LAND O LAKES 1.5 SSE, FL US","28.202699","-82.440046","26.8","2021-07-06","0.25"
"US1FLPS0043","LAND O LAKES 1.5 SSE, FL US","28.202699","-82.440046","26.8","2021-07-07","1.75"
"US1FLPS0043","LAND O LAKES 1.5 SSE, FL US","28.202699","-82.440046","26.8","2021-07-08","1.01"
"US1FLPS0043","LAND O LAKES 1.5 SSE, FL US","28.202699","-82.440046","26.8","2021-07-09","0.89"
"US1FLPS0043","LAND O LAKES 1.5 SSE, FL US","28.202699","-82.440046","26.8","2021-07-10","0.00"
"US1FLPS0043","LAND O LAKES 1.5 SSE, FL US","28.202699","-82.440046","26.8","2021-07-11","0.00"
"US1FLPS0043","LAND O LAKES 1.5 SSE, FL US","28.202699","-82.440046","26.8","2021-07-12","0.00"
"US1FLPS0043","LAND O LAKES 1.5 SSE, FL US","28.202699","-82.440046","26.8","2021-07-13","0.33"
"US1FLPS0043","LAND O LAKES 1.5 SSE, FL US","28.202699","-82.440046","26.8","2021-07-14","0.60"
"US1FLPS0043","LAND O LAKES 1.5 SSE, FL US","28.202699","-82.440046","26.8","2021-07-15","0.12"
"US1FLPS0043","LAND O LAKES 1.5 SSE, FL US","28.202699","-82.440046","26.8","2021-07-16","0.00"
"US1FLPS0043","LAND O LAKES 1.5 SSE, FL US","28.202699","-82.440046","26.8","2021-07-17","0.00"
"US1FLPS0043","LAND O LAKES 1.5 SSE, FL US","28.202699","-82.440046","26.8","2021-07-18","0.02"
"US1FLPS0043","LAND O LAKES 1.5 SSE, FL US","28.202699","-82.440046","26.8","2021-07-19","0.00"
"US1FLPS0043","LAND O LAKES 1.5 SSE, FL US","28.202699","-82.440046","26.8","2021-07-20","0.00"
"US1FLPS0043","LAND O LAKES 1.5 SSE, FL US","28.202699","-82.440046","26.8","2021-07-21","0.00"
"US1FLHL0001","LAKE PLACID 4.8 NW, FL US","27.342366","-81.42898","29.6","2021-07-04","1.87"
"US1FLHL0001","LAKE PLACID 4.8 NW, FL US","27.342366","-81.42898","29.6","2021-07-05","0.00"
"US1FLHL0001","LAKE PLACID 4.8 NW, FL US","27.342366","-81.42898","29.6","2021-07-06","0.33"
"US1FLHL0001","LAKE PLACID 4.8 NW, FL US","27.342366","-81.42898","29.6","2021-07-07","0.56"
"US1FLHL0001","LAKE PLACID 4.8 NW, FL US","27.342366","-81.42898","29.6","2021-07-08","0.83"
"US1FLHL0001","LAKE PLACID 4.8 NW, FL US","27.342366","-81.42898","29.6","2021-07-09","0.00"
"US1FLHL0001","LAKE PLACID 4.8 NW, FL US","27.342366","-81.42898","29.6","2021-07-10","0.04"
"US1FLHL0001","LAKE PLACID 4.8 NW, FL US","27.342366","-81.42898","29.6","2021-07-11","0.00"
"US1FLHL0001","LAKE PLACID 4.8 NW, FL US","27.342366","-81.42898","29.6","2021-07-12","0.00"
"US1FLHL0001","LAKE PLACID 4.8 NW, FL US","27.342366","-81.42898","29.6","2021-07-13","0.06"
"US1FLHL0001","LAKE PLACID 4.8 NW, FL US","27.342366","-81.42898","29.6","2021-07-14","0.90"
"US1FLHL0001","LAKE PLACID 4.8 NW, FL US","27.342366","-81.42898","29.6","2021-07-15","0.00"
"US1FLHL0001","LAKE PLACID 4.8 NW, FL US","27.342366","-81.42898","29.6","2021-07-16","0.00"
"US1FLHL0001","LAKE PLACID 4.8 NW, FL US","27.342366","-81.42898","29.6","2021-07-17","0.00"
"US1FLHL0001","LAKE PLACID 4.8 NW, FL US","27.342366","-81.42898","29.6","2021-07-18","0.32"
"US1FLHL0001","LAKE PLACID 4.8 NW, FL US","27.342366","-81.42898","29.6","2021-07-19","0.00"
"US1FLHL0001","LAKE PLACID 4.8 NW, FL US","27.342366","-81.42898","29.6","2021-07-20","0.00"
"US1FLHL0001","LAKE PLACID 4.8 NW, FL US","27.342366","-81.42898","29.6","2021-07-21","0.18"
"US1FLSS0040","VENICE 4.8 SSE, FL US","27.031473","-82.412121","2.4","2021-07-04","0.02"
"US1FLSS0040","VENICE 4.8 SSE, FL US","27.031473","-82.412121","2.4","2021-07-05","0.00"
"US1FLSS0040","VENICE 4.8 SSE, FL US","27.031473","-82.412121","2.4","2021-07-06","0.61"
"US1FLSS0040","VENICE 4.8 SSE, FL US","27.031473","-82.412121","2.4","2021-07-07","2.76"
"US1FLSS0040","VENICE 4.8 SSE, FL US","27.031473","-82.412121","2.4","2021-07-08","0.02"
"US1FLSS0040","VENICE 4.8 SSE, FL US","27.031473","-82.412121","2.4","2021-07-09","0.00"
"US1FLSS0040","VENICE 4.8 SSE, FL US","27.031473","-82.412121","2.4","2021-07-10","0.00"
"US1FLSS0040","VENICE 4.8 SSE, FL US","27.031473","-82.412121","2.4","2021-07-11","0.69"
"US1FLSS0040","VENICE 4.8 SSE, FL US","27.031473","-82.412121","2.4","2021-07-12","0.03"
"US1FLSS0040","VENICE 4.8 SSE, FL US","27.031473","-82.412121","2.4","2021-07-13","0.05"
"US1FLSS0040","VENICE 4.8 SSE, FL US","27.031473","-82.412121","2.4","2021-07-14","0.01"
"US1FLSS0040","VENICE 4.8 SSE, FL US","27.031473","-82.412121","2.4","2021-07-15","0.95"
"US1FLSS0040","VENICE 4.8 SSE, FL US","27.031473","-82.412121","2.4","2021-07-16","0.06"
"US1FLSS0040","VENICE 4.8 SSE, FL US","27.031473","-82.412121","2.4","2021-07-17","0.64"
"US1FLSS0040","VENICE 4.8 SSE, FL US","27.031473","-82.412121","2.4","2021-07-18","1.64"
"US1FLSS0040","VENICE 4.8 SSE, FL US","27.031473","-82.412121","2.4","2021-07-19","0.01"
"US1FLSS0040","VENICE 4.8 SSE, FL US","27.031473","-82.412121","2.4","2021-07-20","0.00"
"US1FLSS0040","VENICE 4.8 SSE, FL US","27.031473","-82.412121","2.4","2021-07-21","0.00"
"US1FLAL0026","GAINESVILLE 1.7 SE, FL US","29.65547","-82.31708","53.3","2021-07-04","0.22"
"US1FLAL0026","GAINESVILLE 1.7 SE, FL US","29.65547","-82.31708","53.3","2021-07-05","0.90"
"US1FLAL0026","GAINESVILLE 1.7 SE, FL US","29.65547","-82.31708","53.3","2021-07-06","0.02"
"US1FLAL0026","GAINESVILLE 1.7 SE, FL US","29.65547","-82.31708","53.3","2021-07-07","1.54"
"US1FLAL0026","GAINESVILLE 1.7 SE, FL US","29.65547","-82.31708","53.3","2021-07-08","3.64"
"US1FLAL0026","GAINESVILLE 1.7 SE, FL US","29.65547","-82.31708","53.3","2021-07-09","0.14"
"US1FLAL0026","GAINESVILLE 1.7 SE, FL US","29.65547","-82.31708","53.3","2021-07-10","0.00"
"US1FLAL0026","GAINESVILLE 1.7 SE, FL US","29.65547","-82.31708","53.3","2021-07-11","0.00"
"US1FLAL0026","GAINESVILLE 1.7 SE, FL US","29.65547","-82.31708","53.3","2021-07-12","0.15"
"US1FLAL0026","GAINESVILLE 1.7 SE, FL US","29.65547","-82.31708","53.3","2021-07-13","0.00"
"US1FLAL0026","GAINESVILLE 1.7 SE, FL US","29.65547","-82.31708","53.3","2021-07-14","0.00"
"US1FLAL0026","GAINESVILLE 1.7 SE, FL US","29.65547","-82.31708","53.3","2021-07-15","0.00"
"US1FLAL0026","GAINESVILLE 1.7 SE, FL US","29.65547","-82.31708","53.3","2021-07-16","0.00"
"US1FLAL0026","GAINESVILLE 1.7 SE, FL US","29.65547","-82.31708","53.3","2021-07-17","0.00"
"US1FLAL0026","GAINESVILLE 1.7 SE, FL US","29.65547","-82.31708","53.3","2021-07-18","0.00"
"US1FLAL0026","GAINESVILLE 1.7 SE, FL US","29.65547","-82.31708","53.3","2021-07-19","0.00"
"US1FLAL0026","GAINESVILLE 1.7 SE, FL US","29.65547","-82.31708","53.3","2021-07-20","0.97"
"US1FLAL0026","GAINESVILLE 1.7 SE, FL US","29.65547","-82.31708","53.3","2021-07-21","0.04"
"USW00092821","TITUSVILLE 7 E, FL US","28.6159","-80.6929","0.9","2021-07-04","0.35"
"USW00092821","TITUSVILLE 7 E, FL US","28.6159","-80.6929","0.9","2021-07-05","0.42"
"USW00092821","TITUSVILLE 7 E, FL US","28.6159","-80.6929","0.9","2021-07-06","0.00"
"USW00092821","TITUSVILLE 7 E, FL US","28.6159","-80.6929","0.9","2021-07-07","1.36"
"USW00092821","TITUSVILLE 7 E, FL US","28.6159","-80.6929","0.9","2021-07-08","0.05"
"USW00092821","TITUSVILLE 7 E, FL US","28.6159","-80.6929","0.9","2021-07-09","0.18"
"USW00092821","TITUSVILLE 7 E, FL US","28.6159","-80.6929","0.9","2021-07-10","0.00"
"USW00092821","TITUSVILLE 7 E, FL US","28.6159","-80.6929","0.9","2021-07-11","0.43"
"USW00092821","TITUSVILLE 7 E, FL US","28.6159","-80.6929","0.9","2021-07-12","0.11"
"USW00092821","TITUSVILLE 7 E, FL US","28.6159","-80.6929","0.9","2021-07-13","0.02"
"USW00092821","TITUSVILLE 7 E, FL US","28.6159","-80.6929","0.9","2021-07-14","0.00"
"USW00092821","TITUSVILLE 7 E, FL US","28.6159","-80.6929","0.9","2021-07-15","0.00"
"USW00092821","TITUSVILLE 7 E, FL US","28.6159","-80.6929","0.9","2021-07-16","0.00"
"USW00092821","TITUSVILLE 7 E, FL US","28.6159","-80.6929","0.9","2021-07-17","0.00"
"USW00092821","TITUSVILLE 7 E, FL US","28.6159","-80.6929","0.9","2021-07-18","0.06"
"USW00092821","TITUSVILLE 7 E, FL US","28.6159","-80.6929","0.9","2021-07-19","1.61"
"USW00092821","TITUSVILLE 7 E, FL US","28.6159","-80.6929","0.9","2021-07-20","0.01"
"USW00092821","TITUSVILLE 7 E, FL US","28.6159","-80.6929","0.9","2021-07-21","0.54"
"US1FLIR0019","SEBASTIAN 2.0 SSW, FL US","27.759845","-80.492657","7.9","2021-07-04","0.39"
"US1FLIR0019","SEBASTIAN 2.0 SSW, FL US","27.759845","-80.492657","7.9","2021-07-05","0.05"
"US1FLIR0019","SEBASTIAN 2.0 SSW, FL US","27.759845","-80.492657","7.9","2021-07-06","0.85"
"US1FLIR0019","SEBASTIAN 2.0 SSW, FL US","27.759845","-80.492657","7.9","2021-07-07","0.02"
"US1FLIR0019","SEBASTIAN 2.0 SSW, FL US","27.759845","-80.492657","7.9","2021-07-08","0.18"
"US1FLIR0019","SEBASTIAN 2.0 SSW, FL US","27.759845","-80.492657","7.9","2021-07-09","0.71"
"US1FLIR0019","SEBASTIAN 2.0 SSW, FL US","27.759845","-80.492657","7.9","2021-07-10","0.01"
"US1FLIR0019","SEBASTIAN 2.0 SSW, FL US","27.759845","-80.492657","7.9","2021-07-11","0.27"
"US1FLIR0019","SEBASTIAN 2.0 SSW, FL US","27.759845","-80.492657","7.9","2021-07-12","0.02"
"US1FLIR0019","SEBASTIAN 2.0 SSW, FL US","27.759845","-80.492657","7.9","2021-07-13","0.06"
"US1FLIR0019","SEBASTIAN 2.0 SSW, FL US","27.759845","-80.492657","7.9","2021-07-14","0.09"
"US1FLIR0019","SEBASTIAN 2.0 SSW, FL US","27.759845","-80.492657","7.9","2021-07-15","0.00"
"US1FLIR0019","SEBASTIAN 2.0 SSW, FL US","27.759845","-80.492657","7.9","2021-07-16","0.00"
"US1FLIR0019","SEBASTIAN 2.0 SSW, FL US","27.759845","-80.492657","7.9","2021-07-17","0.00"
"US1FLIR0019","SEBASTIAN 2.0 SSW, FL US","27.759845","-80.492657","7.9","2021-07-18","0.00"
"US1FLIR0019","SEBASTIAN 2.0 SSW, FL US","27.759845","-80.492657","7.9","2021-07-19","0.00"
"US1FLIR0019","SEBASTIAN 2.0 SSW, FL US","27.759845","-80.492657","7.9","2021-07-20","0.00"
"US1FLIR0019","SEBASTIAN 2.0 SSW, FL US","27.759845","-80.492657","7.9","2021-07-21","0.00"
"USC00088782","TAMPA BAY AREA WEATHER FORECAST OFFICE, FL US","27.70532","-82.40092","12.2","2021-07-04","0.01"
"USC00088782","TAMPA BAY AREA WEATHER FORECAST OFFICE, FL US","27.70532","-82.40092","12.2","2021-07-05","0.01"
"USC00088782","TAMPA BAY AREA WEATHER FORECAST OFFICE, FL US","27.70532","-82.40092","12.2","2021-07-06","0.95"
"USC00088782","TAMPA BAY AREA WEATHER FORECAST OFFICE, FL US","27.70532","-82.40092","12.2","2021-07-07","1.07"
"USC00088782","TAMPA BAY AREA WEATHER FORECAST OFFICE, FL US","27.70532","-82.40092","12.2","2021-07-08","0.27"
"USC00088782","TAMPA BAY AREA WEATHER FORECAST OFFICE, FL US","27.70532","-82.40092","12.2","2021-07-09","0.00"
"USC00088782","TAMPA BAY AREA WEATHER FORECAST OFFICE, FL US","27.70532","-82.40092","12.2","2021-07-10","0.03"
"USC00088782","TAMPA BAY AREA WEATHER FORECAST OFFICE, FL US","27.70532","-82.40092","12.2","2021-07-11","0.01"
"USC00088782","TAMPA BAY AREA WEATHER FORECAST OFFICE, FL US","27.70532","-82.40092","12.2","2021-07-12","0.34"
"USC00088782","TAMPA BAY AREA WEATHER FORECAST OFFICE, FL US","27.70532","-82.40092","12.2","2021-07-13","0.16"
"USC00088782","TAMPA BAY AREA WEATHER FORECAST OFFICE, FL US","27.70532","-82.40092","12.2","2021-07-14","0.01"
"USC00088782","TAMPA BAY AREA WEATHER FORECAST OFFICE, FL US","27.70532","-82.40092","12.2","2021-07-15","0.00"
"USC00088782","TAMPA BAY AREA WEATHER FORECAST OFFICE, FL US","27.70532","-82.40092","12.2","2021-07-16","0.00"
"USC00088782","TAMPA BAY AREA WEATHER FORECAST OFFICE, FL US","27.70532","-82.40092","12.2","2021-07-17","0.05"
"USC00088782","TAMPA BAY AREA WEATHER FORECAST OFFICE, FL US","27.70532","-82.40092","12.2","2021-07-18","0.00"
"USC00088782","TAMPA BAY AREA WEATHER FORECAST OFFICE, FL US","27.70532","-82.40092","12.2","2021-07-19","0.02"
"USC00088782","TAMPA BAY AREA WEATHER FORECAST OFFICE, FL US","27.70532","-82.40092","12.2","2021-07-20","0.01"
"USC00088782","TAMPA BAY AREA WEATHER FORECAST OFFICE, FL US","27.70532","-82.40092","12.2","2021-07-21","0.00"
"US1FLIR0015","VERO BEACH 1.5 WSW, FL US","27.641405","-80.417429","11.9","2021-07-04","0.15"
"US1FLIR0015","VERO BEACH 1.5 WSW, FL US","27.641405","-80.417429","11.9","2021-07-05","0.00"
"US1FLIR0015","VERO BEACH 1.5 WSW, FL US","27.641405","-80.417429","11.9","2021-07-06","0.34"
"US1FLIR0015","VERO BEACH 1.5 WSW, FL US","27.641405","-80.417429","11.9","2021-07-07","0.01"
"US1FLIR0015","VERO BEACH 1.5 WSW, FL US","27.641405","-80.417429","11.9","2021-07-08","0.04"
"US1FLIR0015","VERO BEACH 1.5 WSW, FL US","27.641405","-80.417429","11.9","2021-07-09","0.00"
"US1FLIR0015","VERO BEACH 1.5 WSW, FL US","27.641405","-80.417429","11.9","2021-07-10","0.43"
"US1FLIR0015","VERO BEACH 1.5 WSW, FL US","27.641405","-80.417429","11.9","2021-07-11","0.01"
"US1FLIR0015","VERO BEACH 1.5 WSW, FL US","27.641405","-80.417429","11.9","2021-07-12","0.00"
"US1FLIR0015","VERO BEACH 1.5 WSW, FL US","27.641405","-80.417429","11.9","2021-07-13","0.12"
"US1FLIR0015","VERO BEACH 1.5 WSW, FL US","27.641405","-80.417429","11.9","2021-07-14","0.00"
"US1FLIR0015","VERO BEACH 1.5 WSW, FL US","27.641405","-80.417429","11.9","2021-07-15","0.00"
"US1FLIR0015","VERO BEACH 1.5 WSW, FL US","27.641405","-80.417429","11.9","2021-07-16","0.00"
"US1FLIR0015","VERO BEACH 1.5 WSW, FL US","27.641405","-80.417429","11.9","2021-07-17","0.04"
"US1FLIR0015","VERO BEACH 1.5 WSW, FL US","27.641405","-80.417429","11.9","2021-07-18","0.00"
"US1FLIR0015","VERO BEACH 1.5 WSW, FL US","27.641405","-80.417429","11.9","2021-07-19","0.00"
"US1FLIR0015","VERO BEACH 1.5 WSW, FL US","27.641405","-80.417429","11.9","2021-07-20","0.00"
"US1FLIR0015","VERO BEACH 1.5 WSW, FL US","27.641405","-80.417429","11.9","2021-07-21","0.34"
"USW00092827","SEBRING 23 SSE, FL US","27.1526","-81.3689","45.7","2021-07-04","0.00"
"USW00092827","SEBRING 23 SSE, FL US","27.1526","-81.3689","45.7","2021-07-05","1.03"
"USW00092827","SEBRING 23 SSE, FL US","27.1526","-81.3689","45.7","2021-07-06","0.62"
"USW00092827","SEBRING 23 SSE, FL US","27.1526","-81.3689","45.7","2021-07-07","1.81"
"USW00092827","SEBRING 23 SSE, FL US","27.1526","-81.3689","45.7","2021-07-08","0.00"
"USW00092827","SEBRING 23 SSE, FL US","27.1526","-81.3689","45.7","2021-07-09","1.61"
"USW00092827","SEBRING 23 SSE, FL US","27.1526","-81.3689","45.7","2021-07-10","0.64"
"USW00092827","SEBRING 23 SSE, FL US","27.1526","-81.3689","45.7","2021-07-11","0.00"
"USW00092827","SEBRING 23 SSE, FL US","27.1526","-81.3689","45.7","2021-07-12","0.00"
"USW00092827","SEBRING 23 SSE, FL US","27.1526","-81.3689","45.7","2021-07-13","0.20"
"USW00092827","SEBRING 23 SSE, FL US","27.1526","-81.3689","45.7","2021-07-14","0.10"
"USW00092827","SEBRING 23 SSE, FL US","27.1526","-81.3689","45.7","2021-07-15","0.00"
"USW00092827","SEBRING 23 SSE, FL US","27.1526","-81.3689","45.7","2021-07-16","0.00"
"USW00092827","SEBRING 23 SSE, FL US","27.1526","-81.3689","45.7","2021-07-17","0.00"
"USW00092827","SEBRING 23 SSE, FL US","27.1526","-81.3689","45.7","2021-07-18","0.67"
"USW00092827","SEBRING 23 SSE, FL US","27.1526","-81.3689","45.7","2021-07-19","0.00"
"USW00092827","SEBRING 23 SSE, FL US","27.1526","-81.3689","45.7","2021-07-20","0.24"
"USW00092827","SEBRING 23 SSE, FL US","27.1526","-81.3689","45.7","2021-07-21","0.14"
"USW00092826","EVERGLADES CITY 5 NE, FL US","25.8996","-81.3183","1.2","2021-07-04","0.00"
"USW00092826","EVERGLADES CITY 5 NE, FL US","25.8996","-81.3183","1.2","2021-07-05","0.10"
"USW00092826","EVERGLADES CITY 5 NE, FL US","25.8996","-81.3183","1.2","2021-07-06","0.52"
"USW00092826","EVERGLADES CITY 5 NE, FL US","25.8996","-81.3183","1.2","2021-07-07","0.01"
"USW00092826","EVERGLADES CITY 5 NE, FL US","25.8996","-81.3183","1.2","2021-07-08","0.00"
"USW00092826","EVERGLADES CITY 5 NE, FL US","25.8996","-81.3183","1.2","2021-07-09","0.75"
"USW00092826","EVERGLADES CITY 5 NE, FL US","25.8996","-81.3183","1.2","2021-07-10","0.44"
"USW00092826","EVERGLADES CITY 5 NE, FL US","25.8996","-81.3183","1.2","2021-07-11","0.09"
"USW00092826","EVERGLADES CITY 5 NE, FL US","25.8996","-81.3183","1.2","2021-07-12","0.06"
"USW00092826","EVERGLADES CITY 5 NE, FL US","25.8996","-81.3183","1.2","2021-07-13","0.15"
"USW00092826","EVERGLADES CITY 5 NE, FL US","25.8996","-81.3183","1.2","2021-07-14","0.33"
"USW00092826","EVERGLADES CITY 5 NE, FL US","25.8996","-81.3183","1.2","2021-07-15","0.00"
"USW00092826","EVERGLADES CITY 5 NE, FL US","25.8996","-81.3183","1.2","2021-07-16","0.05"
"USW00092826","EVERGLADES CITY 5 NE, FL US","25.8996","-81.3183","1.2","2021-07-17","0.28"
"USW00092826","EVERGLADES CITY 5 NE, FL US","25.8996","-81.3183","1.2","2021-07-18","0.10"
"USW00092826","EVERGLADES CITY 5 NE, FL US","25.8996","-81.3183","1.2","2021-07-19","0.00"
"USW00092826","EVERGLADES CITY 5 NE, FL US","25.8996","-81.3183","1.2","2021-07-20","0.00"
"USW00092826","EVERGLADES CITY 5 NE, FL US","25.8996","-81.3183","1.2","2021-07-21","0.00"
"US1FLMD0069","HOMESTEAD 3.0 NW, FL US","25.4897","-80.4911","2.4","2021-07-04","0.00"
"US1FLMD0069","HOMESTEAD 3.0 NW, FL US","25.4897","-80.4911","2.4","2021-07-05","0.28"
"US1FLMD0069","HOMESTEAD 3.0 NW, FL US","25.4897","-80.4911","2.4","2021-07-06","0.47"
"US1FLMD0069","HOMESTEAD 3.0 NW, FL US","25.4897","-80.4911","2.4","2021-07-07","0.04"
"US1FLMD0069","HOMESTEAD 3.0 NW, FL US","25.4897","-80.4911","2.4","2021-07-08","0.00"
"US1FLMD0069","HOMESTEAD 3.0 NW, FL US","25.4897","-80.4911","2.4","2021-07-09","0.00"
"US1FLMD0069","HOMESTEAD 3.0 NW, FL US","25.4897","-80.4911","2.4","2021-07-10","0.00"
"US1FLMD0069","HOMESTEAD 3.0 NW, FL US","25.4897","-80.4911","2.4","2021-07-11","0.12"
"US1FLMD0069","HOMESTEAD 3.0 NW, FL US","25.4897","-80.4911","2.4","2021-07-12","0.32"
"US1FLMD0069","HOMESTEAD 3.0 NW, FL US","25.4897","-80.4911","2.4","2021-07-13","0.08"
"US1FLMD0069","HOMESTEAD 3.0 NW, FL US","25.4897","-80.4911","2.4","2021-07-14","0.48"
"US1FLMD0069","HOMESTEAD 3.0 NW, FL US","25.4897","-80.4911","2.4","2021-07-15","0.16"
"US1FLMD0069","HOMESTEAD 3.0 NW, FL US","25.4897","-80.4911","2.4","2021-07-16","0.21"
"US1FLMD0069","HOMESTEAD 3.0 NW, FL US","25.4897","-80.4911","2.4","2021-07-17","0.02"
"US1FLMD0069","HOMESTEAD 3.0 NW, FL US","25.4897","-80.4911","2.4","2021-07-18","0.00"
"US1FLMD0069","HOMESTEAD 3.0 NW, FL US","25.4897","-80.4911","2.4","2021-07-19","0.00"
"US1FLMD0069","HOMESTEAD 3.0 NW, FL US","25.4897","-80.4911","2.4","2021-07-20","0.00"
"US1FLMD0069","HOMESTEAD 3.0 NW, FL US","25.4897","-80.4911","2.4","2021-07-21","0.07"
"US1FLPB0002","ABERDEEN 3.7 WNW, FL US","26.575478","-80.202553","5.2","2021-07-04","0.00"
"US1FLPB0002","ABERDEEN 3.7 WNW, FL US","26.575478","-80.202553","5.2","2021-07-05","0.03"
"US1FLPB0002","ABERDEEN 3.7 WNW, FL US","26.575478","-80.202553","5.2","2021-07-06","1.15"
"US1FLPB0002","ABERDEEN 3.7 WNW, FL US","26.575478","-80.202553","5.2","2021-07-08","0.00"
"US1FLPB0002","ABERDEEN 3.7 WNW, FL US","26.575478","-80.202553","5.2","2021-07-09","2.12"
"US1FLPB0002","ABERDEEN 3.7 WNW, FL US","26.575478","-80.202553","5.2","2021-07-10","0.00"
"US1FLPB0002","ABERDEEN 3.7 WNW, FL US","26.575478","-80.202553","5.2","2021-07-11","0.04"
"US1FLPB0002","ABERDEEN 3.7 WNW, FL US","26.575478","-80.202553","5.2","2021-07-12","0.00"
"US1FLPB0002","ABERDEEN 3.7 WNW, FL US","26.575478","-80.202553","5.2","2021-07-13","0.76"
"US1FLPB0002","ABERDEEN 3.7 WNW, FL US","26.575478","-80.202553","5.2","2021-07-14","0.91"
"US1FLPB0002","ABERDEEN 3.7 WNW, FL US","26.575478","-80.202553","5.2","2021-07-15","0.03"
"US1FLPB0002","ABERDEEN 3.7 WNW, FL US","26.575478","-80.202553","5.2","2021-07-16","0.00"
"US1FLPB0002","ABERDEEN 3.7 WNW, FL US","26.575478","-80.202553","5.2","2021-07-17","0.00"
"US1FLPB0002","ABERDEEN 3.7 WNW, FL US","26.575478","-80.202553","5.2","2021-07-18","0.00"
"US1FLPB0002","ABERDEEN 3.7 WNW, FL US","26.575478","-80.202553","5.2","2021-07-19","0.00"
"US1FLPB0002","ABERDEEN 3.7 WNW, FL US","26.575478","-80.202553","5.2","2021-07-20","0.00"
"US1FLPB0002","ABERDEEN 3.7 WNW, FL US","26.575478","-80.202553","5.2","2021-07-21","1.17"
"US1FLMD0066","HAMMOCKS 3.5 SSE, FL US","25.62223","-80.4302","2.1","2021-07-06","1.73"
"US1FLPB0007","SUN VALLEY 0.8 SW, FL US","26.518","-80.145","5.8","2021-07-05","0.02"
"US1FLPB0007","SUN VALLEY 0.8 SW, FL US","26.518","-80.145","5.8","2021-07-06","1.07"
"US1FLPB0007","SUN VALLEY 0.8 SW, FL US","26.518","-80.145","5.8","2021-07-07","0.01"
"US1FLPB0007","SUN VALLEY 0.8 SW, FL US","26.518","-80.145","5.8","2021-07-09","0.84"
"US1FLPB0007","SUN VALLEY 0.8 SW, FL US","26.518","-80.145","5.8","2021-07-11","0.02"
"US1FLPB0007","SUN VALLEY 0.8 SW, FL US","26.518","-80.145","5.8","2021-07-13","0.41"
"US1FLPB0007","SUN VALLEY 0.8 SW, FL US","26.518","-80.145","5.8","2021-07-14","0.67"
"US1FLPB0007","SUN VALLEY 0.8 SW, FL US","26.518","-80.145","5.8","2021-07-16","0.06"
"US1FLPB0007","SUN VALLEY 0.8 SW, FL US","26.518","-80.145","5.8","2021-07-17","0.25"
"US1FLPB0007","SUN VALLEY 0.8 SW, FL US","26.518","-80.145","5.8","2021-07-18","0.06"
"US1FLPB0007","SUN VALLEY 0.8 SW, FL US","26.518","-80.145","5.8","2021-07-19","0.00"
"US1FLPB0007","SUN VALLEY 0.8 SW, FL US","26.518","-80.145","5.8","2021-07-21","0.73"
"US1FLSS0059","NORTH PORT 4.2 E, FL US","27.041008","-82.127627","6.1","2021-07-04","0.00"
"US1FLSS0059","NORTH PORT 4.2 E, FL US","27.041008","-82.127627","6.1","2021-07-05","0.00"
"US1FLSS0059","NORTH PORT 4.2 E, FL US","27.041008","-82.127627","6.1","2021-07-06","2.41"
"US1FLSS0059","NORTH PORT 4.2 E, FL US","27.041008","-82.127627","6.1","2021-07-07","5.36"
"US1FLSS0059","NORTH PORT 4.2 E, FL US","27.041008","-82.127627","6.1","2021-07-08","0.00"
"US1FLSS0059","NORTH PORT 4.2 E, FL US","27.041008","-82.127627","6.1","2021-07-09","0.00"
"US1FLSS0059","NORTH PORT 4.2 E, FL US","27.041008","-82.127627","6.1","2021-07-10","0.78"
"US1FLSS0059","NORTH PORT 4.2 E, FL US","27.041008","-82.127627","6.1","2021-07-11","0.17"
"US1FLSS0059","NORTH PORT 4.2 E, FL US","27.041008","-82.127627","6.1","2021-07-12","0.50"
"US1FLSS0059","NORTH PORT 4.2 E, FL US","27.041008","-82.127627","6.1","2021-07-13","0.03"
"US1FLSS0059","NORTH PORT 4.2 E, FL US","27.041008","-82.127627","6.1","2021-07-14","0.33"
"US1FLSS0059","NORTH PORT 4.2 E, FL US","27.041008","-82.127627","6.1","2021-07-15","0.00"
"US1FLSS0059","NORTH PORT 4.2 E, FL US","27.041008","-82.127627","6.1","2021-07-16","0.25"
"US1FLSS0059","NORTH PORT 4.2 E, FL US","27.041008","-82.127627","6.1","2021-07-17","0.44"
"US1FLSS0059","NORTH PORT 4.2 E, FL US","27.041008","-82.127627","6.1","2021-07-18","0.32"
"US1FLSS0059","NORTH PORT 4.2 E, FL US","27.041008","-82.127627","6.1","2021-07-19","0.00"
"US1FLSS0059","NORTH PORT 4.2 E, FL US","27.041008","-82.127627","6.1","2021-07-21","0.36"
"US1FLPB0009","JUPITER 7.9 W, FL US","26.945819","-80.229858","9.1","2021-07-04",
"US1FLPB0009","JUPITER 7.9 W, FL US","26.945819","-80.229858","9.1","2021-07-05","0.18"
"US1FLPB0009","JUPITER 7.9 W, FL US","26.945819","-80.229858","9.1","2021-07-06","0.93"
"US1FLPB0009","JUPITER 7.9 W, FL US","26.945819","-80.229858","9.1","2021-07-07","0.48"
"US1FLPB0009","JUPITER 7.9 W, FL US","26.945819","-80.229858","9.1","2021-07-09","0.35"
"US1FLPB0009","JUPITER 7.9 W, FL US","26.945819","-80.229858","9.1","2021-07-13","0.47"
"US1FLPB0009","JUPITER 7.9 W, FL US","26.945819","-80.229858","9.1","2021-07-15",
"US1FLPB0009","JUPITER 7.9 W, FL US","26.945819","-80.229858","9.1","2021-07-17","0.16"
"US1FLPB0009","JUPITER 7.9 W, FL US","26.945819","-80.229858","9.1","2021-07-19","0.03"
"US1FLPB0009","JUPITER 7.9 W, FL US","26.945819","-80.229858","9.1","2021-07-20","0.02"
"US1FLPB0009","JUPITER 7.9 W, FL US","26.945819","-80.229858","9.1","2021-07-21","0.21"
"US1FLSS0056","NORTH PORT 3.6 ESE, FL US","27.03619","-82.13814","5.5","2021-07-04","0.05"
"US1FLSS0056","NORTH PORT 3.6 ESE, FL US","27.03619","-82.13814","5.5","2021-07-05","0.00"
"US1FLSS0056","NORTH PORT 3.6 ESE, FL US","27.03619","-82.13814","5.5","2021-07-06","0.02"
"US1FLSS0056","NORTH PORT 3.6 ESE, FL US","27.03619","-82.13814","5.5","2021-07-07","8.13"
"US1FLSS0056","NORTH PORT 3.6 ESE, FL US","27.03619","-82.13814","5.5","2021-07-09",
"US1FLSS0056","NORTH PORT 3.6 ESE, FL US","27.03619","-82.13814","5.5","2021-07-10","0.00"
"US1FLSS0056","NORTH PORT 3.6 ESE, FL US","27.03619","-82.13814","5.5","2021-07-11","0.68"
"US1FLSS0056","NORTH PORT 3.6 ESE, FL US","27.03619","-82.13814","5.5","2021-07-16",
"US1FLSS0056","NORTH PORT 3.6 ESE, FL US","27.03619","-82.13814","5.5","2021-07-17","0.34"
"US1FLSS0056","NORTH PORT 3.6 ESE, FL US","27.03619","-82.13814","5.5","2021-07-18","0.45"
"US1FLSS0056","NORTH PORT 3.6 ESE, FL US","27.03619","-82.13814","5.5","2021-07-19","0.44"
"US1FLSS0056","NORTH PORT 3.6 ESE, FL US","27.03619","-82.13814","5.5","2021-07-20","0.00"
"US1FLSS0056","NORTH PORT 3.6 ESE, FL US","27.03619","-82.13814","5.5","2021-07-21","0.00"
"US1FLMD0061","MIAMI 15.1 WSW, FL US","25.741544","-80.438633","2.4","2021-07-12",
"US1FLMD0061","MIAMI 15.1 WSW, FL US","25.741544","-80.438633","2.4","2021-07-14","0.30"
"US1FLMD0061","MIAMI 15.1 WSW, FL US","25.741544","-80.438633","2.4","2021-07-15","0.10"
"US1FLMD0061","MIAMI 15.1 WSW, FL US","25.741544","-80.438633","2.4","2021-07-16","0.25"
"US1FLMD0061","MIAMI 15.1 WSW, FL US","25.741544","-80.438633","2.4","2021-07-18","0.00"
"US1FLMD0061","MIAMI 15.1 WSW, FL US","25.741544","-80.438633","2.4","2021-07-19","0.20"
"US1FLMD0061","MIAMI 15.1 WSW, FL US","25.741544","-80.438633","2.4","2021-07-20","0.00"
"US1FLMD0061","MIAMI 15.1 WSW, FL US","25.741544","-80.438633","2.4","2021-07-21","0.75"
"US1FLAL0010","GAINESVILLE 3.8 W, FL US","29.680193","-82.398823","38.1","2021-07-04","0.42"
"US1FLAL0010","GAINESVILLE 3.8 W, FL US","29.680193","-82.398823","38.1","2021-07-05","0.67"
"US1FLAL0010","GAINESVILLE 3.8 W, FL US","29.680193","-82.398823","38.1","2021-07-06","0.04"
"US1FLAL0010","GAINESVILLE 3.8 W, FL US","29.680193","-82.398823","38.1","2021-07-07","1.35"
"US1FLAL0010","GAINESVILLE 3.8 W, FL US","29.680193","-82.398823","38.1","2021-07-08","4.52"
"US1FLAL0010","GAINESVILLE 3.8 W, FL US","29.680193","-82.398823","38.1","2021-07-09","0.00"
"US1FLAL0010","GAINESVILLE 3.8 W, FL US","29.680193","-82.398823","38.1","2021-07-10","0.02"
"US1FLAL0010","GAINESVILLE 3.8 W, FL US","29.680193","-82.398823","38.1","2021-07-11","0.00"
"US1FLAL0010","GAINESVILLE 3.8 W, FL US","29.680193","-82.398823","38.1","2021-07-12","0.15"
"US1FLAL0010","GAINESVILLE 3.8 W, FL US","29.680193","-82.398823","38.1","2021-07-13","0.00"
"US1FLAL0010","GAINESVILLE 3.8 W, FL US","29.680193","-82.398823","38.1","2021-07-14","0.00"
"US1FLAL0010","GAINESVILLE 3.8 W, FL US","29.680193","-82.398823","38.1","2021-07-15","0.21"
"US1FLAL0010","GAINESVILLE 3.8 W, FL US","29.680193","-82.398823","38.1","2021-07-16","0.00"
"US1FLAL0010","GAINESVILLE 3.8 W, FL US","29.680193","-82.398823","38.1","2021-07-17","0.00"
"US1FLAL0010","GAINESVILLE 3.8 W, FL US","29.680193","-82.398823","38.1","2021-07-18","0.00"
"US1FLAL0010","GAINESVILLE 3.8 W, FL US","29.680193","-82.398823","38.1","2021-07-19","0.00"
"US1FLAL0010","GAINESVILLE 3.8 W, FL US","29.680193","-82.398823","38.1","2021-07-20","0.72"
"US1FLAL0010","GAINESVILLE 3.8 W, FL US","29.680193","-82.398823","38.1","2021-07-21","0.00"
"US1FLWS0001","VERNON 10.6 WSW, FL US","30.567783","-85.87305","20.1","2021-07-04","0.42"
"US1FLWS0001","VERNON 10.6 WSW, FL US","30.567783","-85.87305","20.1","2021-07-05","0.07"
"US1FLWS0001","VERNON 10.6 WSW, FL US","30.567783","-85.87305","20.1","2021-07-06","0.36"
"US1FLWS0001","VERNON 10.6 WSW, FL US","30.567783","-85.87305","20.1","2021-07-07","1.05"
"US1FLWS0001","VERNON 10.6 WSW, FL US","30.567783","-85.87305","20.1","2021-07-08","0.07"
"US1FLWS0001","VERNON 10.6 WSW, FL US","30.567783","-85.87305","20.1","2021-07-09","0.00"
"US1FLWS0001","VERNON 10.6 WSW, FL US","30.567783","-85.87305","20.1","2021-07-10","0.16"
"US1FLWS0001","VERNON 10.6 WSW, FL US","30.567783","-85.87305","20.1","2021-07-11","0.00"
"US1FLWS0001","VERNON 10.6 WSW, FL US","30.567783","-85.87305","20.1","2021-07-12","0.66"
"US1FLWS0001","VERNON 10.6 WSW, FL US","30.567783","-85.87305","20.1","2021-07-13","1.22"
"US1FLWS0001","VERNON 10.6 WSW, FL US","30.567783","-85.87305","20.1","2021-07-14","0.30"
"US1FLWS0001","VERNON 10.6 WSW, FL US","30.567783","-85.87305","20.1","2021-07-15","0.04"
"US1FLWS0001","VERNON 10.6 WSW, FL US","30.567783","-85.87305","20.1","2021-07-16","0.16"
"US1FLWS0001","VERNON 10.6 WSW, FL US","30.567783","-85.87305","20.1","2021-07-17","0.00"
"US1FLWS0001","VERNON 10.6 WSW, FL US","30.567783","-85.87305","20.1","2021-07-18","0.00"
"US1FLWS0001","VERNON 10.6 WSW, FL US","30.567783","-85.87305","20.1","2021-07-19","0.00"
"US1FLWS0001","VERNON 10.6 WSW, FL US","30.567783","-85.87305","20.1","2021-07-20","0.78"
"US1FLWS0001","VERNON 10.6 WSW, FL US","30.567783","-85.87305","20.1","2021-07-21","0.44"
"US1FLSS0052","SARASOTA 4.0 S, FL US","27.2779350280762","-82.5501403808594","1.2","2021-07-04","1.11"
"US1FLSS0052","SARASOTA 4.0 S, FL US","27.2779350280762","-82.5501403808594","1.2","2021-07-05","0.00"
"US1FLSS0052","SARASOTA 4.0 S, FL US","27.2779350280762","-82.5501403808594","1.2","2021-07-06","0.59"
"US1FLSS0052","SARASOTA 4.0 S, FL US","27.2779350280762","-82.5501403808594","1.2","2021-07-07","1.86"
"US1FLSS0052","SARASOTA 4.0 S, FL US","27.2779350280762","-82.5501403808594","1.2","2021-07-08","0.05"
"US1FLSS0052","SARASOTA 4.0 S, FL US","27.2779350280762","-82.5501403808594","1.2","2021-07-09","0.00"
"US1FLSS0052","SARASOTA 4.0 S, FL US","27.2779350280762","-82.5501403808594","1.2","2021-07-10","0.00"
"US1FLSS0052","SARASOTA 4.0 S, FL US","27.2779350280762","-82.5501403808594","1.2","2021-07-11","1.34"
"US1FLSS0052","SARASOTA 4.0 S, FL US","27.2779350280762","-82.5501403808594","1.2","2021-07-12","0.08"
"US1FLSS0052","SARASOTA 4.0 S, FL US","27.2779350280762","-82.5501403808594","1.2","2021-07-13","0.44"
"US1FLSS0052","SARASOTA 4.0 S, FL US","27.2779350280762","-82.5501403808594","1.2","2021-07-14","0.17"
"US1FLSS0052","SARASOTA 4.0 S, FL US","27.2779350280762","-82.5501403808594","1.2","2021-07-15","1.18"
"US1FLSS0052","SARASOTA 4.0 S, FL US","27.2779350280762","-82.5501403808594","1.2","2021-07-16","0.00"
"US1FLSS0052","SARASOTA 4.0 S, FL US","27.2779350280762","-82.5501403808594","1.2","2021-07-17","0.02"
"US1FLSS0052","SARASOTA 4.0 S, FL US","27.2779350280762","-82.5501403808594","1.2","2021-07-18","0.09"
"US1FLSS0052","SARASOTA 4.0 S, FL US","27.2779350280762","-82.5501403808594","1.2","2021-07-19","0.00"
"US1FLSS0052","SARASOTA 4.0 S, FL US","27.2779350280762","-82.5501403808594","1.2","2021-07-20","0.00"
"US1FLSS0052","SARASOTA 4.0 S, FL US","27.2779350280762","-82.5501403808594","1.2","2021-07-21","0.02"
"US1FLWS0003","SUNNY HILLS 3.3 N, FL US","30.58578","-85.57757","82.6","2021-07-04","0.11"
"US1FLWS0003","SUNNY HILLS 3.3 N, FL US","30.58578","-85.57757","82.6","2021-07-11","1.80"
"US1FLWS0003","SUNNY HILLS 3.3 N, FL US","30.58578","-85.57757","82.6","2021-07-12","0.78"
"US1FLWS0003","SUNNY HILLS 3.3 N, FL US","30.58578","-85.57757","82.6","2021-07-13","1.80"
"US1FLWS0003","SUNNY HILLS 3.3 N, FL US","30.58578","-85.57757","82.6","2021-07-14","0.02"
"US1FLWS0003","SUNNY HILLS 3.3 N, FL US","30.58578","-85.57757","82.6","2021-07-16","0.83"
"US1FLWS0003","SUNNY HILLS 3.3 N, FL US","30.58578","-85.57757","82.6","2021-07-17","0.00"
"US1FLWS0003","SUNNY HILLS 3.3 N, FL US","30.58578","-85.57757","82.6","2021-07-19","0.54"
"US1FLWS0003","SUNNY HILLS 3.3 N, FL US","30.58578","-85.57757","82.6","2021-07-20","0.47"
"US1FLSR0012","NAVARRE 2.1 WNW, FL US","30.408899","-86.897846","8.8","2021-07-04","0.48"
"US1FLSR0012","NAVARRE 2.1 WNW, FL US","30.408899","-86.897846","8.8","2021-07-05","0.04"
"US1FLSR0012","NAVARRE 2.1 WNW, FL US","30.408899","-86.897846","8.8","2021-07-06","2.06"
"US1FLSR0012","NAVARRE 2.1 WNW, FL US","30.408899","-86.897846","8.8","2021-07-07","1.66"
"US1FLSR0012","NAVARRE 2.1 WNW, FL US","30.408899","-86.897846","8.8","2021-07-08","0.00"
"US1FLSR0012","NAVARRE 2.1 WNW, FL US","30.408899","-86.897846","8.8","2021-07-09","0.00"
"US1FLSR0012","NAVARRE 2.1 WNW, FL US","30.408899","-86.897846","8.8","2021-07-10","0.04"
"US1FLSR0012","NAVARRE 2.1 WNW, FL US","30.408899","-86.897846","8.8","2021-07-11","0.02"
"US1FLSR0012","NAVARRE 2.1 WNW, FL US","30.408899","-86.897846","8.8","2021-07-12","0.46"
"US1FLSR0012","NAVARRE 2.1 WNW, FL US","30.408899","-86.897846","8.8","2021-07-13","0.99"
"US1FLSR0012","NAVARRE 2.1 WNW, FL US","30.408899","-86.897846","8.8","2021-07-15","0.00"
"US1FLSR0012","NAVARRE 2.1 WNW, FL US","30.408899","-86.897846","8.8","2021-07-16","0.00"
"US1FLSR0012","NAVARRE 2.1 WNW, FL US","30.408899","-86.897846","8.8","2021-07-18","0.00"
"US1FLSR0012","NAVARRE 2.1 WNW, FL US","30.408899","-86.897846","8.8","2021-07-19","0.40"
"US1FLSR0012","NAVARRE 2.1 WNW, FL US","30.408899","-86.897846","8.8","2021-07-20","0.09"
"US1FLSR0012","NAVARRE 2.1 WNW, FL US","30.408899","-86.897846","8.8","2021-07-21","0.09"
"US1FLSS0053","NORTH PORT 2.1 NNW, FL US","27.075128","-82.213676","6.7","2021-07-04","0.44"
"US1FLSS0053","NORTH PORT 2.1 NNW, FL US","27.075128","-82.213676","6.7","2021-07-05","0.02"
"US1FLSS0053","NORTH PORT 2.1 NNW, FL US","27.075128","-82.213676","6.7","2021-07-07","9.81"
"US1FLSS0053","NORTH PORT 2.1 NNW, FL US","27.075128","-82.213676","6.7","2021-07-11","1.47"
"US1FLSS0053","NORTH PORT 2.1 NNW, FL US","27.075128","-82.213676","6.7","2021-07-12","1.63"
"US1FLSS0053","NORTH PORT 2.1 NNW, FL US","27.075128","-82.213676","6.7","2021-07-14","0.08"
"US1FLSS0053","NORTH PORT 2.1 NNW, FL US","27.075128","-82.213676","6.7","2021-07-17","0.47"
"US1FLSS0053","NORTH PORT 2.1 NNW, FL US","27.075128","-82.213676","6.7","2021-07-18","0.08"
"US1FLSS0053","NORTH PORT 2.1 NNW, FL US","27.075128","-82.213676","6.7","2021-07-19","0.09"
"US1FLWS0006","VERNON 0.5 NW, FL US","30.625276","-85.71065","13.1","2021-07-04","0.18"
"US1FLWS0006","VERNON 0.5 NW, FL US","30.625276","-85.71065","13.1","2021-07-05","0.00"
"US1FLWS0006","VERNON 0.5 NW, FL US","30.625276","-85.71065","13.1","2021-07-06","0.36"
"US1FLWS0006","VERNON 0.5 NW, FL US","30.625276","-85.71065","13.1","2021-07-07","0.58"
"US1FLWS0006","VERNON 0.5 NW, FL US","30.625276","-85.71065","13.1","2021-07-08","0.02"
"US1FLWS0006","VERNON 0.5 NW, FL US","30.625276","-85.71065","13.1","2021-07-09","0.01"
"US1FLWS0006","VERNON 0.5 NW, FL US","30.625276","-85.71065","13.1","2021-07-10","0.35"
"US1FLWS0006","VERNON 0.5 NW, FL US","30.625276","-85.71065","13.1","2021-07-11","0.01"
"US1FLWS0006","VERNON 0.5 NW, FL US","30.625276","-85.71065","13.1","2021-07-12","0.28"
"US1FLWS0006","VERNON 0.5 NW, FL US","30.625276","-85.71065","13.1","2021-07-13","1.64"
"US1FLWS0006","VERNON 0.5 NW, FL US","30.625276","-85.71065","13.1","2021-07-14","0.18"
"US1FLWS0006","VERNON 0.5 NW, FL US","30.625276","-85.71065","13.1","2021-07-15","0.00"
"US1FLWS0006","VERNON 0.5 NW, FL US","30.625276","-85.71065","13.1","2021-07-16","0.20"
"US1FLWS0006","VERNON 0.5 NW, FL US","30.625276","-85.71065","13.1","2021-07-17","0.36"
"US1FLWS0006","VERNON 0.5 NW, FL US","30.625276","-85.71065","13.1","2021-07-18","0.00"
"US1FLWS0006","VERNON 0.5 NW, FL US","30.625276","-85.71065","13.1","2021-07-19","0.03"
"US1FLWS0006","VERNON 0.5 NW, FL US","30.625276","-85.71065","13.1","2021-07-20","0.08"
"US1FLWS0006","VERNON 0.5 NW, FL US","30.625276","-85.71065","13.1","2021-07-21","0.32"
"US1FLAL0017","HIGH SPRINGS 3.2 SW, FL US","29.786949","-82.627651","22.3","2021-07-05","1.03"
"US1FLAL0017","HIGH SPRINGS 3.2 SW, FL US","29.786949","-82.627651","22.3","2021-07-08","6.61"
"US1FLAL0017","HIGH SPRINGS 3.2 SW, FL US","29.786949","-82.627651","22.3","2021-07-17","0.00"
"US1FLAL0017","HIGH SPRINGS 3.2 SW, FL US","29.786949","-82.627651","22.3","2021-07-18","0.00"
"US1FLAL0017","HIGH SPRINGS 3.2 SW, FL US","29.786949","-82.627651","22.3","2021-07-21","0.01"
"US1FLIR0006","VERO BEACH 2.4 W, FL US","27.643772","-80.433882","6.1","2021-07-04","0.29"
"US1FLIR0006","VERO BEACH 2.4 W, FL US","27.643772","-80.433882","6.1","2021-07-05","0.00"
"US1FLIR0006","VERO BEACH 2.4 W, FL US","27.643772","-80.433882","6.1","2021-07-06","0.45"
"US1FLIR0006","VERO BEACH 2.4 W, FL US","27.643772","-80.433882","6.1","2021-07-07","0.01"
"US1FLIR0006","VERO BEACH 2.4 W, FL US","27.643772","-80.433882","6.1","2021-07-08","0.12"
"US1FLIR0006","VERO BEACH 2.4 W, FL US","27.643772","-80.433882","6.1","2021-07-09","0.00"
"US1FLIR0006","VERO BEACH 2.4 W, FL US","27.643772","-80.433882","6.1","2021-07-10","0.49"
"US1FLIR0006","VERO BEACH 2.4 W, FL US","27.643772","-80.433882","6.1","2021-07-11","0.19"
"US1FLIR0006","VERO BEACH 2.4 W, FL US","27.643772","-80.433882","6.1","2021-07-12","0.00"
"US1FLIR0006","VERO BEACH 2.4 W, FL US","27.643772","-80.433882","6.1","2021-07-13","0.24"
"US1FLIR0006","VERO BEACH 2.4 W, FL US","27.643772","-80.433882","6.1","2021-07-14","0.00"
"US1FLIR0006","VERO BEACH 2.4 W, FL US","27.643772","-80.433882","6.1","2021-07-15","0.00"
"US1FLIR0006","VERO BEACH 2.4 W, FL US","27.643772","-80.433882","6.1","2021-07-16","0.00"
"US1FLIR0006","VERO BEACH 2.4 W, FL US","27.643772","-80.433882","6.1","2021-07-17","0.08"
"US1FLIR0006","VERO BEACH 2.4 W, FL US","27.643772","-80.433882","6.1","2021-07-18","0.00"
"US1FLIR0006","VERO BEACH 2.4 W, FL US","27.643772","-80.433882","6.1","2021-07-19","0.00"
"US1FLIR0006","VERO BEACH 2.4 W, FL US","27.643772","-80.433882","6.1","2021-07-20","0.03"
"US1FLIR0006","VERO BEACH 2.4 W, FL US","27.643772","-80.433882","6.1","2021-07-21","0.35"
"US1FLMD0059","SOUTH MIAMI HEIGHTS 6.4 W, FL US","25.5827601","-80.4879962","2.1","2021-07-04","0.00"
"US1FLMD0059","SOUTH MIAMI HEIGHTS 6.4 W, FL US","25.5827601","-80.4879962","2.1","2021-07-05","0.18"
"US1FLMD0059","SOUTH MIAMI HEIGHTS 6.4 W, FL US","25.5827601","-80.4879962","2.1","2021-07-06","0.67"
"US1FLMD0059","SOUTH MIAMI HEIGHTS 6.4 W, FL US","25.5827601","-80.4879962","2.1","2021-07-07","0.08"
"US1FLMD0059","SOUTH MIAMI HEIGHTS 6.4 W, FL US","25.5827601","-80.4879962","2.1","2021-07-08","0.00"
"US1FLMD0059","SOUTH MIAMI HEIGHTS 6.4 W, FL US","25.5827601","-80.4879962","2.1","2021-07-09","0.00"
"US1FLMD0059","SOUTH MIAMI HEIGHTS 6.4 W, FL US","25.5827601","-80.4879962","2.1","2021-07-10","0.00"
"US1FLMD0059","SOUTH MIAMI HEIGHTS 6.4 W, FL US","25.5827601","-80.4879962","2.1","2021-07-11","0.14"
"US1FLMD0059","SOUTH MIAMI HEIGHTS 6.4 W, FL US","25.5827601","-80.4879962","2.1","2021-07-12","0.23"
"US1FLMD0059","SOUTH MIAMI HEIGHTS 6.4 W, FL US","25.5827601","-80.4879962","2.1","2021-07-13","0.43"
"US1FLMD0059","SOUTH MIAMI HEIGHTS 6.4 W, FL US","25.5827601","-80.4879962","2.1","2021-07-14","0.60"
"US1FLMD0059","SOUTH MIAMI HEIGHTS 6.4 W, FL US","25.5827601","-80.4879962","2.1","2021-07-15","0.07"
"US1FLMD0059","SOUTH MIAMI HEIGHTS 6.4 W, FL US","25.5827601","-80.4879962","2.1","2021-07-16","0.01"
"US1FLMD0059","SOUTH MIAMI HEIGHTS 6.4 W, FL US","25.5827601","-80.4879962","2.1","2021-07-17","0.12"
"US1FLMD0059","SOUTH MIAMI HEIGHTS 6.4 W, FL US","25.5827601","-80.4879962","2.1","2021-07-18","0.00"
"US1FLMD0059","SOUTH MIAMI HEIGHTS 6.4 W, FL US","25.5827601","-80.4879962","2.1","2021-07-19","0.00"
"US1FLMD0059","SOUTH MIAMI HEIGHTS 6.4 W, FL US","25.5827601","-80.4879962","2.1","2021-07-21","0.70"
"US1FLPB0012","ABERDEEN 4.2 NNW, FL US","26.607032","-80.172049","11.9","2021-07-04","0.00"
"US1FLPB0012","ABERDEEN 4.2 NNW, FL US","26.607032","-80.172049","11.9","2021-07-05","0.00"
"US1FLPB0012","ABERDEEN 4.2 NNW, FL US","26.607032","-80.172049","11.9","2021-07-06","1.11"
"US1FLPB0012","ABERDEEN 4.2 NNW, FL US","26.607032","-80.172049","11.9","2021-07-07","0.02"
"US1FLPB0012","ABERDEEN 4.2 NNW, FL US","26.607032","-80.172049","11.9","2021-07-08","0.00"
"US1FLPB0012","ABERDEEN 4.2 NNW, FL US","26.607032","-80.172049","11.9","2021-07-09","0.40"
"US1FLPB0012","ABERDEEN 4.2 NNW, FL US","26.607032","-80.172049","11.9","2021-07-10","0.00"
"US1FLPB0012","ABERDEEN 4.2 NNW, FL US","26.607032","-80.172049","11.9","2021-07-11","0.34"
"US1FLPB0012","ABERDEEN 4.2 NNW, FL US","26.607032","-80.172049","11.9","2021-07-12","0.00"
"US1FLPB0012","ABERDEEN 4.2 NNW, FL US","26.607032","-80.172049","11.9","2021-07-13","0.84"
"US1FLPB0012","ABERDEEN 4.2 NNW, FL US","26.607032","-80.172049","11.9","2021-07-14","0.73"
"US1FLPB0012","ABERDEEN 4.2 NNW, FL US","26.607032","-80.172049","11.9","2021-07-15","0.00"
"US1FLPB0012","ABERDEEN 4.2 NNW, FL US","26.607032","-80.172049","11.9","2021-07-16","0.02"
"US1FLPB0012","ABERDEEN 4.2 NNW, FL US","26.607032","-80.172049","11.9","2021-07-17","0.22"
"US1FLPB0012","ABERDEEN 4.2 NNW, FL US","26.607032","-80.172049","11.9","2021-07-18","0.01"
"US1FLPB0012","ABERDEEN 4.2 NNW, FL US","26.607032","-80.172049","11.9","2021-07-19","0.00"
"US1FLPB0012","ABERDEEN 4.2 NNW, FL US","26.607032","-80.172049","11.9","2021-07-20","0.03"
"US1FLPB0012","ABERDEEN 4.2 NNW, FL US","26.607032","-80.172049","11.9","2021-07-21","2.07"
"US1FLPB0013","LAKE WORTH 1.0 NNW, FL US","26.633057","-80.066103","15.8","2021-07-04","0.00"
"US1FLPB0013","LAKE WORTH 1.0 NNW, FL US","26.633057","-80.066103","15.8","2021-07-05","0.04"
"US1FLPB0013","LAKE WORTH 1.0 NNW, FL US","26.633057","-80.066103","15.8","2021-07-06","1.00"
"US1FLPB0013","LAKE WORTH 1.0 NNW, FL US","26.633057","-80.066103","15.8","2021-07-07","0.08"
"US1FLPB0013","LAKE WORTH 1.0 NNW, FL US","26.633057","-80.066103","15.8","2021-07-08","0.00"
"US1FLPB0013","LAKE WORTH 1.0 NNW, FL US","26.633057","-80.066103","15.8","2021-07-09","0.09"
"US1FLPB0013","LAKE WORTH 1.0 NNW, FL US","26.633057","-80.066103","15.8","2021-07-10","0.00"
"US1FLPB0013","LAKE WORTH 1.0 NNW, FL US","26.633057","-80.066103","15.8","2021-07-11","0.12"
"US1FLPB0013","LAKE WORTH 1.0 NNW, FL US","26.633057","-80.066103","15.8","2021-07-12","0.00"
"US1FLPB0013","LAKE WORTH 1.0 NNW, FL US","26.633057","-80.066103","15.8","2021-07-13","0.16"
"US1FLPB0013","LAKE WORTH 1.0 NNW, FL US","26.633057","-80.066103","15.8","2021-07-14","0.55"
"US1FLPB0013","LAKE WORTH 1.0 NNW, FL US","26.633057","-80.066103","15.8","2021-07-15","0.06"
"US1FLPB0013","LAKE WORTH 1.0 NNW, FL US","26.633057","-80.066103","15.8","2021-07-16","0.15"
"US1FLPB0013","LAKE WORTH 1.0 NNW, FL US","26.633057","-80.066103","15.8","2021-07-17","0.00"
"US1FLPB0013","LAKE WORTH 1.0 NNW, FL US","26.633057","-80.066103","15.8","2021-07-18","0.00"
"US1FLPB0013","LAKE WORTH 1.0 NNW, FL US","26.633057","-80.066103","15.8","2021-07-19","0.00"
"US1FLPB0013","LAKE WORTH 1.0 NNW, FL US","26.633057","-80.066103","15.8","2021-07-20","0.00"
"US1FLPB0013","LAKE WORTH 1.0 NNW, FL US","26.633057","-80.066103","15.8","2021-07-21","0.00"
"USC00087205","PLANT CITY, FL US","28.02091","-82.13923","33.2","2021-07-04","0.43"
"USC00087205","PLANT CITY, FL US","28.02091","-82.13923","33.2","2021-07-05","0.04"
"USC00087205","PLANT CITY, FL US","28.02091","-82.13923","33.2","2021-07-06","0.43"
"USC00087205","PLANT CITY, FL US","28.02091","-82.13923","33.2","2021-07-07","2.23"
"USC00087205","PLANT CITY, FL US","28.02091","-82.13923","33.2","2021-07-08","0.59"
"USC00087205","PLANT CITY, FL US","28.02091","-82.13923","33.2","2021-07-09","0.00"
"USC00087205","PLANT CITY, FL US","28.02091","-82.13923","33.2","2021-07-10","0.13"
"USC00087205","PLANT CITY, FL US","28.02091","-82.13923","33.2","2021-07-11","0.00"
"USC00087205","PLANT CITY, FL US","28.02091","-82.13923","33.2","2021-07-12","0.04"
"USC00087205","PLANT CITY, FL US","28.02091","-82.13923","33.2","2021-07-13","0.02"
"USC00087205","PLANT CITY, FL US","28.02091","-82.13923","33.2","2021-07-14","0.32"
"USC00087205","PLANT CITY, FL US","28.02091","-82.13923","33.2","2021-07-15","0.04"
"USC00087205","PLANT CITY, FL US","28.02091","-82.13923","33.2","2021-07-16","0.00"
"USC00087205","PLANT CITY, FL US","28.02091","-82.13923","33.2","2021-07-17","0.00"
"USC00087205","PLANT CITY, FL US","28.02091","-82.13923","33.2","2021-07-18","0.00"
"USC00087205","PLANT CITY, FL US","28.02091","-82.13923","33.2","2021-07-19","0.17"
"USC00087205","PLANT CITY, FL US","28.02091","-82.13923","33.2","2021-07-20","0.86"
"USC00087205","PLANT CITY, FL US","28.02091","-82.13923","33.2","2021-07-21","0.00"
"US1FLPS0015","DADE CITY 4.3 N, FL US","28.422509","-82.206011","38.1","2021-07-04","3.35"
"US1FLPS0015","DADE CITY 4.3 N, FL US","28.422509","-82.206011","38.1","2021-07-05","0.09"
"US1FLPS0015","DADE CITY 4.3 N, FL US","28.422509","-82.206011","38.1","2021-07-06","0.05"
"US1FLPS0015","DADE CITY 4.3 N, FL US","28.422509","-82.206011","38.1","2021-07-07","1.69"
"US1FLPS0015","DADE CITY 4.3 N, FL US","28.422509","-82.206011","38.1","2021-07-09",
"US1FLPS0015","DADE CITY 4.3 N, FL US","28.422509","-82.206011","38.1","2021-07-10","0.00"
"US1FLPS0015","DADE CITY 4.3 N, FL US","28.422509","-82.206011","38.1","2021-07-11","0.00"
"US1FLPS0015","DADE CITY 4.3 N, FL US","28.422509","-82.206011","38.1","2021-07-12","0.05"
"US1FLPS0015","DADE CITY 4.3 N, FL US","28.422509","-82.206011","38.1","2021-07-13","0.00"
"US1FLPS0015","DADE CITY 4.3 N, FL US","28.422509","-82.206011","38.1","2021-07-14","0.32"
"US1FLPS0015","DADE CITY 4.3 N, FL US","28.422509","-82.206011","38.1","2021-07-15","0.31"
"US1FLPS0015","DADE CITY 4.3 N, FL US","28.422509","-82.206011","38.1","2021-07-16","0.00"
"US1FLPS0015","DADE CITY 4.3 N, FL US","28.422509","-82.206011","38.1","2021-07-17","0.04"
"US1FLPS0015","DADE CITY 4.3 N, FL US","28.422509","-82.206011","38.1","2021-07-18","0.04"
"US1FLPS0015","DADE CITY 4.3 N, FL US","28.422509","-82.206011","38.1","2021-07-19","0.00"
"US1FLPS0015","DADE CITY 4.3 N, FL US","28.422509","-82.206011","38.1","2021-07-20","0.06"
"US1FLPS0015","DADE CITY 4.3 N, FL US","28.422509","-82.206011","38.1","2021-07-21","0.00"
"US1FLAL0002","ARCHER 5.5 E, FL US","29.527244","-82.427072","35.1","2021-07-04","0.41"
"US1FLAL0002","ARCHER 5.5 E, FL US","29.527244","-82.427072","35.1","2021-07-06","0.02"
"US1FLAL0002","ARCHER 5.5 E, FL US","29.527244","-82.427072","35.1","2021-07-07","0.00"
"US1FLAL0002","ARCHER 5.5 E, FL US","29.527244","-82.427072","35.1","2021-07-08","6.31"
"US1FLAL0002","ARCHER 5.5 E, FL US","29.527244","-82.427072","35.1","2021-07-09","0.00"
"US1FLAL0002","ARCHER 5.5 E, FL US","29.527244","-82.427072","35.1","2021-07-10","0.19"
"US1FLAL0002","ARCHER 5.5 E, FL US","29.527244","-82.427072","35.1","2021-07-11","0.00"
"US1FLAL0002","ARCHER 5.5 E, FL US","29.527244","-82.427072","35.1","2021-07-12","0.00"
"US1FLAL0002","ARCHER 5.5 E, FL US","29.527244","-82.427072","35.1","2021-07-13","0.09"
"US1FLAL0002","ARCHER 5.5 E, FL US","29.527244","-82.427072","35.1","2021-07-14","0.00"
"US1FLAL0002","ARCHER 5.5 E, FL US","29.527244","-82.427072","35.1","2021-07-15","0.00"
"US1FLAL0002","ARCHER 5.5 E, FL US","29.527244","-82.427072","35.1","2021-07-16","0.00"
"US1FLAL0002","ARCHER 5.5 E, FL US","29.527244","-82.427072","35.1","2021-07-17","0.00"
"US1FLAL0002","ARCHER 5.5 E, FL US","29.527244","-82.427072","35.1","2021-07-18","0.00"
"US1FLAL0002","ARCHER 5.5 E, FL US","29.527244","-82.427072","35.1","2021-07-19","0.00"
"US1FLAL0002","ARCHER 5.5 E, FL US","29.527244","-82.427072","35.1","2021-07-20","1.05"
"US1FLAL0002","ARCHER 5.5 E, FL US","29.527244","-82.427072","35.1","2021-07-21","0.00"
"US1FLSS0065","NOKOMIS 3.6 E, FL US","27.127763","-82.379298","3.7","2021-07-04","0.20"
"US1FLSS0065","NOKOMIS 3.6 E, FL US","27.127763","-82.379298","3.7","2021-07-05","0.00"
"US1FLSS0065","NOKOMIS 3.6 E, FL US","27.127763","-82.379298","3.7","2021-07-06","0.76"
"US1FLSS0065","NOKOMIS 3.6 E, FL US","27.127763","-82.379298","3.7","2021-07-07","1.28"
"US1FLSS0065","NOKOMIS 3.6 E, FL US","27.127763","-82.379298","3.7","2021-07-08","0.01"
"US1FLSS0065","NOKOMIS 3.6 E, FL US","27.127763","-82.379298","3.7","2021-07-09","0.00"
"US1FLSS0065","NOKOMIS 3.6 E, FL US","27.127763","-82.379298","3.7","2021-07-10","0.00"
"US1FLSS0065","NOKOMIS 3.6 E, FL US","27.127763","-82.379298","3.7","2021-07-11","0.65"
"US1FLSS0065","NOKOMIS 3.6 E, FL US","27.127763","-82.379298","3.7","2021-07-12","0.68"
"US1FLSS0065","NOKOMIS 3.6 E, FL US","27.127763","-82.379298","3.7","2021-07-13","0.08"
"US1FLSS0065","NOKOMIS 3.6 E, FL US","27.127763","-82.379298","3.7","2021-07-15","0.03"
"US1FLSS0065","NOKOMIS 3.6 E, FL US","27.127763","-82.379298","3.7","2021-07-17","0.92"
"US1FLSS0065","NOKOMIS 3.6 E, FL US","27.127763","-82.379298","3.7","2021-07-18","1.78"
"US1FLSS0065","NOKOMIS 3.6 E, FL US","27.127763","-82.379298","3.7","2021-07-19","0.38"
"US1FLSR0021","NAVARRE 6.2 E, FL US","30.41475","-86.80899","9.4","2021-07-04","1.58"
"US1FLSR0021","NAVARRE 6.2 E, FL US","30.41475","-86.80899","9.4","2021-07-05","0.93"
"US1FLSR0021","NAVARRE 6.2 E, FL US","30.41475","-86.80899","9.4","2021-07-06","1.62"
"US1FLSR0021","NAVARRE 6.2 E, FL US","30.41475","-86.80899","9.4","2021-07-07","0.59"
"US1FLSR0021","NAVARRE 6.2 E, FL US","30.41475","-86.80899","9.4","2021-07-08","0.02"
"US1FLSR0021","NAVARRE 6.2 E, FL US","30.41475","-86.80899","9.4","2021-07-09","0.00"
"US1FLSR0021","NAVARRE 6.2 E, FL US","30.41475","-86.80899","9.4","2021-07-10","0.11"
"US1FLSR0021","NAVARRE 6.2 E, FL US","30.41475","-86.80899","9.4","2021-07-11","0.02"
"US1FLSR0021","NAVARRE 6.2 E, FL US","30.41475","-86.80899","9.4","2021-07-12","0.62"
"US1FLSR0021","NAVARRE 6.2 E, FL US","30.41475","-86.80899","9.4","2021-07-13","0.77"
"US1FLSR0021","NAVARRE 6.2 E, FL US","30.41475","-86.80899","9.4","2021-07-14","0.00"
"US1FLSR0021","NAVARRE 6.2 E, FL US","30.41475","-86.80899","9.4","2021-07-15","0.01"
"US1FLSR0021","NAVARRE 6.2 E, FL US","30.41475","-86.80899","9.4","2021-07-16","0.00"
"US1FLSR0021","NAVARRE 6.2 E, FL US","30.41475","-86.80899","9.4","2021-07-17","0.00"
"US1FLSR0021","NAVARRE 6.2 E, FL US","30.41475","-86.80899","9.4","2021-07-18","0.00"
"US1FLSR0021","NAVARRE 6.2 E, FL US","30.41475","-86.80899","9.4","2021-07-19","0.01"
"US1FLSR0021","NAVARRE 6.2 E, FL US","30.41475","-86.80899","9.4","2021-07-20","0.12"
"US1FLSR0021","NAVARRE 6.2 E, FL US","30.41475","-86.80899","9.4","2021-07-21","0.51"
"US1FLSS0063","SARASOTA 4.8 ENE, FL US","27.36217","-82.47456","8.2","2021-07-04","0.32"
"US1FLSS0063","SARASOTA 4.8 ENE, FL US","27.36217","-82.47456","8.2","2021-07-05","0.00"
"US1FLSS0063","SARASOTA 4.8 ENE, FL US","27.36217","-82.47456","8.2","2021-07-06","0.00"
"US1FLSS0063","SARASOTA 4.8 ENE, FL US","27.36217","-82.47456","8.2","2021-07-07","2.33"
"US1FLSS0063","SARASOTA 4.8 ENE, FL US","27.36217","-82.47456","8.2","2021-07-08","0.35"
"US1FLSS0063","SARASOTA 4.8 ENE, FL US","27.36217","-82.47456","8.2","2021-07-09","0.00"
"US1FLSS0063","SARASOTA 4.8 ENE, FL US","27.36217","-82.47456","8.2","2021-07-10","0.00"
"US1FLSS0063","SARASOTA 4.8 ENE, FL US","27.36217","-82.47456","8.2","2021-07-11","0.15"
"US1FLSS0063","SARASOTA 4.8 ENE, FL US","27.36217","-82.47456","8.2","2021-07-12","0.00"
"US1FLSS0063","SARASOTA 4.8 ENE, FL US","27.36217","-82.47456","8.2","2021-07-13","0.00"
"US1FLSS0063","SARASOTA 4.8 ENE, FL US","27.36217","-82.47456","8.2","2021-07-14","0.00"
"US1FLSS0063","SARASOTA 4.8 ENE, FL US","27.36217","-82.47456","8.2","2021-07-15","0.00"
"US1FLSS0063","SARASOTA 4.8 ENE, FL US","27.36217","-82.47456","8.2","2021-07-16","0.00"
"US1FLSS0063","SARASOTA 4.8 ENE, FL US","27.36217","-82.47456","8.2","2021-07-17","0.00"
"US1FLSS0063","SARASOTA 4.8 ENE, FL US","27.36217","-82.47456","8.2","2021-07-18","0.03"
"US1FLSS0063","SARASOTA 4.8 ENE, FL US","27.36217","-82.47456","8.2","2021-07-19","0.08"
"US1FLSS0063","SARASOTA 4.8 ENE, FL US","27.36217","-82.47456","8.2","2021-07-20","0.14"
"US1FLSS0063","SARASOTA 4.8 ENE, FL US","27.36217","-82.47456","8.2","2021-07-21","0.00"
"US1FLSS0062","VAMO 2.1 E, FL US","27.228574","-82.461911","4.9","2021-07-06","1.06"
"US1FLSS0062","VAMO 2.1 E, FL US","27.228574","-82.461911","4.9","2021-07-18","0.34"
"US1FLAL0004","BROOKER 6.6 SSE, FL US","29.80059","-82.283616","43.0","2021-07-04","0.39"
"US1FLAL0004","BROOKER 6.6 SSE, FL US","29.80059","-82.283616","43.0","2021-07-05","0.28"
"US1FLAL0004","BROOKER 6.6 SSE, FL US","29.80059","-82.283616","43.0","2021-07-06","0.00"
"US1FLAL0004","BROOKER 6.6 SSE, FL US","29.80059","-82.283616","43.0","2021-07-07","1.46"
"US1FLAL0004","BROOKER 6.6 SSE, FL US","29.80059","-82.283616","43.0","2021-07-08","3.82"
"US1FLAL0004","BROOKER 6.6 SSE, FL US","29.80059","-82.283616","43.0","2021-07-09","0.00"
"US1FLAL0004","BROOKER 6.6 SSE, FL US","29.80059","-82.283616","43.0","2021-07-10","0.02"
"US1FLAL0004","BROOKER 6.6 SSE, FL US","29.80059","-82.283616","43.0","2021-07-11","0.00"
"US1FLAL0004","BROOKER 6.6 SSE, FL US","29.80059","-82.283616","43.0","2021-07-12","0.28"
"US1FLAL0004","BROOKER 6.6 SSE, FL US","29.80059","-82.283616","43.0","2021-07-13","0.00"
"US1FLAL0004","BROOKER 6.6 SSE, FL US","29.80059","-82.283616","43.0","2021-07-14","0.00"
"US1FLAL0004","BROOKER 6.6 SSE, FL US","29.80059","-82.283616","43.0","2021-07-15","0.17"
"US1FLAL0004","BROOKER 6.6 SSE, FL US","29.80059","-82.283616","43.0","2021-07-16","0.00"
"US1FLAL0004","BROOKER 6.6 SSE, FL US","29.80059","-82.283616","43.0","2021-07-17","0.00"
"US1FLAL0004","BROOKER 6.6 SSE, FL US","29.80059","-82.283616","43.0","2021-07-18","0.00"
"US1FLAL0004","BROOKER 6.6 SSE, FL US","29.80059","-82.283616","43.0","2021-07-19","0.00"
"US1FLAL0004","BROOKER 6.6 SSE, FL US","29.80059","-82.283616","43.0","2021-07-20","0.16"
"US1FLAL0004","BROOKER 6.6 SSE, FL US","29.80059","-82.283616","43.0","2021-07-21","0.01"
"US1FLSR0026","MILTON 2.9 NW, FL US","30.663063","-87.080857","45.4","2021-07-04","0.00"
"US1FLSR0026","MILTON 2.9 NW, FL US","30.663063","-87.080857","45.4","2021-07-05","0.13"
"US1FLSR0026","MILTON 2.9 NW, FL US","30.663063","-87.080857","45.4","2021-07-06","1.79"
"US1FLSR0026","MILTON 2.9 NW, FL US","30.663063","-87.080857","45.4","2021-07-07","0.76"
"US1FLSR0026","MILTON 2.9 NW, FL US","30.663063","-87.080857","45.4","2021-07-08","0.01"
"US1FLSR0026","MILTON 2.9 NW, FL US","30.663063","-87.080857","45.4","2021-07-09","0.00"
"US1FLSR0026","MILTON 2.9 NW, FL US","30.663063","-87.080857","45.4","2021-07-10","0.60"
"US1FLSR0026","MILTON 2.9 NW, FL US","30.663063","-87.080857","45.4","2021-07-11","0.98"
"US1FLSR0026","MILTON 2.9 NW, FL US","30.663063","-87.080857","45.4","2021-07-12","2.11"
"US1FLSR0026","MILTON 2.9 NW, FL US","30.663063","-87.080857","45.4","2021-07-17",
"US1FLSR0026","MILTON 2.9 NW, FL US","30.663063","-87.080857","45.4","2021-07-18","0.00"
"US1FLSR0026","MILTON 2.9 NW, FL US","30.663063","-87.080857","45.4","2021-07-19","0.05"
"US1FLSR0026","MILTON 2.9 NW, FL US","30.663063","-87.080857","45.4","2021-07-20","0.96"
"US1FLSR0026","MILTON 2.9 NW, FL US","30.663063","-87.080857","45.4","2021-07-21","0.07"
"US1FLAL0007","GAINESVILLE 8.1 SW, FL US","29.5908","-82.4314","36.9","2021-07-04","0.47"
"US1FLAL0007","GAINESVILLE 8.1 SW, FL US","29.5908","-82.4314","36.9","2021-07-05","0.21"
"US1FLAL0007","GAINESVILLE 8.1 SW, FL US","29.5908","-82.4314","36.9","2021-07-06","0.01"
"US1FLAL0007","GAINESVILLE 8.1 SW, FL US","29.5908","-82.4314","36.9","2021-07-07","1.79"
"US1FLAL0007","GAINESVILLE 8.1 SW, FL US","29.5908","-82.4314","36.9","2021-07-08","4.06"
"US1FLAL0007","GAINESVILLE 8.1 SW, FL US","29.5908","-82.4314","36.9","2021-07-09","0.15"
"US1FLAL0007","GAINESVILLE 8.1 SW, FL US","29.5908","-82.4314","36.9","2021-07-11",
"US1FLAL0007","GAINESVILLE 8.1 SW, FL US","29.5908","-82.4314","36.9","2021-07-12","0.26"
"US1FLAL0007","GAINESVILLE 8.1 SW, FL US","29.5908","-82.4314","36.9","2021-07-13","0.00"
"US1FLAL0007","GAINESVILLE 8.1 SW, FL US","29.5908","-82.4314","36.9","2021-07-14","0.00"
"US1FLAL0007","GAINESVILLE 8.1 SW, FL US","29.5908","-82.4314","36.9","2021-07-15","0.00"
"US1FLAL0007","GAINESVILLE 8.1 SW, FL US","29.5908","-82.4314","36.9","2021-07-16","0.00"
"US1FLAL0007","GAINESVILLE 8.1 SW, FL US","29.5908","-82.4314","36.9","2021-07-17","0.00"
"US1FLAL0007","GAINESVILLE 8.1 SW, FL US","29.5908","-82.4314","36.9","2021-07-18","0.00"
"US1FLAL0007","GAINESVILLE 8.1 SW, FL US","29.5908","-82.4314","36.9","2021-07-19","0.00"
"US1FLAL0007","GAINESVILLE 8.1 SW, FL US","29.5908","-82.4314","36.9","2021-07-20","0.52"
"US1FLAL0007","GAINESVILLE 8.1 SW, FL US","29.5908","-82.4314","36.9","2021-07-21","0.00"
"US1FLBV0005","PALM BAY 3.1 NNW, FL US","28.023488","-80.688135","11.9","2021-07-04","0.11"
"US1FLBV0005","PALM BAY 3.1 NNW, FL US","28.023488","-80.688135","11.9","2021-07-05","0.02"
"US1FLBV0005","PALM BAY 3.1 NNW, FL US","28.023488","-80.688135","11.9","2021-07-06","0.39"
"US1FLBV0005","PALM BAY 3.1 NNW, FL US","28.023488","-80.688135","11.9","2021-07-07","0.30"
"US1FLBV0005","PALM BAY 3.1 NNW, FL US","28.023488","-80.688135","11.9","2021-07-08","0.10"
"US1FLBV0005","PALM BAY 3.1 NNW, FL US","28.023488","-80.688135","11.9","2021-07-09","0.00"
"US1FLBV0005","PALM BAY 3.1 NNW, FL US","28.023488","-80.688135","11.9","2021-07-10","0.48"
"US1FLBV0005","PALM BAY 3.1 NNW, FL US","28.023488","-80.688135","11.9","2021-07-11","0.28"
"US1FLBV0005","PALM BAY 3.1 NNW, FL US","28.023488","-80.688135","11.9","2021-07-12","0.26"
"US1FLBV0005","PALM BAY 3.1 NNW, FL US","28.023488","-80.688135","11.9","2021-07-13","0.25"
"US1FLBV0005","PALM BAY 3.1 NNW, FL US","28.023488","-80.688135","11.9","2021-07-14","0.00"
"US1FLBV0005","PALM BAY 3.1 NNW, FL US","28.023488","-80.688135","11.9","2021-07-15","0.00"
"US1FLBV0005","PALM BAY 3.1 NNW, FL US","28.023488","-80.688135","11.9","2021-07-16","0.00"
"US1FLBV0005","PALM BAY 3.1 NNW, FL US","28.023488","-80.688135","11.9","2021-07-17","0.00"
"US1FLBV0005","PALM BAY 3.1 NNW, FL US","28.023488","-80.688135","11.9","2021-07-18","0.00"
"US1FLBV0005","PALM BAY 3.1 NNW, FL US","28.023488","-80.688135","11.9","2021-07-19","0.01"
"US1FLBV0005","PALM BAY 3.1 NNW, FL US","28.023488","-80.688135","11.9","2021-07-20","0.00"
"US1FLBV0005","PALM BAY 3.1 NNW, FL US","28.023488","-80.688135","11.9","2021-07-21","0.00"
"US1FLBV0006","MELBOURNE 1.1 N, FL US","28.1312","-80.6436","9.1","2021-07-04","0.02"
"US1FLBV0006","MELBOURNE 1.1 N, FL US","28.1312","-80.6436","9.1","2021-07-05","0.56"
"US1FLBV0006","MELBOURNE 1.1 N, FL US","28.1312","-80.6436","9.1","2021-07-06","0.51"
"US1FLBV0006","MELBOURNE 1.1 N, FL US","28.1312","-80.6436","9.1","2021-07-07","0.02"
"US1FLBV0006","MELBOURNE 1.1 N, FL US","28.1312","-80.6436","9.1","2021-07-08","0.02"
"US1FLBV0006","MELBOURNE 1.1 N, FL US","28.1312","-80.6436","9.1","2021-07-10","0.42"
"US1FLBV0006","MELBOURNE 1.1 N, FL US","28.1312","-80.6436","9.1","2021-07-11","0.11"
"US1FLBV0006","MELBOURNE 1.1 N, FL US","28.1312","-80.6436","9.1","2021-07-12","0.00"
"US1FLBV0006","MELBOURNE 1.1 N, FL US","28.1312","-80.6436","9.1","2021-07-13","0.05"
"US1FLBV0006","MELBOURNE 1.1 N, FL US","28.1312","-80.6436","9.1","2021-07-14","0.16"
"US1FLBV0006","MELBOURNE 1.1 N, FL US","28.1312","-80.6436","9.1","2021-07-15","0.01"
"US1FLBV0006","MELBOURNE 1.1 N, FL US","28.1312","-80.6436","9.1","2021-07-16","0.03"
"US1FLBV0006","MELBOURNE 1.1 N, FL US","28.1312","-80.6436","9.1","2021-07-17","0.00"
"US1FLBV0006","MELBOURNE 1.1 N, FL US","28.1312","-80.6436","9.1","2021-07-19",
"US1FLBV0006","MELBOURNE 1.1 N, FL US","28.1312","-80.6436","9.1","2021-07-21","0.15"
"US1FLWT0022","DE FUNIAK SPRINGS 4.1 NNW, FL US","30.776521","-86.144959","75.0","2021-07-04","0.00"
"US1FLWT0022","DE FUNIAK SPRINGS 4.1 NNW, FL US","30.776521","-86.144959","75.0","2021-07-05","0.00"
"US1FLWT0022","DE FUNIAK SPRINGS 4.1 NNW, FL US","30.776521","-86.144959","75.0","2021-07-06","0.02"
"US1FLWT0022","DE FUNIAK SPRINGS 4.1 NNW, FL US","30.776521","-86.144959","75.0","2021-07-07","1.41"
"US1FLWT0022","DE FUNIAK SPRINGS 4.1 NNW, FL US","30.776521","-86.144959","75.0","2021-07-08","0.13"
"US1FLWT0022","DE FUNIAK SPRINGS 4.1 NNW, FL US","30.776521","-86.144959","75.0","2021-07-09","0.13"
"US1FLWT0022","DE FUNIAK SPRINGS 4.1 NNW, FL US","30.776521","-86.144959","75.0","2021-07-10","0.45"
"US1FLWT0022","DE FUNIAK SPRINGS 4.1 NNW, FL US","30.776521","-86.144959","75.0","2021-07-11","0.05"
"US1FLWT0022","DE FUNIAK SPRINGS 4.1 NNW, FL US","30.776521","-86.144959","75.0","2021-07-12","0.35"
"US1FLWT0022","DE FUNIAK SPRINGS 4.1 NNW, FL US","30.776521","-86.144959","75.0","2021-07-13","0.91"
"US1FLWT0022","DE FUNIAK SPRINGS 4.1 NNW, FL US","30.776521","-86.144959","75.0","2021-07-14","0.03"
"US1FLWT0022","DE FUNIAK SPRINGS 4.1 NNW, FL US","30.776521","-86.144959","75.0","2021-07-15","0.00"
"US1FLWT0022","DE FUNIAK SPRINGS 4.1 NNW, FL US","30.776521","-86.144959","75.0","2021-07-16","0.40"
"US1FLWT0022","DE FUNIAK SPRINGS 4.1 NNW, FL US","30.776521","-86.144959","75.0","2021-07-17","0.00"
"US1FLWT0022","DE FUNIAK SPRINGS 4.1 NNW, FL US","30.776521","-86.144959","75.0","2021-07-18","0.16"
"US1FLWT0022","DE FUNIAK SPRINGS 4.1 NNW, FL US","30.776521","-86.144959","75.0","2021-07-19","0.17"
"US1FLWT0022","DE FUNIAK SPRINGS 4.1 NNW, FL US","30.776521","-86.144959","75.0","2021-07-20","0.04"
"US1FLWT0022","DE FUNIAK SPRINGS 4.1 NNW, FL US","30.776521","-86.144959","75.0","2021-07-21","1.13"
"US1FLWT0023","DE FUNIAK SPRINGS 7.3 NNE, FL US","30.819663","-86.084752","69.8","2021-07-04","0.09"
"US1FLWT0023","DE FUNIAK SPRINGS 7.3 NNE, FL US","30.819663","-86.084752","69.8","2021-07-05","0.00"
"US1FLWT0023","DE FUNIAK SPRINGS 7.3 NNE, FL US","30.819663","-86.084752","69.8","2021-07-06","0.20"
"US1FLWT0023","DE FUNIAK SPRINGS 7.3 NNE, FL US","30.819663","-86.084752","69.8","2021-07-07","1.03"
"US1FLWT0023","DE FUNIAK SPRINGS 7.3 NNE, FL US","30.819663","-86.084752","69.8","2021-07-08","0.26"
"US1FLWT0023","DE FUNIAK SPRINGS 7.3 NNE, FL US","30.819663","-86.084752","69.8","2021-07-09","0.13"
"US1FLWT0023","DE FUNIAK SPRINGS 7.3 NNE, FL US","30.819663","-86.084752","69.8","2021-07-10","0.25"
"US1FLWT0023","DE FUNIAK SPRINGS 7.3 NNE, FL US","30.819663","-86.084752","69.8","2021-07-11","0.59"
"US1FLWT0023","DE FUNIAK SPRINGS 7.3 NNE, FL US","30.819663","-86.084752","69.8","2021-07-12","0.52"
"US1FLWT0023","DE FUNIAK SPRINGS 7.3 NNE, FL US","30.819663","-86.084752","69.8","2021-07-13","1.32"
"US1FLWT0023","DE FUNIAK SPRINGS 7.3 NNE, FL US","30.819663","-86.084752","69.8","2021-07-14","0.02"
"US1FLWT0023","DE FUNIAK SPRINGS 7.3 NNE, FL US","30.819663","-86.084752","69.8","2021-07-15","0.00"
"US1FLWT0023","DE FUNIAK SPRINGS 7.3 NNE, FL US","30.819663","-86.084752","69.8","2021-07-16","0.50"
"US1FLWT0023","DE FUNIAK SPRINGS 7.3 NNE, FL US","30.819663","-86.084752","69.8","2021-07-17","0.00"
"US1FLWT0023","DE FUNIAK SPRINGS 7.3 NNE, FL US","30.819663","-86.084752","69.8","2021-07-18","0.04"
"US1FLWT0023","DE FUNIAK SPRINGS 7.3 NNE, FL US","30.819663","-86.084752","69.8","2021-07-19","0.11"
"US1FLWT0023","DE FUNIAK SPRINGS 7.3 NNE, FL US","30.819663","-86.084752","69.8","2021-07-20","0.94"
"US1FLWT0023","DE FUNIAK SPRINGS 7.3 NNE, FL US","30.819663","-86.084752","69.8","2021-07-21","0.64"
"US1FLMD0049","CUTLER RIDGE 1.7 SSW, FL US","25.560043","-80.357536","2.1","2021-07-04","0.00"
"US1FLMD0049","CUTLER RIDGE 1.7 SSW, FL US","25.560043","-80.357536","2.1","2021-07-05","0.00"
"US1FLMD0049","CUTLER RIDGE 1.7 SSW, FL US","25.560043","-80.357536","2.1","2021-07-06","1.48"
"US1FLMD0049","CUTLER RIDGE 1.7 SSW, FL US","25.560043","-80.357536","2.1","2021-07-07","0.10"
"US1FLMD0049","CUTLER RIDGE 1.7 SSW, FL US","25.560043","-80.357536","2.1","2021-07-09","0.09"
"US1FLMD0049","CUTLER RIDGE 1.7 SSW, FL US","25.560043","-80.357536","2.1","2021-07-12","0.33"
"US1FLMD0049","CUTLER RIDGE 1.7 SSW, FL US","25.560043","-80.357536","2.1","2021-07-13","0.52"
"US1FLMD0049","CUTLER RIDGE 1.7 SSW, FL US","25.560043","-80.357536","2.1","2021-07-14","0.37"
"US1FLMD0049","CUTLER RIDGE 1.7 SSW, FL US","25.560043","-80.357536","2.1","2021-07-15","0.06"
"US1FLMD0049","CUTLER RIDGE 1.7 SSW, FL US","25.560043","-80.357536","2.1","2021-07-19",
"US1FLPS0007","ZEPHYRHILLS 2.6 NNW, FL US","28.26976","-82.194125","47.2","2021-07-04","2.23"
"US1FLPS0007","ZEPHYRHILLS 2.6 NNW, FL US","28.26976","-82.194125","47.2","2021-07-05","0.00"
"US1FLPS0007","ZEPHYRHILLS 2.6 NNW, FL US","28.26976","-82.194125","47.2","2021-07-06","0.00"
"US1FLPS0007","ZEPHYRHILLS 2.6 NNW, FL US","28.26976","-82.194125","47.2","2021-07-07","2.30"
"US1FLPS0007","ZEPHYRHILLS 2.6 NNW, FL US","28.26976","-82.194125","47.2","2021-07-08","0.04"
"US1FLPS0007","ZEPHYRHILLS 2.6 NNW, FL US","28.26976","-82.194125","47.2","2021-07-09","0.37"
"US1FLPS0007","ZEPHYRHILLS 2.6 NNW, FL US","28.26976","-82.194125","47.2","2021-07-10","0.00"
"US1FLPS0007","ZEPHYRHILLS 2.6 NNW, FL US","28.26976","-82.194125","47.2","2021-07-11","0.00"
"US1FLPS0007","ZEPHYRHILLS 2.6 NNW, FL US","28.26976","-82.194125","47.2","2021-07-13","0.04"
"US1FLPS0007","ZEPHYRHILLS 2.6 NNW, FL US","28.26976","-82.194125","47.2","2021-07-14","0.03"
"US1FLPS0007","ZEPHYRHILLS 2.6 NNW, FL US","28.26976","-82.194125","47.2","2021-07-15","0.84"
"US1FLPS0007","ZEPHYRHILLS 2.6 NNW, FL US","28.26976","-82.194125","47.2","2021-07-16","0.00"
"US1FLPS0007","ZEPHYRHILLS 2.6 NNW, FL US","28.26976","-82.194125","47.2","2021-07-17","0.00"
"US1FLPS0007","ZEPHYRHILLS 2.6 NNW, FL US","28.26976","-82.194125","47.2","2021-07-18","0.00"
"US1FLPS0007","ZEPHYRHILLS 2.6 NNW, FL US","28.26976","-82.194125","47.2","2021-07-19","0.00"
"US1FLPS0007","ZEPHYRHILLS 2.6 NNW, FL US","28.26976","-82.194125","47.2","2021-07-20","0.19"
"US1FLPS0007","ZEPHYRHILLS 2.6 NNW, FL US","28.26976","-82.194125","47.2","2021-07-21","0.85"
"USW00003818","MARIANNA MUNICIPAL AIRPORT, FL US","30.83696","-85.18352","32.8","2021-07-04","0.01"
"USW00003818","MARIANNA MUNICIPAL AIRPORT, FL US","30.83696","-85.18352","32.8","2021-07-05","2.01"
"USW00003818","MARIANNA MUNICIPAL AIRPORT, FL US","30.83696","-85.18352","32.8","2021-07-06","0.26"
"USW00003818","MARIANNA MUNICIPAL AIRPORT, FL US","30.83696","-85.18352","32.8","2021-07-07","0.03"
"USW00003818","MARIANNA MUNICIPAL AIRPORT, FL US","30.83696","-85.18352","32.8","2021-07-08","0.10"
"USW00003818","MARIANNA MUNICIPAL AIRPORT, FL US","30.83696","-85.18352","32.8","2021-07-09","0.87"
"USW00003818","MARIANNA MUNICIPAL AIRPORT, FL US","30.83696","-85.18352","32.8","2021-07-10","0.12"
"USW00003818","MARIANNA MUNICIPAL AIRPORT, FL US","30.83696","-85.18352","32.8","2021-07-11","0.01"
"USW00003818","MARIANNA MUNICIPAL AIRPORT, FL US","30.83696","-85.18352","32.8","2021-07-12","0.06"
"USW00003818","MARIANNA MUNICIPAL AIRPORT, FL US","30.83696","-85.18352","32.8","2021-07-13","0.00"
"USW00003818","MARIANNA MUNICIPAL AIRPORT, FL US","30.83696","-85.18352","32.8","2021-07-14","0.00"
"USW00003818","MARIANNA MUNICIPAL AIRPORT, FL US","30.83696","-85.18352","32.8","2021-07-15","0.30"
"USW00003818","MARIANNA MUNICIPAL AIRPORT, FL US","30.83696","-85.18352","32.8","2021-07-16","0.06"
"USW00003818","MARIANNA MUNICIPAL AIRPORT, FL US","30.83696","-85.18352","32.8","2021-07-17","0.00"
"USW00003818","MARIANNA MUNICIPAL AIRPORT, FL US","30.83696","-85.18352","32.8","2021-07-18","0.00"
"USW00003818","MARIANNA MUNICIPAL AIRPORT, FL US","30.83696","-85.18352","32.8","2021-07-19","0.23"
"USW00003818","MARIANNA MUNICIPAL AIRPORT, FL US","30.83696","-85.18352","32.8","2021-07-20","0.84"
"USW00003818","MARIANNA MUNICIPAL AIRPORT, FL US","30.83696","-85.18352","32.8","2021-07-21","0.05"
"US1FLPS0006","LUTZ 3.4 NE, FL US","28.171446","-82.422326","25.9","2021-07-04","1.14"
"US1FLPS0006","LUTZ 3.4 NE, FL US","28.171446","-82.422326","25.9","2021-07-05","0.02"
"US1FLPS0006","LUTZ 3.4 NE, FL US","28.171446","-82.422326","25.9","2021-07-06","0.10"
"US1FLPS0006","LUTZ 3.4 NE, FL US","28.171446","-82.422326","25.9","2021-07-07","2.88"
"US1FLPS0006","LUTZ 3.4 NE, FL US","28.171446","-82.422326","25.9","2021-07-08","0.52"
"US1FLPS0006","LUTZ 3.4 NE, FL US","28.171446","-82.422326","25.9","2021-07-09","0.43"
"US1FLPS0006","LUTZ 3.4 NE, FL US","28.171446","-82.422326","25.9","2021-07-10","0.00"
"US1FLPS0006","LUTZ 3.4 NE, FL US","28.171446","-82.422326","25.9","2021-07-11","0.00"
"US1FLPS0006","LUTZ 3.4 NE, FL US","28.171446","-82.422326","25.9","2021-07-12","0.00"
"US1FLPS0006","LUTZ 3.4 NE, FL US","28.171446","-82.422326","25.9","2021-07-13","0.83"
"US1FLPS0006","LUTZ 3.4 NE, FL US","28.171446","-82.422326","25.9","2021-07-14","0.14"
"US1FLPS0006","LUTZ 3.4 NE, FL US","28.171446","-82.422326","25.9","2021-07-15","0.15"
"US1FLPS0006","LUTZ 3.4 NE, FL US","28.171446","-82.422326","25.9","2021-07-16","0.00"
"US1FLPS0006","LUTZ 3.4 NE, FL US","28.171446","-82.422326","25.9","2021-07-17","0.00"
"US1FLPS0006","LUTZ 3.4 NE, FL US","28.171446","-82.422326","25.9","2021-07-18","0.01"
"US1FLPS0006","LUTZ 3.4 NE, FL US","28.171446","-82.422326","25.9","2021-07-19","0.00"
"US1FLPS0006","LUTZ 3.4 NE, FL US","28.171446","-82.422326","25.9","2021-07-20","0.00"
"US1FLPS0006","LUTZ 3.4 NE, FL US","28.171446","-82.422326","25.9","2021-07-21","0.00"
"US1FLPS0004","PORT RICHEY 2.0 NNE, FL US","28.3014","-82.7146","4.0","2021-07-04","1.08"
"US1FLPS0004","PORT RICHEY 2.0 NNE, FL US","28.3014","-82.7146","4.0","2021-07-05","0.02"
"US1FLPS0004","PORT RICHEY 2.0 NNE, FL US","28.3014","-82.7146","4.0","2021-07-06","1.05"
"US1FLPS0004","PORT RICHEY 2.0 NNE, FL US","28.3014","-82.7146","4.0","2021-07-07","3.32"
"US1FLPS0004","PORT RICHEY 2.0 NNE, FL US","28.3014","-82.7146","4.0","2021-07-08","0.65"
"US1FLPS0004","PORT RICHEY 2.0 NNE, FL US","28.3014","-82.7146","4.0","2021-07-09","0.65"
"US1FLPS0004","PORT RICHEY 2.0 NNE, FL US","28.3014","-82.7146","4.0","2021-07-10","0.01"
"US1FLPS0004","PORT RICHEY 2.0 NNE, FL US","28.3014","-82.7146","4.0","2021-07-11","0.00"
"US1FLPS0004","PORT RICHEY 2.0 NNE, FL US","28.3014","-82.7146","4.0","2021-07-12","0.35"
"US1FLPS0004","PORT RICHEY 2.0 NNE, FL US","28.3014","-82.7146","4.0","2021-07-13","0.97"
"US1FLPS0004","PORT RICHEY 2.0 NNE, FL US","28.3014","-82.7146","4.0","2021-07-14","0.08"
"US1FLPS0004","PORT RICHEY 2.0 NNE, FL US","28.3014","-82.7146","4.0","2021-07-15","0.35"
"US1FLPS0004","PORT RICHEY 2.0 NNE, FL US","28.3014","-82.7146","4.0","2021-07-16","0.01"
"US1FLPS0004","PORT RICHEY 2.0 NNE, FL US","28.3014","-82.7146","4.0","2021-07-17","0.00"
"US1FLPS0004","PORT RICHEY 2.0 NNE, FL US","28.3014","-82.7146","4.0","2021-07-18","0.00"
"US1FLPS0004","PORT RICHEY 2.0 NNE, FL US","28.3014","-82.7146","4.0","2021-07-19","0.00"
"US1FLPS0004","PORT RICHEY 2.0 NNE, FL US","28.3014","-82.7146","4.0","2021-07-20","0.00"
"US1FLPS0004","PORT RICHEY 2.0 NNE, FL US","28.3014","-82.7146","4.0","2021-07-21","0.00"
"US1FLMD0042","SOUTH MIAMI 0.9 SSE, FL US","25.6956787109375","-80.2892990112305","2.4","2021-07-05","0.00"
"US1FLMD0042","SOUTH MIAMI 0.9 SSE, FL US","25.6956787109375","-80.2892990112305","2.4","2021-07-06","3.08"
"US1FLMD0042","SOUTH MIAMI 0.9 SSE, FL US","25.6956787109375","-80.2892990112305","2.4","2021-07-07","0.08"
"US1FLMD0042","SOUTH MIAMI 0.9 SSE, FL US","25.6956787109375","-80.2892990112305","2.4","2021-07-11","1.45"
"US1FLMD0042","SOUTH MIAMI 0.9 SSE, FL US","25.6956787109375","-80.2892990112305","2.4","2021-07-13","0.87"
"US1FLMD0042","SOUTH MIAMI 0.9 SSE, FL US","25.6956787109375","-80.2892990112305","2.4","2021-07-14","0.73"
"US1FLMD0042","SOUTH MIAMI 0.9 SSE, FL US","25.6956787109375","-80.2892990112305","2.4","2021-07-15","0.13"
"US1FLPB0029","INDIANTOWN 8.6 SW, FL US","26.9433","-80.562","14.9","2021-07-07",
"US1FLPB0029","INDIANTOWN 8.6 SW, FL US","26.9433","-80.562","14.9","2021-07-08","0.01"
"US1FLPB0029","INDIANTOWN 8.6 SW, FL US","26.9433","-80.562","14.9","2021-07-13",
"US1FLPB0029","INDIANTOWN 8.6 SW, FL US","26.9433","-80.562","14.9","2021-07-19",
"US1FLPB0029","INDIANTOWN 8.6 SW, FL US","26.9433","-80.562","14.9","2021-07-20","0.00"
"US1FLMD0041","LINDGREN ACRES 0.7 SW, FL US","25.6633578","-80.4096612","2.4","2021-07-04","0.00"
"US1FLMD0041","LINDGREN ACRES 0.7 SW, FL US","25.6633578","-80.4096612","2.4","2021-07-05","0.00"
"US1FLMD0041","LINDGREN ACRES 0.7 SW, FL US","25.6633578","-80.4096612","2.4","2021-07-06","1.68"
"US1FLMD0041","LINDGREN ACRES 0.7 SW, FL US","25.6633578","-80.4096612","2.4","2021-07-07","0.45"
"US1FLMD0041","LINDGREN ACRES 0.7 SW, FL US","25.6633578","-80.4096612","2.4","2021-07-08","0.00"
"US1FLMD0041","LINDGREN ACRES 0.7 SW, FL US","25.6633578","-80.4096612","2.4","2021-07-09","0.08"
"US1FLMD0041","LINDGREN ACRES 0.7 SW, FL US","25.6633578","-80.4096612","2.4","2021-07-10","0.00"
"US1FLMD0041","LINDGREN ACRES 0.7 SW, FL US","25.6633578","-80.4096612","2.4","2021-07-11","0.73"
"US1FLMD0041","LINDGREN ACRES 0.7 SW, FL US","25.6633578","-80.4096612","2.4","2021-07-12","0.28"
"US1FLMD0041","LINDGREN ACRES 0.7 SW, FL US","25.6633578","-80.4096612","2.4","2021-07-13","0.91"
"US1FLMD0041","LINDGREN ACRES 0.7 SW, FL US","25.6633578","-80.4096612","2.4","2021-07-14","0.32"
"US1FLMD0041","LINDGREN ACRES 0.7 SW, FL US","25.6633578","-80.4096612","2.4","2021-07-15","0.11"
"US1FLMD0041","LINDGREN ACRES 0.7 SW, FL US","25.6633578","-80.4096612","2.4","2021-07-16","0.05"
"US1FLMD0041","LINDGREN ACRES 0.7 SW, FL US","25.6633578","-80.4096612","2.4","2021-07-17","0.19"
"US1FLMD0041","LINDGREN ACRES 0.7 SW, FL US","25.6633578","-80.4096612","2.4","2021-07-18","0.45"
"US1FLMD0041","LINDGREN ACRES 0.7 SW, FL US","25.6633578","-80.4096612","2.4","2021-07-19","0.41"
"US1FLMD0041","LINDGREN ACRES 0.7 SW, FL US","25.6633578","-80.4096612","2.4","2021-07-20","0.00"
"US1FLMD0041","LINDGREN ACRES 0.7 SW, FL US","25.6633578","-80.4096612","2.4","2021-07-21","0.85"
"US1FLBW0013","MIRAMAR 3.0 WNW, FL US","25.9917","-80.3791","4.9","2021-07-04","0.00"
"US1FLBW0013","MIRAMAR 3.0 WNW, FL US","25.9917","-80.3791","4.9","2021-07-05","0.00"
"US1FLBW0013","MIRAMAR 3.0 WNW, FL US","25.9917","-80.3791","4.9","2021-07-06","1.11"
"US1FLBW0013","MIRAMAR 3.0 WNW, FL US","25.9917","-80.3791","4.9","2021-07-07","0.49"
"US1FLBW0013","MIRAMAR 3.0 WNW, FL US","25.9917","-80.3791","4.9","2021-07-08","0.00"
"US1FLBW0013","MIRAMAR 3.0 WNW, FL US","25.9917","-80.3791","4.9","2021-07-09","0.06"
"US1FLBW0013","MIRAMAR 3.0 WNW, FL US","25.9917","-80.3791","4.9","2021-07-10","0.00"
"US1FLBW0013","MIRAMAR 3.0 WNW, FL US","25.9917","-80.3791","4.9","2021-07-11","0.09"
"US1FLBW0013","MIRAMAR 3.0 WNW, FL US","25.9917","-80.3791","4.9","2021-07-12","1.84"
"US1FLBW0013","MIRAMAR 3.0 WNW, FL US","25.9917","-80.3791","4.9","2021-07-13","1.46"
"US1FLBW0013","MIRAMAR 3.0 WNW, FL US","25.9917","-80.3791","4.9","2021-07-14","1.07"
"US1FLBW0013","MIRAMAR 3.0 WNW, FL US","25.9917","-80.3791","4.9","2021-07-15","0.04"
"US1FLBW0013","MIRAMAR 3.0 WNW, FL US","25.9917","-80.3791","4.9","2021-07-16","0.02"
"US1FLBW0013","MIRAMAR 3.0 WNW, FL US","25.9917","-80.3791","4.9","2021-07-17","0.22"
"US1FLBW0013","MIRAMAR 3.0 WNW, FL US","25.9917","-80.3791","4.9","2021-07-18","0.12"
"US1FLBW0013","MIRAMAR 3.0 WNW, FL US","25.9917","-80.3791","4.9","2021-07-19","0.01"
"US1FLBW0013","MIRAMAR 3.0 WNW, FL US","25.9917","-80.3791","4.9","2021-07-20","0.00"
"US1FLBW0013","MIRAMAR 3.0 WNW, FL US","25.9917","-80.3791","4.9","2021-07-21","0.25"
"US1FLPS0010","DADE CITY 1.8 WSW, FL US","28.352214","-82.222508","40.2","2021-07-04","2.54"
"US1FLPS0010","DADE CITY 1.8 WSW, FL US","28.352214","-82.222508","40.2","2021-07-05","0.10"
"US1FLPS0010","DADE CITY 1.8 WSW, FL US","28.352214","-82.222508","40.2","2021-07-06","0.05"
"US1FLPS0010","DADE CITY 1.8 WSW, FL US","28.352214","-82.222508","40.2","2021-07-07","2.41"
"US1FLPS0010","DADE CITY 1.8 WSW, FL US","28.352214","-82.222508","40.2","2021-07-08","0.31"
"US1FLPS0010","DADE CITY 1.8 WSW, FL US","28.352214","-82.222508","40.2","2021-07-09","0.07"
"US1FLPS0010","DADE CITY 1.8 WSW, FL US","28.352214","-82.222508","40.2","2021-07-10","0.00"
"US1FLPS0010","DADE CITY 1.8 WSW, FL US","28.352214","-82.222508","40.2","2021-07-11","0.00"
"US1FLPS0010","DADE CITY 1.8 WSW, FL US","28.352214","-82.222508","40.2","2021-07-12","0.02"
"US1FLPS0010","DADE CITY 1.8 WSW, FL US","28.352214","-82.222508","40.2","2021-07-13","0.00"
"US1FLPS0010","DADE CITY 1.8 WSW, FL US","28.352214","-82.222508","40.2","2021-07-14","0.00"
"US1FLPS0010","DADE CITY 1.8 WSW, FL US","28.352214","-82.222508","40.2","2021-07-15","0.64"
"US1FLPS0010","DADE CITY 1.8 WSW, FL US","28.352214","-82.222508","40.2","2021-07-16","0.00"
"US1FLPS0010","DADE CITY 1.8 WSW, FL US","28.352214","-82.222508","40.2","2021-07-17","0.00"
"US1FLPS0010","DADE CITY 1.8 WSW, FL US","28.352214","-82.222508","40.2","2021-07-18","0.16"
"US1FLPS0010","DADE CITY 1.8 WSW, FL US","28.352214","-82.222508","40.2","2021-07-19","0.00"
"US1FLPS0010","DADE CITY 1.8 WSW, FL US","28.352214","-82.222508","40.2","2021-07-20","0.72"
"US1FLPS0010","DADE CITY 1.8 WSW, FL US","28.352214","-82.222508","40.2","2021-07-21","0.00"
"US1FLSS0079","FRUITVILLE 0.2 SW, FL US","27.33048","-82.46528","7.3","2021-07-19","0.09"
"US1FLSS0079","FRUITVILLE 0.2 SW, FL US","27.33048","-82.46528","7.3","2021-07-20","0.09"
"US1FLSS0079","FRUITVILLE 0.2 SW, FL US","27.33048","-82.46528","7.3","2021-07-21","0.00"
"US1FLSS0077","SARASOTA 4.4 SSE, FL US","27.28159","-82.50887","12.5","2021-07-04","1.08"
"US1FLSS0077","SARASOTA 4.4 SSE, FL US","27.28159","-82.50887","12.5","2021-07-05","0.00"
"US1FLSS0077","SARASOTA 4.4 SSE, FL US","27.28159","-82.50887","12.5","2021-07-06","1.34"
"US1FLSS0077","SARASOTA 4.4 SSE, FL US","27.28159","-82.50887","12.5","2021-07-07","2.15"
"US1FLSS0077","SARASOTA 4.4 SSE, FL US","27.28159","-82.50887","12.5","2021-07-08","0.02"
"US1FLSS0077","SARASOTA 4.4 SSE, FL US","27.28159","-82.50887","12.5","2021-07-09","0.00"
"US1FLSS0077","SARASOTA 4.4 SSE, FL US","27.28159","-82.50887","12.5","2021-07-10","0.00"
"US1FLSS0077","SARASOTA 4.4 SSE, FL US","27.28159","-82.50887","12.5","2021-07-11","0.26"
"US1FLSS0077","SARASOTA 4.4 SSE, FL US","27.28159","-82.50887","12.5","2021-07-12","0.15"
"US1FLSS0077","SARASOTA 4.4 SSE, FL US","27.28159","-82.50887","12.5","2021-07-13","0.00"
"US1FLSS0077","SARASOTA 4.4 SSE, FL US","27.28159","-82.50887","12.5","2021-07-14","0.02"
"US1FLSS0077","SARASOTA 4.4 SSE, FL US","27.28159","-82.50887","12.5","2021-07-15","0.00"
"US1FLSS0077","SARASOTA 4.4 SSE, FL US","27.28159","-82.50887","12.5","2021-07-16","0.00"
"US1FLSS0077","SARASOTA 4.4 SSE, FL US","27.28159","-82.50887","12.5","2021-07-17","0.00"
"US1FLSS0077","SARASOTA 4.4 SSE, FL US","27.28159","-82.50887","12.5","2021-07-18","0.16"
"US1FLSS0077","SARASOTA 4.4 SSE, FL US","27.28159","-82.50887","12.5","2021-07-19","0.02"
"US1FLSS0077","SARASOTA 4.4 SSE, FL US","27.28159","-82.50887","12.5","2021-07-20","0.00"
"US1FLSS0077","SARASOTA 4.4 SSE, FL US","27.28159","-82.50887","12.5","2021-07-21","0.00"
"US1FLBW0016","FORT LAUDERDALE 1.9 SSW, FL US","26.11786","-80.152112","0.9","2021-07-04","0.00"
"US1FLBW0016","FORT LAUDERDALE 1.9 SSW, FL US","26.11786","-80.152112","0.9","2021-07-05","0.00"
"US1FLBW0016","FORT LAUDERDALE 1.9 SSW, FL US","26.11786","-80.152112","0.9","2021-07-06","1.08"
"US1FLBW0016","FORT LAUDERDALE 1.9 SSW, FL US","26.11786","-80.152112","0.9","2021-07-07","0.18"
"US1FLBW0016","FORT LAUDERDALE 1.9 SSW, FL US","26.11786","-80.152112","0.9","2021-07-08","0.00"
"US1FLBW0016","FORT LAUDERDALE 1.9 SSW, FL US","26.11786","-80.152112","0.9","2021-07-10","0.00"
"US1FLBW0016","FORT LAUDERDALE 1.9 SSW, FL US","26.11786","-80.152112","0.9","2021-07-11","0.06"
"US1FLBW0016","FORT LAUDERDALE 1.9 SSW, FL US","26.11786","-80.152112","0.9","2021-07-12","0.05"
"US1FLBW0016","FORT LAUDERDALE 1.9 SSW, FL US","26.11786","-80.152112","0.9","2021-07-13","2.18"
"US1FLBW0016","FORT LAUDERDALE 1.9 SSW, FL US","26.11786","-80.152112","0.9","2021-07-14","0.07"
"US1FLBW0016","FORT LAUDERDALE 1.9 SSW, FL US","26.11786","-80.152112","0.9","2021-07-15","0.10"
"US1FLBW0016","FORT LAUDERDALE 1.9 SSW, FL US","26.11786","-80.152112","0.9","2021-07-16","0.09"
"US1FLBW0016","FORT LAUDERDALE 1.9 SSW, FL US","26.11786","-80.152112","0.9","2021-07-18","0.00"
"US1FLBW0016","FORT LAUDERDALE 1.9 SSW, FL US","26.11786","-80.152112","0.9","2021-07-19","0.00"
"US1FLBW0016","FORT LAUDERDALE 1.9 SSW, FL US","26.11786","-80.152112","0.9","2021-07-20","0.00"
"US1FLBW0016","FORT LAUDERDALE 1.9 SSW, FL US","26.11786","-80.152112","0.9","2021-07-21","0.50"
"US1FLHM0005","WHITE SPRINGS 0.3 NW, FL US","30.334","-82.762","37.2","2021-07-04","0.08"
"US1FLHM0005","WHITE SPRINGS 0.3 NW, FL US","30.334","-82.762","37.2","2021-07-05","0.13"
"US1FLHM0005","WHITE SPRINGS 0.3 NW, FL US","30.334","-82.762","37.2","2021-07-06","0.01"
"US1FLHM0005","WHITE SPRINGS 0.3 NW, FL US","30.334","-82.762","37.2","2021-07-07","0.20"
"US1FLHM0005","WHITE SPRINGS 0.3 NW, FL US","30.334","-82.762","37.2","2021-07-08","3.41"
"US1FLHM0005","WHITE SPRINGS 0.3 NW, FL US","30.334","-82.762","37.2","2021-07-09","0.00"
"US1FLHM0005","WHITE SPRINGS 0.3 NW, FL US","30.334","-82.762","37.2","2021-07-10","0.94"
"US1FLHM0005","WHITE SPRINGS 0.3 NW, FL US","30.334","-82.762","37.2","2021-07-11","0.01"
"US1FLHM0005","WHITE SPRINGS 0.3 NW, FL US","30.334","-82.762","37.2","2021-07-12","0.74"
"US1FLHM0005","WHITE SPRINGS 0.3 NW, FL US","30.334","-82.762","37.2","2021-07-13","0.00"
"US1FLHM0005","WHITE SPRINGS 0.3 NW, FL US","30.334","-82.762","37.2","2021-07-14","0.01"
"US1FLHM0005","WHITE SPRINGS 0.3 NW, FL US","30.334","-82.762","37.2","2021-07-15","0.00"
"US1FLHM0005","WHITE SPRINGS 0.3 NW, FL US","30.334","-82.762","37.2","2021-07-16","0.00"
"US1FLHM0005","WHITE SPRINGS 0.3 NW, FL US","30.334","-82.762","37.2","2021-07-17","0.00"
"US1FLHM0005","WHITE SPRINGS 0.3 NW, FL US","30.334","-82.762","37.2","2021-07-18","0.43"
"US1FLHM0005","WHITE SPRINGS 0.3 NW, FL US","30.334","-82.762","37.2","2021-07-19","0.74"
"US1FLHM0005","WHITE SPRINGS 0.3 NW, FL US","30.334","-82.762","37.2","2021-07-20","1.12"
"US1FLHM0005","WHITE SPRINGS 0.3 NW, FL US","30.334","-82.762","37.2","2021-07-21","0.60"
"US1FLBV0001","PALM BAY 2.6 SSE, FL US","27.951176","-80.64202","11.9","2021-07-04","0.06"
"US1FLBV0001","PALM BAY 2.6 SSE, FL US","27.951176","-80.64202","11.9","2021-07-05","0.00"
"US1FLBV0001","PALM BAY 2.6 SSE, FL US","27.951176","-80.64202","11.9","2021-07-06","0.41"
"US1FLBV0001","PALM BAY 2.6 SSE, FL US","27.951176","-80.64202","11.9","2021-07-07","0.03"
"US1FLBV0001","PALM BAY 2.6 SSE, FL US","27.951176","-80.64202","11.9","2021-07-08","0.09"
"US1FLBV0001","PALM BAY 2.6 SSE, FL US","27.951176","-80.64202","11.9","2021-07-09","1.74"
"US1FLBV0001","PALM BAY 2.6 SSE, FL US","27.951176","-80.64202","11.9","2021-07-10","0.12"
"US1FLBV0001","PALM BAY 2.6 SSE, FL US","27.951176","-80.64202","11.9","2021-07-11","0.04"
"US1FLBV0001","PALM BAY 2.6 SSE, FL US","27.951176","-80.64202","11.9","2021-07-12","2.69"
"US1FLBV0001","PALM BAY 2.6 SSE, FL US","27.951176","-80.64202","11.9","2021-07-13","0.23"
"US1FLBV0001","PALM BAY 2.6 SSE, FL US","27.951176","-80.64202","11.9","2021-07-14","0.08"
"US1FLBV0001","PALM BAY 2.6 SSE, FL US","27.951176","-80.64202","11.9","2021-07-15","0.00"
"US1FLBV0001","PALM BAY 2.6 SSE, FL US","27.951176","-80.64202","11.9","2021-07-16","0.00"
"US1FLBV0001","PALM BAY 2.6 SSE, FL US","27.951176","-80.64202","11.9","2021-07-17","0.00"
"US1FLBV0001","PALM BAY 2.6 SSE, FL US","27.951176","-80.64202","11.9","2021-07-18","0.00"
"US1FLBV0001","PALM BAY 2.6 SSE, FL US","27.951176","-80.64202","11.9","2021-07-19","0.00"
"US1FLBV0001","PALM BAY 2.6 SSE, FL US","27.951176","-80.64202","11.9","2021-07-20","0.13"
"US1FLBV0001","PALM BAY 2.6 SSE, FL US","27.951176","-80.64202","11.9","2021-07-21","0.00"
"US1FLSS0075","NORTH PORT 2.1 NNW, FL US","27.077056","-82.210471","7.0","2021-07-04","0.08"
"US1FLSS0075","NORTH PORT 2.1 NNW, FL US","27.077056","-82.210471","7.0","2021-07-07","9.70"
"US1FLSS0075","NORTH PORT 2.1 NNW, FL US","27.077056","-82.210471","7.0","2021-07-09","0.00"
"US1FLSS0075","NORTH PORT 2.1 NNW, FL US","27.077056","-82.210471","7.0","2021-07-10","0.00"
"US1FLSS0075","NORTH PORT 2.1 NNW, FL US","27.077056","-82.210471","7.0","2021-07-11","3.02"
"US1FLSS0075","NORTH PORT 2.1 NNW, FL US","27.077056","-82.210471","7.0","2021-07-12","0.00"
"US1FLSS0075","NORTH PORT 2.1 NNW, FL US","27.077056","-82.210471","7.0","2021-07-13","0.14"
"US1FLSS0075","NORTH PORT 2.1 NNW, FL US","27.077056","-82.210471","7.0","2021-07-14","0.00"
"US1FLSS0075","NORTH PORT 2.1 NNW, FL US","27.077056","-82.210471","7.0","2021-07-15","0.23"
"US1FLSS0075","NORTH PORT 2.1 NNW, FL US","27.077056","-82.210471","7.0","2021-07-16","0.00"
"US1FLSS0075","NORTH PORT 2.1 NNW, FL US","27.077056","-82.210471","7.0","2021-07-17","0.26"
"US1FLSS0075","NORTH PORT 2.1 NNW, FL US","27.077056","-82.210471","7.0","2021-07-18","0.20"
"US1FLSS0075","NORTH PORT 2.1 NNW, FL US","27.077056","-82.210471","7.0","2021-07-19","0.06"
"US1FLSS0075","NORTH PORT 2.1 NNW, FL US","27.077056","-82.210471","7.0","2021-07-20","0.00"
"US1FLSS0075","NORTH PORT 2.1 NNW, FL US","27.077056","-82.210471","7.0","2021-07-21","1.19"
"US1FLBV0002","PALM SHORES 1.4 W, FL US","28.18825","-80.680461","11.9","2021-07-04","0.02"
"US1FLBV0002","PALM SHORES 1.4 W, FL US","28.18825","-80.680461","11.9","2021-07-05","0.10"
"US1FLBV0002","PALM SHORES 1.4 W, FL US","28.18825","-80.680461","11.9","2021-07-06","0.08"
"US1FLBV0002","PALM SHORES 1.4 W, FL US","28.18825","-80.680461","11.9","2021-07-07","0.02"
"US1FLBV0002","PALM SHORES 1.4 W, FL US","28.18825","-80.680461","11.9","2021-07-08","0.30"
"US1FLBV0002","PALM SHORES 1.4 W, FL US","28.18825","-80.680461","11.9","2021-07-09","0.17"
"US1FLBV0002","PALM SHORES 1.4 W, FL US","28.18825","-80.680461","11.9","2021-07-10","0.26"
"US1FLBV0002","PALM SHORES 1.4 W, FL US","28.18825","-80.680461","11.9","2021-07-11","0.02"
"US1FLBV0002","PALM SHORES 1.4 W, FL US","28.18825","-80.680461","11.9","2021-07-12","0.00"
"US1FLBV0002","PALM SHORES 1.4 W, FL US","28.18825","-80.680461","11.9","2021-07-13","0.00"
"US1FLBV0002","PALM SHORES 1.4 W, FL US","28.18825","-80.680461","11.9","2021-07-14","0.15"
"US1FLBV0002","PALM SHORES 1.4 W, FL US","28.18825","-80.680461","11.9","2021-07-15","0.00"
"US1FLBV0002","PALM SHORES 1.4 W, FL US","28.18825","-80.680461","11.9","2021-07-16","0.10"
"US1FLBV0002","PALM SHORES 1.4 W, FL US","28.18825","-80.680461","11.9","2021-07-17","0.00"
"US1FLBV0002","PALM SHORES 1.4 W, FL US","28.18825","-80.680461","11.9","2021-07-18","0.00"
"US1FLBV0002","PALM SHORES 1.4 W, FL US","28.18825","-80.680461","11.9","2021-07-19","0.00"
"US1FLBV0002","PALM SHORES 1.4 W, FL US","28.18825","-80.680461","11.9","2021-07-20","0.00"
"US1FLBV0002","PALM SHORES 1.4 W, FL US","28.18825","-80.680461","11.9","2021-07-21","0.00"
"US1FLOS0037","ST CLOUD 3.1 E, FL US","28.2482","-81.2399","26.2","2021-07-11",
"US1FLOS0037","ST CLOUD 3.1 E, FL US","28.2482","-81.2399","26.2","2021-07-12","0.15"
"US1FLOS0037","ST CLOUD 3.1 E, FL US","28.2482","-81.2399","26.2","2021-07-13","0.90"
"US1FLOS0037","ST CLOUD 3.1 E, FL US","28.2482","-81.2399","26.2","2021-07-14","0.00"
"US1FLOS0037","ST CLOUD 3.1 E, FL US","28.2482","-81.2399","26.2","2021-07-17","0.00"
"US1FLOS0037","ST CLOUD 3.1 E, FL US","28.2482","-81.2399","26.2","2021-07-18","0.00"
"US1FLOS0037","ST CLOUD 3.1 E, FL US","28.2482","-81.2399","26.2","2021-07-19","0.25"
"US1FLOS0037","ST CLOUD 3.1 E, FL US","28.2482","-81.2399","26.2","2021-07-20","0.66"
"US1FLOS0037","ST CLOUD 3.1 E, FL US","28.2482","-81.2399","26.2","2021-07-21","0.00"
"US1FLSS0073","SARASOTA SPRINGS 4.4 E, FL US","27.319344","-82.408625","14.3","2021-07-04","0.66"
"US1FLSS0073","SARASOTA SPRINGS 4.4 E, FL US","27.319344","-82.408625","14.3","2021-07-05","0.00"
"US1FLSS0073","SARASOTA SPRINGS 4.4 E, FL US","27.319344","-82.408625","14.3","2021-07-06","0.15"
"US1FLSS0073","SARASOTA SPRINGS 4.4 E, FL US","27.319344","-82.408625","14.3","2021-07-07","1.99"
"US1FLSS0073","SARASOTA SPRINGS 4.4 E, FL US","27.319344","-82.408625","14.3","2021-07-08","0.12"
"US1FLSS0073","SARASOTA SPRINGS 4.4 E, FL US","27.319344","-82.408625","14.3","2021-07-09","0.00"
"US1FLSS0073","SARASOTA SPRINGS 4.4 E, FL US","27.319344","-82.408625","14.3","2021-07-10","0.00"
"US1FLSS0073","SARASOTA SPRINGS 4.4 E, FL US","27.319344","-82.408625","14.3","2021-07-11","0.09"
"US1FLSS0073","SARASOTA SPRINGS 4.4 E, FL US","27.319344","-82.408625","14.3","2021-07-12","0.02"
"US1FLSS0073","SARASOTA SPRINGS 4.4 E, FL US","27.319344","-82.408625","14.3","2021-07-13","0.00"
"US1FLSS0073","SARASOTA SPRINGS 4.4 E, FL US","27.319344","-82.408625","14.3","2021-07-14","0.00"
"US1FLSS0073","SARASOTA SPRINGS 4.4 E, FL US","27.319344","-82.408625","14.3","2021-07-16","0.00"
"US1FLSS0073","SARASOTA SPRINGS 4.4 E, FL US","27.319344","-82.408625","14.3","2021-07-17","0.00"
"US1FLSS0073","SARASOTA SPRINGS 4.4 E, FL US","27.319344","-82.408625","14.3","2021-07-18","0.00"
"US1FLSS0073","SARASOTA SPRINGS 4.4 E, FL US","27.319344","-82.408625","14.3","2021-07-19","0.02"
"US1FLSS0073","SARASOTA SPRINGS 4.4 E, FL US","27.319344","-82.408625","14.3","2021-07-20","0.21"
"US1FLSS0073","SARASOTA SPRINGS 4.4 E, FL US","27.319344","-82.408625","14.3","2021-07-21","0.00"
"US1FLOS0036","ST. CLOUD 8.0 E, FL US","28.249","-81.159","24.4","2021-07-04","0.14"
"US1FLOS0036","ST. CLOUD 8.0 E, FL US","28.249","-81.159","24.4","2021-07-05","0.46"
"US1FLOS0036","ST. CLOUD 8.0 E, FL US","28.249","-81.159","24.4","2021-07-06","0.01"
"US1FLOS0036","ST. CLOUD 8.0 E, FL US","28.249","-81.159","24.4","2021-07-07","0.50"
"US1FLOS0036","ST. CLOUD 8.0 E, FL US","28.249","-81.159","24.4","2021-07-08","0.23"
"US1FLOS0036","ST. CLOUD 8.0 E, FL US","28.249","-81.159","24.4","2021-07-09","0.44"
"US1FLOS0036","ST. CLOUD 8.0 E, FL US","28.249","-81.159","24.4","2021-07-10","0.04"
"US1FLOS0036","ST. CLOUD 8.0 E, FL US","28.249","-81.159","24.4","2021-07-11","1.30"
"US1FLOS0036","ST. CLOUD 8.0 E, FL US","28.249","-81.159","24.4","2021-07-12","0.18"
"US1FLOS0036","ST. CLOUD 8.0 E, FL US","28.249","-81.159","24.4","2021-07-13","2.76"
"US1FLOS0036","ST. CLOUD 8.0 E, FL US","28.249","-81.159","24.4","2021-07-14","0.00"
"US1FLOS0036","ST. CLOUD 8.0 E, FL US","28.249","-81.159","24.4","2021-07-15","0.25"
"US1FLOS0036","ST. CLOUD 8.0 E, FL US","28.249","-81.159","24.4","2021-07-16","0.00"
"US1FLOS0036","ST. CLOUD 8.0 E, FL US","28.249","-81.159","24.4","2021-07-17","0.00"
"US1FLOS0036","ST. CLOUD 8.0 E, FL US","28.249","-81.159","24.4","2021-07-18","0.00"
"US1FLOS0036","ST. CLOUD 8.0 E, FL US","28.249","-81.159","24.4","2021-07-19","0.00"
"US1FLOS0036","ST. CLOUD 8.0 E, FL US","28.249","-81.159","24.4","2021-07-20","0.46"
"US1FLOS0036","ST. CLOUD 8.0 E, FL US","28.249","-81.159","24.4","2021-07-21","0.00"
"US1FLSS0071","NORTH PORT 2.8 ESE, FL US","27.0386795","-82.1518508","6.7","2021-07-10","0.00"
"US1FLSS0071","NORTH PORT 2.8 ESE, FL US","27.0386795","-82.1518508","6.7","2021-07-11","0.57"
"US1FLSS0071","NORTH PORT 2.8 ESE, FL US","27.0386795","-82.1518508","6.7","2021-07-12","0.11"
"US1FLSS0071","NORTH PORT 2.8 ESE, FL US","27.0386795","-82.1518508","6.7","2021-07-13","0.18"
"US1FLSS0071","NORTH PORT 2.8 ESE, FL US","27.0386795","-82.1518508","6.7","2021-07-14","0.06"
"US1FLSS0071","NORTH PORT 2.8 ESE, FL US","27.0386795","-82.1518508","6.7","2021-07-15","0.36"
"US1FLSS0071","NORTH PORT 2.8 ESE, FL US","27.0386795","-82.1518508","6.7","2021-07-16","0.30"
"US1FLSS0071","NORTH PORT 2.8 ESE, FL US","27.0386795","-82.1518508","6.7","2021-07-17","0.32"
"US1FLSS0071","NORTH PORT 2.8 ESE, FL US","27.0386795","-82.1518508","6.7","2021-07-19","0.23"
"US1FLSS0071","NORTH PORT 2.8 ESE, FL US","27.0386795","-82.1518508","6.7","2021-07-20","0.00"
"US1FLSS0071","NORTH PORT 2.8 ESE, FL US","27.0386795","-82.1518508","6.7","2021-07-21","0.00"
"US1FLOS0031","CAMPBELL 1.4 NNW, FL US","28.273786","-81.464702","21.3","2021-07-05",
"US1FLOS0031","CAMPBELL 1.4 NNW, FL US","28.273786","-81.464702","21.3","2021-07-06","0.02"
"US1FLOS0031","CAMPBELL 1.4 NNW, FL US","28.273786","-81.464702","21.3","2021-07-07","1.82"
"US1FLOS0031","CAMPBELL 1.4 NNW, FL US","28.273786","-81.464702","21.3","2021-07-08","0.00"
"US1FLOS0031","CAMPBELL 1.4 NNW, FL US","28.273786","-81.464702","21.3","2021-07-09","0.72"
"US1FLOS0031","CAMPBELL 1.4 NNW, FL US","28.273786","-81.464702","21.3","2021-07-10","0.20"
"US1FLOS0031","CAMPBELL 1.4 NNW, FL US","28.273786","-81.464702","21.3","2021-07-11","0.00"
"US1FLOS0031","CAMPBELL 1.4 NNW, FL US","28.273786","-81.464702","21.3","2021-07-12","0.22"
"US1FLOS0031","CAMPBELL 1.4 NNW, FL US","28.273786","-81.464702","21.3","2021-07-13","0.81"
"US1FLOS0031","CAMPBELL 1.4 NNW, FL US","28.273786","-81.464702","21.3","2021-07-14","0.00"
"US1FLOS0031","CAMPBELL 1.4 NNW, FL US","28.273786","-81.464702","21.3","2021-07-15","0.23"
"US1FLOS0031","CAMPBELL 1.4 NNW, FL US","28.273786","-81.464702","21.3","2021-07-16","0.00"
"US1FLOS0031","CAMPBELL 1.4 NNW, FL US","28.273786","-81.464702","21.3","2021-07-17","0.00"
"US1FLOS0031","CAMPBELL 1.4 NNW, FL US","28.273786","-81.464702","21.3","2021-07-18","0.00"
"US1FLOS0031","CAMPBELL 1.4 NNW, FL US","28.273786","-81.464702","21.3","2021-07-19","0.05"
"US1FLOS0031","CAMPBELL 1.4 NNW, FL US","28.273786","-81.464702","21.3","2021-07-20","0.03"
"US1FLOS0031","CAMPBELL 1.4 NNW, FL US","28.273786","-81.464702","21.3","2021-07-21","0.02"
"US1FLOS0033","KISSIMMEE 3.6 SW, FL US","28.2618904","-81.4462383","21.9","2021-07-04","0.32"
"US1FLOS0033","KISSIMMEE 3.6 SW, FL US","28.2618904","-81.4462383","21.9","2021-07-05","1.35"
"US1FLOS0033","KISSIMMEE 3.6 SW, FL US","28.2618904","-81.4462383","21.9","2021-07-06","0.05"
"US1FLOS0033","KISSIMMEE 3.6 SW, FL US","28.2618904","-81.4462383","21.9","2021-07-07","1.00"
"US1FLOS0033","KISSIMMEE 3.6 SW, FL US","28.2618904","-81.4462383","21.9","2021-07-08","0.05"
"US1FLOS0033","KISSIMMEE 3.6 SW, FL US","28.2618904","-81.4462383","21.9","2021-07-09","0.75"
"US1FLOS0033","KISSIMMEE 3.6 SW, FL US","28.2618904","-81.4462383","21.9","2021-07-10","0.05"
"US1FLOS0033","KISSIMMEE 3.6 SW, FL US","28.2618904","-81.4462383","21.9","2021-07-11","0.00"
"US1FLOS0033","KISSIMMEE 3.6 SW, FL US","28.2618904","-81.4462383","21.9","2021-07-12","0.09"
"US1FLOS0033","KISSIMMEE 3.6 SW, FL US","28.2618904","-81.4462383","21.9","2021-07-14","0.87"
"US1FLOS0033","KISSIMMEE 3.6 SW, FL US","28.2618904","-81.4462383","21.9","2021-07-15","0.23"
"US1FLOS0033","KISSIMMEE 3.6 SW, FL US","28.2618904","-81.4462383","21.9","2021-07-16","0.00"
"US1FLOS0033","KISSIMMEE 3.6 SW, FL US","28.2618904","-81.4462383","21.9","2021-07-18","0.00"
"US1FLOS0033","KISSIMMEE 3.6 SW, FL US","28.2618904","-81.4462383","21.9","2021-07-19","0.00"
"US1FLOS0033","KISSIMMEE 3.6 SW, FL US","28.2618904","-81.4462383","21.9","2021-07-20","0.00"
"US1FLOS0033","KISSIMMEE 3.6 SW, FL US","28.2618904","-81.4462383","21.9","2021-07-21","0.25"
"US1FLWT0014","INLET BEACH 0.7 E, FL US","30.276034","-85.996513","4.3","2021-07-04","1.93"
"US1FLWT0014","INLET BEACH 0.7 E, FL US","30.276034","-85.996513","4.3","2021-07-05","1.33"
"US1FLWT0014","INLET BEACH 0.7 E, FL US","30.276034","-85.996513","4.3","2021-07-06","0.84"
"US1FLWT0014","INLET BEACH 0.7 E, FL US","30.276034","-85.996513","4.3","2021-07-07","0.22"
"US1FLWT0014","INLET BEACH 0.7 E, FL US","30.276034","-85.996513","4.3","2021-07-08","0.03"
"US1FLWT0014","INLET BEACH 0.7 E, FL US","30.276034","-85.996513","4.3","2021-07-09","0.00"
"US1FLWT0014","INLET BEACH 0.7 E, FL US","30.276034","-85.996513","4.3","2021-07-14",
"US1FLWT0014","INLET BEACH 0.7 E, FL US","30.276034","-85.996513","4.3","2021-07-15","0.00"
"US1FLWT0014","INLET BEACH 0.7 E, FL US","30.276034","-85.996513","4.3","2021-07-16","0.46"
"US1FLWT0014","INLET BEACH 0.7 E, FL US","30.276034","-85.996513","4.3","2021-07-17","0.00"
"US1FLWT0014","INLET BEACH 0.7 E, FL US","30.276034","-85.996513","4.3","2021-07-18","0.00"
"US1FLWT0014","INLET BEACH 0.7 E, FL US","30.276034","-85.996513","4.3","2021-07-19","0.07"
"US1FLWT0014","INLET BEACH 0.7 E, FL US","30.276034","-85.996513","4.3","2021-07-20","0.20"
"US1FLWT0014","INLET BEACH 0.7 E, FL US","30.276034","-85.996513","4.3","2021-07-21","1.49"
"US1FLPB0031","ROYAL PALM BEACH 5.0 W, FL US","26.714038","-80.30703","5.2","2021-07-07",
"US1FLPB0031","ROYAL PALM BEACH 5.0 W, FL US","26.714038","-80.30703","5.2","2021-07-08","0.01"
"US1FLPB0031","ROYAL PALM BEACH 5.0 W, FL US","26.714038","-80.30703","5.2","2021-07-09","0.62"
"US1FLPB0031","ROYAL PALM BEACH 5.0 W, FL US","26.714038","-80.30703","5.2","2021-07-13","0.53"
"US1FLPB0031","ROYAL PALM BEACH 5.0 W, FL US","26.714038","-80.30703","5.2","2021-07-14","0.45"
"US1FLPB0031","ROYAL PALM BEACH 5.0 W, FL US","26.714038","-80.30703","5.2","2021-07-15","0.10"
"US1FLPB0031","ROYAL PALM BEACH 5.0 W, FL US","26.714038","-80.30703","5.2","2021-07-16","0.00"
"US1FLPB0031","ROYAL PALM BEACH 5.0 W, FL US","26.714038","-80.30703","5.2","2021-07-17","0.00"
"US1FLPB0031","ROYAL PALM BEACH 5.0 W, FL US","26.714038","-80.30703","5.2","2021-07-18","0.29"
"US1FLPB0031","ROYAL PALM BEACH 5.0 W, FL US","26.714038","-80.30703","5.2","2021-07-21",
"US1FLWT0017","NICEVILLE 12.7 NE, FL US","30.668899","-86.34444","68.3","2021-07-06",
"US1FLWT0017","NICEVILLE 12.7 NE, FL US","30.668899","-86.34444","68.3","2021-07-07","1.33"
"US1FLWT0017","NICEVILLE 12.7 NE, FL US","30.668899","-86.34444","68.3","2021-07-12",
"US1FLWT0017","NICEVILLE 12.7 NE, FL US","30.668899","-86.34444","68.3","2021-07-14",
"US1FLWT0017","NICEVILLE 12.7 NE, FL US","30.668899","-86.34444","68.3","2021-07-15","0.16"
"US1FLWT0017","NICEVILLE 12.7 NE, FL US","30.668899","-86.34444","68.3","2021-07-21",
"US1FLPB0034","PAHOKEE 1.6 NE, FL US","26.8374","-80.6471","4.3","2021-07-04","0.12"
"US1FLPB0034","PAHOKEE 1.6 NE, FL US","26.8374","-80.6471","4.3","2021-07-05","0.01"
"US1FLPB0034","PAHOKEE 1.6 NE, FL US","26.8374","-80.6471","4.3","2021-07-06","0.84"
"US1FLPB0034","PAHOKEE 1.6 NE, FL US","26.8374","-80.6471","4.3","2021-07-07","0.07"
"US1FLPB0034","PAHOKEE 1.6 NE, FL US","26.8374","-80.6471","4.3","2021-07-08","0.04"
"US1FLPB0034","PAHOKEE 1.6 NE, FL US","26.8374","-80.6471","4.3","2021-07-09","0.11"
"US1FLPB0034","PAHOKEE 1.6 NE, FL US","26.8374","-80.6471","4.3","2021-07-10","0.01"
"US1FLPB0034","PAHOKEE 1.6 NE, FL US","26.8374","-80.6471","4.3","2021-07-11","0.11"
"US1FLPB0034","PAHOKEE 1.6 NE, FL US","26.8374","-80.6471","4.3","2021-07-12","0.04"
"US1FLPB0034","PAHOKEE 1.6 NE, FL US","26.8374","-80.6471","4.3","2021-07-13","1.07"
"US1FLPB0034","PAHOKEE 1.6 NE, FL US","26.8374","-80.6471","4.3","2021-07-14","0.17"
"US1FLPB0034","PAHOKEE 1.6 NE, FL US","26.8374","-80.6471","4.3","2021-07-15","0.09"
"US1FLPB0034","PAHOKEE 1.6 NE, FL US","26.8374","-80.6471","4.3","2021-07-16","0.44"
"US1FLPB0034","PAHOKEE 1.6 NE, FL US","26.8374","-80.6471","4.3","2021-07-18",
"US1FLPB0034","PAHOKEE 1.6 NE, FL US","26.8374","-80.6471","4.3","2021-07-19","0.39"
"US1FLPB0034","PAHOKEE 1.6 NE, FL US","26.8374","-80.6471","4.3","2021-07-20","0.32"
"US1FLPB0034","PAHOKEE 1.6 NE, FL US","26.8374","-80.6471","4.3","2021-07-21","0.04"
"USC00089401","WAUCHULA, FL US","27.5477","-81.7994","18.3","2021-07-04","2.33"
"USC00089401","WAUCHULA, FL US","27.5477","-81.7994","18.3","2021-07-05","0.07"
"USC00089401","WAUCHULA, FL US","27.5477","-81.7994","18.3","2021-07-06","0.00"
"USC00089401","WAUCHULA, FL US","27.5477","-81.7994","18.3","2021-07-07","4.44"
"USC00089401","WAUCHULA, FL US","27.5477","-81.7994","18.3","2021-07-08","0.05"
"USC00089401","WAUCHULA, FL US","27.5477","-81.7994","18.3","2021-07-09","0.00"
"USC00089401","WAUCHULA, FL US","27.5477","-81.7994","18.3","2021-07-10","0.02"
"USC00089401","WAUCHULA, FL US","27.5477","-81.7994","18.3","2021-07-11","0.01"
"USC00089401","WAUCHULA, FL US","27.5477","-81.7994","18.3","2021-07-12","1.30"
"USC00089401","WAUCHULA, FL US","27.5477","-81.7994","18.3","2021-07-13","0.00"
"USC00089401","WAUCHULA, FL US","27.5477","-81.7994","18.3","2021-07-14","0.02"
"USC00089401","WAUCHULA, FL US","27.5477","-81.7994","18.3","2021-07-15","0.03"
"USC00089401","WAUCHULA, FL US","27.5477","-81.7994","18.3","2021-07-16","0.00"
"USC00089401","WAUCHULA, FL US","27.5477","-81.7994","18.3","2021-07-17","0.00"
"USC00089401","WAUCHULA, FL US","27.5477","-81.7994","18.3","2021-07-18","0.30"
"USC00089401","WAUCHULA, FL US","27.5477","-81.7994","18.3","2021-07-19","0.00"
"USC00089401","WAUCHULA, FL US","27.5477","-81.7994","18.3","2021-07-20","0.00"
"USC00089401","WAUCHULA, FL US","27.5477","-81.7994","18.3","2021-07-21","0.21"
"USC00087228","MOUNT PLYMOUTH 1 SSW, FL US","28.7991","-81.5373","27.4","2021-07-04","0.47"
"USC00087228","MOUNT PLYMOUTH 1 SSW, FL US","28.7991","-81.5373","27.4","2021-07-05","0.18"
"USC00087228","MOUNT PLYMOUTH 1 SSW, FL US","28.7991","-81.5373","27.4","2021-07-06","0.05"
"USC00087228","MOUNT PLYMOUTH 1 SSW, FL US","28.7991","-81.5373","27.4","2021-07-07","0.89"
"USC00087228","MOUNT PLYMOUTH 1 SSW, FL US","28.7991","-81.5373","27.4","2021-07-08","0.70"
"USC00087228","MOUNT PLYMOUTH 1 SSW, FL US","28.7991","-81.5373","27.4","2021-07-09","0.87"
"USC00087228","MOUNT PLYMOUTH 1 SSW, FL US","28.7991","-81.5373","27.4","2021-07-10","0.02"
"USC00087228","MOUNT PLYMOUTH 1 SSW, FL US","28.7991","-81.5373","27.4","2021-07-11","0.00"
"USC00087228","MOUNT PLYMOUTH 1 SSW, FL US","28.7991","-81.5373","27.4","2021-07-12","0.03"
"USC00087228","MOUNT PLYMOUTH 1 SSW, FL US","28.7991","-81.5373","27.4","2021-07-13","0.13"
"USC00087228","MOUNT PLYMOUTH 1 SSW, FL US","28.7991","-81.5373","27.4","2021-07-14","0.17"
"USC00087228","MOUNT PLYMOUTH 1 SSW, FL US","28.7991","-81.5373","27.4","2021-07-15","1.35"
"USC00087228","MOUNT PLYMOUTH 1 SSW, FL US","28.7991","-81.5373","27.4","2021-07-16","0.00"
"USC00087228","MOUNT PLYMOUTH 1 SSW, FL US","28.7991","-81.5373","27.4","2021-07-17","0.00"
"USC00087228","MOUNT PLYMOUTH 1 SSW, FL US","28.7991","-81.5373","27.4","2021-07-18","0.00"
"USC00087228","MOUNT PLYMOUTH 1 SSW, FL US","28.7991","-81.5373","27.4","2021-07-19","2.18"
"USC00087228","MOUNT PLYMOUTH 1 SSW, FL US","28.7991","-81.5373","27.4","2021-07-20","0.10"
"USC00087228","MOUNT PLYMOUTH 1 SSW, FL US","28.7991","-81.5373","27.4","2021-07-21","0.00"
"US1FLMD0033","BISCAYNE PARK 0.3 E, FL US","25.881971","-80.176893","2.4","2021-07-04","0.00"
"US1FLMD0033","BISCAYNE PARK 0.3 E, FL US","25.881971","-80.176893","2.4","2021-07-05","0.02"
"US1FLMD0033","BISCAYNE PARK 0.3 E, FL US","25.881971","-80.176893","2.4","2021-07-06","1.44"
"US1FLMD0033","BISCAYNE PARK 0.3 E, FL US","25.881971","-80.176893","2.4","2021-07-07","0.54"
"US1FLMD0033","BISCAYNE PARK 0.3 E, FL US","25.881971","-80.176893","2.4","2021-07-08","0.01"
"US1FLMD0033","BISCAYNE PARK 0.3 E, FL US","25.881971","-80.176893","2.4","2021-07-09","0.00"
"US1FLMD0033","BISCAYNE PARK 0.3 E, FL US","25.881971","-80.176893","2.4","2021-07-10","0.00"
"US1FLMD0033","BISCAYNE PARK 0.3 E, FL US","25.881971","-80.176893","2.4","2021-07-11","0.53"
"US1FLMD0033","BISCAYNE PARK 0.3 E, FL US","25.881971","-80.176893","2.4","2021-07-12","0.40"
"US1FLMD0033","BISCAYNE PARK 0.3 E, FL US","25.881971","-80.176893","2.4","2021-07-13","3.50"
"US1FLMD0033","BISCAYNE PARK 0.3 E, FL US","25.881971","-80.176893","2.4","2021-07-14","0.51"
"US1FLMD0033","BISCAYNE PARK 0.3 E, FL US","25.881971","-80.176893","2.4","2021-07-15","0.02"
"US1FLMD0033","BISCAYNE PARK 0.3 E, FL US","25.881971","-80.176893","2.4","2021-07-16","0.01"
"US1FLMD0033","BISCAYNE PARK 0.3 E, FL US","25.881971","-80.176893","2.4","2021-07-17","0.22"
"US1FLMD0033","BISCAYNE PARK 0.3 E, FL US","25.881971","-80.176893","2.4","2021-07-18","0.11"
"US1FLMD0033","BISCAYNE PARK 0.3 E, FL US","25.881971","-80.176893","2.4","2021-07-19","0.04"
"US1FLMD0033","BISCAYNE PARK 0.3 E, FL US","25.881971","-80.176893","2.4","2021-07-20","0.00"
"US1FLMD0033","BISCAYNE PARK 0.3 E, FL US","25.881971","-80.176893","2.4","2021-07-21","0.45"
"US1FLPB0036","LANTANA 0.3 E, FL US","26.5838024911087","-80.0506314844475","1.5","2021-07-04","0.00"
"US1FLPB0036","LANTANA 0.3 E, FL US","26.5838024911087","-80.0506314844475","1.5","2021-07-05","0.01"
"US1FLPB0036","LANTANA 0.3 E, FL US","26.5838024911087","-80.0506314844475","1.5","2021-07-06","0.81"
"US1FLPB0036","LANTANA 0.3 E, FL US","26.5838024911087","-80.0506314844475","1.5","2021-07-07","0.26"
"US1FLPB0036","LANTANA 0.3 E, FL US","26.5838024911087","-80.0506314844475","1.5","2021-07-14","1.67"
"US1FLPB0037","WELLINGTON 0.7 SE, FL US","26.6510124206543","-80.2475204467773","4.6","2021-07-04","0.00"
"US1FLPB0037","WELLINGTON 0.7 SE, FL US","26.6510124206543","-80.2475204467773","4.6","2021-07-05","0.80"
"US1FLPB0037","WELLINGTON 0.7 SE, FL US","26.6510124206543","-80.2475204467773","4.6","2021-07-06","0.02"
"US1FLPB0037","WELLINGTON 0.7 SE, FL US","26.6510124206543","-80.2475204467773","4.6","2021-07-07","0.00"
"US1FLPB0037","WELLINGTON 0.7 SE, FL US","26.6510124206543","-80.2475204467773","4.6","2021-07-08","0.61"
"US1FLPB0037","WELLINGTON 0.7 SE, FL US","26.6510124206543","-80.2475204467773","4.6","2021-07-09","0.00"
"US1FLPB0037","WELLINGTON 0.7 SE, FL US","26.6510124206543","-80.2475204467773","4.6","2021-07-10","0.02"
"US1FLPB0037","WELLINGTON 0.7 SE, FL US","26.6510124206543","-80.2475204467773","4.6","2021-07-11","0.06"
"US1FLPB0037","WELLINGTON 0.7 SE, FL US","26.6510124206543","-80.2475204467773","4.6","2021-07-12","0.46"
"US1FLPB0037","WELLINGTON 0.7 SE, FL US","26.6510124206543","-80.2475204467773","4.6","2021-07-13","0.49"
"US1FLPB0037","WELLINGTON 0.7 SE, FL US","26.6510124206543","-80.2475204467773","4.6","2021-07-14","0.06"
"US1FLPB0037","WELLINGTON 0.7 SE, FL US","26.6510124206543","-80.2475204467773","4.6","2021-07-15","0.12"
"US1FLPB0037","WELLINGTON 0.7 SE, FL US","26.6510124206543","-80.2475204467773","4.6","2021-07-16","0.09"
"US1FLPB0037","WELLINGTON 0.7 SE, FL US","26.6510124206543","-80.2475204467773","4.6","2021-07-17","0.00"
"US1FLPB0037","WELLINGTON 0.7 SE, FL US","26.6510124206543","-80.2475204467773","4.6","2021-07-18","0.04"
"US1FLPB0037","WELLINGTON 0.7 SE, FL US","26.6510124206543","-80.2475204467773","4.6","2021-07-19","0.00"
"US1FLPB0037","WELLINGTON 0.7 SE, FL US","26.6510124206543","-80.2475204467773","4.6","2021-07-20","0.88"
"US1FLPB0037","WELLINGTON 0.7 SE, FL US","26.6510124206543","-80.2475204467773","4.6","2021-07-21","0.52"
"US1FLPS0001","HUDSON 1.1 ESE, FL US","28.350519","-82.683631","4.9","2021-07-04","1.69"
"US1FLPS0001","HUDSON 1.1 ESE, FL US","28.350519","-82.683631","4.9","2021-07-05","0.01"
"US1FLPS0001","HUDSON 1.1 ESE, FL US","28.350519","-82.683631","4.9","2021-07-06","1.61"
"US1FLPS0001","HUDSON 1.1 ESE, FL US","28.350519","-82.683631","4.9","2021-07-07","3.56"
"US1FLPS0001","HUDSON 1.1 ESE, FL US","28.350519","-82.683631","4.9","2021-07-08","1.26"
"US1FLPS0001","HUDSON 1.1 ESE, FL US","28.350519","-82.683631","4.9","2021-07-09","0.31"
"US1FLPS0001","HUDSON 1.1 ESE, FL US","28.350519","-82.683631","4.9","2021-07-10","0.01"
"US1FLPS0001","HUDSON 1.1 ESE, FL US","28.350519","-82.683631","4.9","2021-07-11","0.00"
"US1FLPS0001","HUDSON 1.1 ESE, FL US","28.350519","-82.683631","4.9","2021-07-12","1.61"
"US1FLPS0001","HUDSON 1.1 ESE, FL US","28.350519","-82.683631","4.9","2021-07-13","0.32"
"US1FLPS0001","HUDSON 1.1 ESE, FL US","28.350519","-82.683631","4.9","2021-07-14","0.07"
"US1FLPS0001","HUDSON 1.1 ESE, FL US","28.350519","-82.683631","4.9","2021-07-15","0.33"
"US1FLPS0001","HUDSON 1.1 ESE, FL US","28.350519","-82.683631","4.9","2021-07-17",
"US1FLPS0001","HUDSON 1.1 ESE, FL US","28.350519","-82.683631","4.9","2021-07-18","0.91"
"US1FLPS0001","HUDSON 1.1 ESE, FL US","28.350519","-82.683631","4.9","2021-07-19","0.01"
"US1FLPS0001","HUDSON 1.1 ESE, FL US","28.350519","-82.683631","4.9","2021-07-20","0.00"
"US1FLPS0001","HUDSON 1.1 ESE, FL US","28.350519","-82.683631","4.9","2021-07-21","0.00"
"US1FLMD0030","SOUTH MIAMI 0.5 N, FL US","25.715589","-80.296772","1.2","2021-07-04","0.00"
"US1FLMD0030","SOUTH MIAMI 0.5 N, FL US","25.715589","-80.296772","1.2","2021-07-05","0.28"
"US1FLMD0030","SOUTH MIAMI 0.5 N, FL US","25.715589","-80.296772","1.2","2021-07-06","3.41"
"US1FLMD0030","SOUTH MIAMI 0.5 N, FL US","25.715589","-80.296772","1.2","2021-07-07","0.00"
"US1FLMD0030","SOUTH MIAMI 0.5 N, FL US","25.715589","-80.296772","1.2","2021-07-08","0.00"
"US1FLMD0030","SOUTH MIAMI 0.5 N, FL US","25.715589","-80.296772","1.2","2021-07-09","0.00"
"US1FLMD0030","SOUTH MIAMI 0.5 N, FL US","25.715589","-80.296772","1.2","2021-07-10","0.90"
"US1FLMD0030","SOUTH MIAMI 0.5 N, FL US","25.715589","-80.296772","1.2","2021-07-11","0.00"
"US1FLMD0030","SOUTH MIAMI 0.5 N, FL US","25.715589","-80.296772","1.2","2021-07-12","0.19"
"US1FLMD0030","SOUTH MIAMI 0.5 N, FL US","25.715589","-80.296772","1.2","2021-07-13","1.17"
"US1FLMD0030","SOUTH MIAMI 0.5 N, FL US","25.715589","-80.296772","1.2","2021-07-14","0.00"
"US1FLMD0030","SOUTH MIAMI 0.5 N, FL US","25.715589","-80.296772","1.2","2021-07-15","0.09"
"US1FLMD0030","SOUTH MIAMI 0.5 N, FL US","25.715589","-80.296772","1.2","2021-07-16","0.04"
"US1FLMD0030","SOUTH MIAMI 0.5 N, FL US","25.715589","-80.296772","1.2","2021-07-17","0.00"
"US1FLMD0030","SOUTH MIAMI 0.5 N, FL US","25.715589","-80.296772","1.2","2021-07-18","0.00"
"US1FLMD0030","SOUTH MIAMI 0.5 N, FL US","25.715589","-80.296772","1.2","2021-07-19","0.00"
"US1FLMD0030","SOUTH MIAMI 0.5 N, FL US","25.715589","-80.296772","1.2","2021-07-20","0.18"
"US1FLMD0030","SOUTH MIAMI 0.5 N, FL US","25.715589","-80.296772","1.2","2021-07-21","0.17"
"US1FLBW0026","DEERFIELD BEACH 2.5 ESE, FL US","26.303831","-80.081289","0.3","2021-07-04","0.02"
"US1FLBW0026","DEERFIELD BEACH 2.5 ESE, FL US","26.303831","-80.081289","0.3","2021-07-05","0.00"
"US1FLBW0026","DEERFIELD BEACH 2.5 ESE, FL US","26.303831","-80.081289","0.3","2021-07-06","0.67"
"US1FLBW0026","DEERFIELD BEACH 2.5 ESE, FL US","26.303831","-80.081289","0.3","2021-07-07","0.02"
"US1FLBW0026","DEERFIELD BEACH 2.5 ESE, FL US","26.303831","-80.081289","0.3","2021-07-08","0.00"
"US1FLBW0026","DEERFIELD BEACH 2.5 ESE, FL US","26.303831","-80.081289","0.3","2021-07-09","0.00"
"US1FLBW0026","DEERFIELD BEACH 2.5 ESE, FL US","26.303831","-80.081289","0.3","2021-07-10","0.00"
"US1FLBW0026","DEERFIELD BEACH 2.5 ESE, FL US","26.303831","-80.081289","0.3","2021-07-11","0.00"
"US1FLBW0026","DEERFIELD BEACH 2.5 ESE, FL US","26.303831","-80.081289","0.3","2021-07-12","0.19"
"US1FLBW0026","DEERFIELD BEACH 2.5 ESE, FL US","26.303831","-80.081289","0.3","2021-07-13","0.43"
"US1FLBW0026","DEERFIELD BEACH 2.5 ESE, FL US","26.303831","-80.081289","0.3","2021-07-14","0.18"
"US1FLBW0026","DEERFIELD BEACH 2.5 ESE, FL US","26.303831","-80.081289","0.3","2021-07-15","0.00"
"US1FLBW0026","DEERFIELD BEACH 2.5 ESE, FL US","26.303831","-80.081289","0.3","2021-07-16","0.00"
"US1FLBW0026","DEERFIELD BEACH 2.5 ESE, FL US","26.303831","-80.081289","0.3","2021-07-17","0.04"
"US1FLBW0026","DEERFIELD BEACH 2.5 ESE, FL US","26.303831","-80.081289","0.3","2021-07-18","0.00"
"US1FLBW0026","DEERFIELD BEACH 2.5 ESE, FL US","26.303831","-80.081289","0.3","2021-07-19","0.00"
"US1FLBW0026","DEERFIELD BEACH 2.5 ESE, FL US","26.303831","-80.081289","0.3","2021-07-20","0.03"
"US1FLBW0026","DEERFIELD BEACH 2.5 ESE, FL US","26.303831","-80.081289","0.3","2021-07-21","0.43"
"US1FLOS0027","ST. CLOUD 2.9 S, FL US","28.20062","-81.28499","27.1","2021-07-04","0.09"
"US1FLOS0027","ST. CLOUD 2.9 S, FL US","28.20062","-81.28499","27.1","2021-07-05","0.54"
"US1FLOS0027","ST. CLOUD 2.9 S, FL US","28.20062","-81.28499","27.1","2021-07-06","0.09"
"US1FLOS0027","ST. CLOUD 2.9 S, FL US","28.20062","-81.28499","27.1","2021-07-07","0.69"
"US1FLOS0027","ST. CLOUD 2.9 S, FL US","28.20062","-81.28499","27.1","2021-07-08","0.00"
"US1FLOS0027","ST. CLOUD 2.9 S, FL US","28.20062","-81.28499","27.1","2021-07-09","0.53"
"US1FLOS0027","ST. CLOUD 2.9 S, FL US","28.20062","-81.28499","27.1","2021-07-10","0.00"
"US1FLOS0027","ST. CLOUD 2.9 S, FL US","28.20062","-81.28499","27.1","2021-07-11","0.30"
"US1FLOS0027","ST. CLOUD 2.9 S, FL US","28.20062","-81.28499","27.1","2021-07-12","0.07"
"US1FLOS0027","ST. CLOUD 2.9 S, FL US","28.20062","-81.28499","27.1","2021-07-13","0.79"
"US1FLOS0027","ST. CLOUD 2.9 S, FL US","28.20062","-81.28499","27.1","2021-07-14","0.00"
"US1FLOS0027","ST. CLOUD 2.9 S, FL US","28.20062","-81.28499","27.1","2021-07-15","0.42"
"US1FLOS0027","ST. CLOUD 2.9 S, FL US","28.20062","-81.28499","27.1","2021-07-16","0.00"
"US1FLOS0027","ST. CLOUD 2.9 S, FL US","28.20062","-81.28499","27.1","2021-07-17","0.00"
"US1FLOS0027","ST. CLOUD 2.9 S, FL US","28.20062","-81.28499","27.1","2021-07-18","0.00"
"US1FLOS0027","ST. CLOUD 2.9 S, FL US","28.20062","-81.28499","27.1","2021-07-19","1.60"
"US1FLOS0027","ST. CLOUD 2.9 S, FL US","28.20062","-81.28499","27.1","2021-07-20","0.93"
"US1FLOS0027","ST. CLOUD 2.9 S, FL US","28.20062","-81.28499","27.1","2021-07-21","0.00"
"US1FLOS0029","ST. CLOUD 2.4 NE, FL US","28.265881","-81.261023","18.9","2021-07-04","0.22"
"US1FLOS0029","ST. CLOUD 2.4 NE, FL US","28.265881","-81.261023","18.9","2021-07-05","0.87"
"US1FLOS0029","ST. CLOUD 2.4 NE, FL US","28.265881","-81.261023","18.9","2021-07-06","0.13"
"US1FLOS0029","ST. CLOUD 2.4 NE, FL US","28.265881","-81.261023","18.9","2021-07-07","0.37"
"US1FLOS0029","ST. CLOUD 2.4 NE, FL US","28.265881","-81.261023","18.9","2021-07-08","0.55"
"US1FLOS0029","ST. CLOUD 2.4 NE, FL US","28.265881","-81.261023","18.9","2021-07-09","0.15"
"US1FLOS0029","ST. CLOUD 2.4 NE, FL US","28.265881","-81.261023","18.9","2021-07-12",
"US1FLOS0029","ST. CLOUD 2.4 NE, FL US","28.265881","-81.261023","18.9","2021-07-13","0.84"
"US1FLOS0029","ST. CLOUD 2.4 NE, FL US","28.265881","-81.261023","18.9","2021-07-14","0.02"
"US1FLOS0029","ST. CLOUD 2.4 NE, FL US","28.265881","-81.261023","18.9","2021-07-15","0.54"
"US1FLOS0029","ST. CLOUD 2.4 NE, FL US","28.265881","-81.261023","18.9","2021-07-16","0.00"
"US1FLOS0029","ST. CLOUD 2.4 NE, FL US","28.265881","-81.261023","18.9","2021-07-17","0.00"
"US1FLOS0029","ST. CLOUD 2.4 NE, FL US","28.265881","-81.261023","18.9","2021-07-18","0.00"
"US1FLOS0029","ST. CLOUD 2.4 NE, FL US","28.265881","-81.261023","18.9","2021-07-19","0.64"
"US1FLOS0029","ST. CLOUD 2.4 NE, FL US","28.265881","-81.261023","18.9","2021-07-20","0.57"
"US1FLOS0029","ST. CLOUD 2.4 NE, FL US","28.265881","-81.261023","18.9","2021-07-21","0.00"
"US1FLBV0028","MICCO 1.3 NW, FL US","27.886064","-80.528297","5.8","2021-07-04","0.21"
"US1FLBV0028","MICCO 1.3 NW, FL US","27.886064","-80.528297","5.8","2021-07-05","1.23"
"US1FLBV0028","MICCO 1.3 NW, FL US","27.886064","-80.528297","5.8","2021-07-06","0.40"
"US1FLBV0028","MICCO 1.3 NW, FL US","27.886064","-80.528297","5.8","2021-07-07","0.03"
"US1FLBV0028","MICCO 1.3 NW, FL US","27.886064","-80.528297","5.8","2021-07-08","0.03"
"US1FLBV0028","MICCO 1.3 NW, FL US","27.886064","-80.528297","5.8","2021-07-09","0.60"
"US1FLBV0028","MICCO 1.3 NW, FL US","27.886064","-80.528297","5.8","2021-07-10","0.02"
"US1FLBV0028","MICCO 1.3 NW, FL US","27.886064","-80.528297","5.8","2021-07-11","0.00"
"US1FLBV0028","MICCO 1.3 NW, FL US","27.886064","-80.528297","5.8","2021-07-12","0.00"
"US1FLBV0028","MICCO 1.3 NW, FL US","27.886064","-80.528297","5.8","2021-07-13","0.29"
"US1FLBV0028","MICCO 1.3 NW, FL US","27.886064","-80.528297","5.8","2021-07-14","0.06"
"US1FLBV0028","MICCO 1.3 NW, FL US","27.886064","-80.528297","5.8","2021-07-15","0.00"
"US1FLBV0028","MICCO 1.3 NW, FL US","27.886064","-80.528297","5.8","2021-07-16","0.00"
"US1FLBV0028","MICCO 1.3 NW, FL US","27.886064","-80.528297","5.8","2021-07-17","0.00"
"US1FLBV0028","MICCO 1.3 NW, FL US","27.886064","-80.528297","5.8","2021-07-18","0.00"
"US1FLBV0028","MICCO 1.3 NW, FL US","27.886064","-80.528297","5.8","2021-07-19","0.00"
"US1FLBV0028","MICCO 1.3 NW, FL US","27.886064","-80.528297","5.8","2021-07-20","0.00"
"US1FLBV0028","MICCO 1.3 NW, FL US","27.886064","-80.528297","5.8","2021-07-21","0.00"
"USC00085076","LISBON, FL US","28.8728","-81.7844","20.7","2021-07-04","0.40"
"USC00085076","LISBON, FL US","28.8728","-81.7844","20.7","2021-07-05","0.60"
"USC00085076","LISBON, FL US","28.8728","-81.7844","20.7","2021-07-06","0.00"
"USC00085076","LISBON, FL US","28.8728","-81.7844","20.7","2021-07-08",
"USC00085076","LISBON, FL US","28.8728","-81.7844","20.7","2021-07-09","0.60"
"USC00085076","LISBON, FL US","28.8728","-81.7844","20.7","2021-07-10","0.95"
"USC00085076","LISBON, FL US","28.8728","-81.7844","20.7","2021-07-11","0.00"
"USC00085076","LISBON, FL US","28.8728","-81.7844","20.7","2021-07-12","0.00"
"USC00085076","LISBON, FL US","28.8728","-81.7844","20.7","2021-07-13","0.24"
"USC00085076","LISBON, FL US","28.8728","-81.7844","20.7","2021-07-14","0.00"
"USC00085076","LISBON, FL US","28.8728","-81.7844","20.7","2021-07-15","0.22"
"USC00085076","LISBON, FL US","28.8728","-81.7844","20.7","2021-07-16","0.00"
"USC00085076","LISBON, FL US","28.8728","-81.7844","20.7","2021-07-17","0.00"
"USC00085076","LISBON, FL US","28.8728","-81.7844","20.7","2021-07-18","0.00"
"USC00085076","LISBON, FL US","28.8728","-81.7844","20.7","2021-07-19","0.10"
"USC00085076","LISBON, FL US","28.8728","-81.7844","20.7","2021-07-20","0.10"
"USC00085076","LISBON, FL US","28.8728","-81.7844","20.7","2021-07-21","0.00"
"US1FLWT0002","FREEPORT 3.4 S, FL US","30.451892","-86.140944","2.4","2021-07-04","0.10"
"US1FLWT0002","FREEPORT 3.4 S, FL US","30.451892","-86.140944","2.4","2021-07-05","0.93"
"US1FLWT0002","FREEPORT 3.4 S, FL US","30.451892","-86.140944","2.4","2021-07-06","1.13"
"US1FLWT0002","FREEPORT 3.4 S, FL US","30.451892","-86.140944","2.4","2021-07-07","0.26"
"US1FLWT0002","FREEPORT 3.4 S, FL US","30.451892","-86.140944","2.4","2021-07-08","0.21"
"US1FLWT0002","FREEPORT 3.4 S, FL US","30.451892","-86.140944","2.4","2021-07-09","0.00"
"US1FLWT0002","FREEPORT 3.4 S, FL US","30.451892","-86.140944","2.4","2021-07-10","0.08"
"US1FLWT0002","FREEPORT 3.4 S, FL US","30.451892","-86.140944","2.4","2021-07-11","0.00"
"US1FLWT0002","FREEPORT 3.4 S, FL US","30.451892","-86.140944","2.4","2021-07-12","0.91"
"US1FLWT0002","FREEPORT 3.4 S, FL US","30.451892","-86.140944","2.4","2021-07-13","3.10"
"US1FLWT0002","FREEPORT 3.4 S, FL US","30.451892","-86.140944","2.4","2021-07-14","0.32"
"US1FLWT0002","FREEPORT 3.4 S, FL US","30.451892","-86.140944","2.4","2021-07-15","0.02"
"US1FLWT0002","FREEPORT 3.4 S, FL US","30.451892","-86.140944","2.4","2021-07-16","0.25"
"US1FLWT0002","FREEPORT 3.4 S, FL US","30.451892","-86.140944","2.4","2021-07-17","0.00"
"US1FLWT0002","FREEPORT 3.4 S, FL US","30.451892","-86.140944","2.4","2021-07-18","0.00"
"US1FLWT0002","FREEPORT 3.4 S, FL US","30.451892","-86.140944","2.4","2021-07-19","0.07"
"US1FLWT0002","FREEPORT 3.4 S, FL US","30.451892","-86.140944","2.4","2021-07-20","0.23"
"US1FLWT0002","FREEPORT 3.4 S, FL US","30.451892","-86.140944","2.4","2021-07-21","2.78"
"US1FLBW0076","PLANTATION 3.4 E, FL US","26.118211","-80.206628","2.4","2021-07-04","0.00"
"US1FLBW0076","PLANTATION 3.4 E, FL US","26.118211","-80.206628","2.4","2021-07-05","0.00"
"US1FLBW0076","PLANTATION 3.4 E, FL US","26.118211","-80.206628","2.4","2021-07-06","0.40"
"US1FLBW0076","PLANTATION 3.4 E, FL US","26.118211","-80.206628","2.4","2021-07-07","0.32"
"US1FLBW0076","PLANTATION 3.4 E, FL US","26.118211","-80.206628","2.4","2021-07-08","0.00"
"US1FLBW0076","PLANTATION 3.4 E, FL US","26.118211","-80.206628","2.4","2021-07-09","0.17"
"US1FLBW0076","PLANTATION 3.4 E, FL US","26.118211","-80.206628","2.4","2021-07-10","0.00"
"US1FLBW0076","PLANTATION 3.4 E, FL US","26.118211","-80.206628","2.4","2021-07-11","0.20"
"US1FLBW0076","PLANTATION 3.4 E, FL US","26.118211","-80.206628","2.4","2021-07-12","0.31"
"US1FLBW0076","PLANTATION 3.4 E, FL US","26.118211","-80.206628","2.4","2021-07-13","1.64"
"US1FLBW0076","PLANTATION 3.4 E, FL US","26.118211","-80.206628","2.4","2021-07-14","0.11"
"US1FLBW0076","PLANTATION 3.4 E, FL US","26.118211","-80.206628","2.4","2021-07-15","0.28"
"US1FLBW0076","PLANTATION 3.4 E, FL US","26.118211","-80.206628","2.4","2021-07-16","0.09"
"US1FLBW0076","PLANTATION 3.4 E, FL US","26.118211","-80.206628","2.4","2021-07-17","0.23"
"US1FLBW0076","PLANTATION 3.4 E, FL US","26.118211","-80.206628","2.4","2021-07-18","0.48"
"US1FLBW0076","PLANTATION 3.4 E, FL US","26.118211","-80.206628","2.4","2021-07-19","0.02"
"US1FLBW0076","PLANTATION 3.4 E, FL US","26.118211","-80.206628","2.4","2021-07-20","0.00"
"US1FLBW0076","PLANTATION 3.4 E, FL US","26.118211","-80.206628","2.4","2021-07-21","1.03"
"US1FLWT0003","MIRAMAR BEACH 9.5 ESE, FL US","30.34628","-86.204803","11.0","2021-07-04","0.03"
"US1FLWT0003","MIRAMAR BEACH 9.5 ESE, FL US","30.34628","-86.204803","11.0","2021-07-05","0.51"
"US1FLWT0003","MIRAMAR BEACH 9.5 ESE, FL US","30.34628","-86.204803","11.0","2021-07-06","2.98"
"US1FLWT0003","MIRAMAR BEACH 9.5 ESE, FL US","30.34628","-86.204803","11.0","2021-07-07","0.63"
"US1FLWT0003","MIRAMAR BEACH 9.5 ESE, FL US","30.34628","-86.204803","11.0","2021-07-08","0.02"
"US1FLWT0003","MIRAMAR BEACH 9.5 ESE, FL US","30.34628","-86.204803","11.0","2021-07-09","0.00"
"US1FLOR0019","UNION PARK 1.1 E, FL US","28.562445","-81.218461","19.8","2021-07-04","0.86"
"US1FLOR0019","UNION PARK 1.1 E, FL US","28.562445","-81.218461","19.8","2021-07-05","0.40"
"US1FLOR0019","UNION PARK 1.1 E, FL US","28.562445","-81.218461","19.8","2021-07-06","0.00"
"US1FLOR0019","UNION PARK 1.1 E, FL US","28.562445","-81.218461","19.8","2021-07-07","0.30"
"US1FLOR0019","UNION PARK 1.1 E, FL US","28.562445","-81.218461","19.8","2021-07-08","0.08"
"US1FLOR0019","UNION PARK 1.1 E, FL US","28.562445","-81.218461","19.8","2021-07-09","0.84"
"US1FLOR0019","UNION PARK 1.1 E, FL US","28.562445","-81.218461","19.8","2021-07-10","0.14"
"US1FLOR0019","UNION PARK 1.1 E, FL US","28.562445","-81.218461","19.8","2021-07-11","0.02"
"US1FLOR0019","UNION PARK 1.1 E, FL US","28.562445","-81.218461","19.8","2021-07-12","0.03"
"US1FLOR0019","UNION PARK 1.1 E, FL US","28.562445","-81.218461","19.8","2021-07-13","1.08"
"US1FLOR0019","UNION PARK 1.1 E, FL US","28.562445","-81.218461","19.8","2021-07-14","0.25"
"US1FLOR0019","UNION PARK 1.1 E, FL US","28.562445","-81.218461","19.8","2021-07-15","0.52"
"US1FLOR0019","UNION PARK 1.1 E, FL US","28.562445","-81.218461","19.8","2021-07-16","0.00"
"US1FLOR0019","UNION PARK 1.1 E, FL US","28.562445","-81.218461","19.8","2021-07-17","0.00"
"US1FLOR0019","UNION PARK 1.1 E, FL US","28.562445","-81.218461","19.8","2021-07-18","0.00"
"US1FLOR0019","UNION PARK 1.1 E, FL US","28.562445","-81.218461","19.8","2021-07-19","0.23"
"US1FLOR0019","UNION PARK 1.1 E, FL US","28.562445","-81.218461","19.8","2021-07-20","0.93"
"US1FLOR0019","UNION PARK 1.1 E, FL US","28.562445","-81.218461","19.8","2021-07-21","1.53"
"US1FLMD0026","MIAMI LAKES 0.3 NNW, FL US","25.913604","-80.316509","0.9","2021-07-05",
"US1FLMD0026","MIAMI LAKES 0.3 NNW, FL US","25.913604","-80.316509","0.9","2021-07-08",
"US1FLMD0026","MIAMI LAKES 0.3 NNW, FL US","25.913604","-80.316509","0.9","2021-07-09","0.00"
"US1FLMD0026","MIAMI LAKES 0.3 NNW, FL US","25.913604","-80.316509","0.9","2021-07-10","0.00"
"US1FLMD0026","MIAMI LAKES 0.3 NNW, FL US","25.913604","-80.316509","0.9","2021-07-11","0.75"
"US1FLMD0026","MIAMI LAKES 0.3 NNW, FL US","25.913604","-80.316509","0.9","2021-07-12","0.37"
"US1FLMD0026","MIAMI LAKES 0.3 NNW, FL US","25.913604","-80.316509","0.9","2021-07-13","2.11"
"US1FLMD0026","MIAMI LAKES 0.3 NNW, FL US","25.913604","-80.316509","0.9","2021-07-14","1.12"
"US1FLMD0026","MIAMI LAKES 0.3 NNW, FL US","25.913604","-80.316509","0.9","2021-07-15","0.00"
"US1FLMD0026","MIAMI LAKES 0.3 NNW, FL US","25.913604","-80.316509","0.9","2021-07-16","0.00"
"US1FLMD0026","MIAMI LAKES 0.3 NNW, FL US","25.913604","-80.316509","0.9","2021-07-17","0.31"
"US1FLMD0026","MIAMI LAKES 0.3 NNW, FL US","25.913604","-80.316509","0.9","2021-07-18","0.00"
"US1FLMD0026","MIAMI LAKES 0.3 NNW, FL US","25.913604","-80.316509","0.9","2021-07-19","0.00"
"US1FLMD0026","MIAMI LAKES 0.3 NNW, FL US","25.913604","-80.316509","0.9","2021-07-21",
"US1FLWT0005","DE FUNIAK SPRINGS 12.5 NW, FL US","30.84455","-86.275704","79.9","2021-07-04","0.00"
"US1FLWT0005","DE FUNIAK SPRINGS 12.5 NW, FL US","30.84455","-86.275704","79.9","2021-07-05","0.00"
"US1FLWT0005","DE FUNIAK SPRINGS 12.5 NW, FL US","30.84455","-86.275704","79.9","2021-07-06","0.05"
"US1FLWT0005","DE FUNIAK SPRINGS 12.5 NW, FL US","30.84455","-86.275704","79.9","2021-07-07","0.67"
"US1FLWT0005","DE FUNIAK SPRINGS 12.5 NW, FL US","30.84455","-86.275704","79.9","2021-07-08","0.13"
"US1FLWT0005","DE FUNIAK SPRINGS 12.5 NW, FL US","30.84455","-86.275704","79.9","2021-07-09","0.09"
"US1FLWT0005","DE FUNIAK SPRINGS 12.5 NW, FL US","30.84455","-86.275704","79.9","2021-07-10","0.16"
"US1FLWT0005","DE FUNIAK SPRINGS 12.5 NW, FL US","30.84455","-86.275704","79.9","2021-07-11","0.37"
"US1FLWT0005","DE FUNIAK SPRINGS 12.5 NW, FL US","30.84455","-86.275704","79.9","2021-07-12","0.34"
"US1FLWT0005","DE FUNIAK SPRINGS 12.5 NW, FL US","30.84455","-86.275704","79.9","2021-07-13","0.14"
"US1FLWT0005","DE FUNIAK SPRINGS 12.5 NW, FL US","30.84455","-86.275704","79.9","2021-07-14","0.00"
"US1FLWT0005","DE FUNIAK SPRINGS 12.5 NW, FL US","30.84455","-86.275704","79.9","2021-07-15","0.00"
"US1FLWT0005","DE FUNIAK SPRINGS 12.5 NW, FL US","30.84455","-86.275704","79.9","2021-07-16","0.49"
"US1FLWT0005","DE FUNIAK SPRINGS 12.5 NW, FL US","30.84455","-86.275704","79.9","2021-07-17","0.00"
"US1FLWT0005","DE FUNIAK SPRINGS 12.5 NW, FL US","30.84455","-86.275704","79.9","2021-07-18","0.00"
"US1FLWT0005","DE FUNIAK SPRINGS 12.5 NW, FL US","30.84455","-86.275704","79.9","2021-07-19","0.90"
"US1FLWT0005","DE FUNIAK SPRINGS 12.5 NW, FL US","30.84455","-86.275704","79.9","2021-07-20","0.39"
"US1FLWT0005","DE FUNIAK SPRINGS 12.5 NW, FL US","30.84455","-86.275704","79.9","2021-07-21","1.44"
"US1FLOR0016","APOPKA 2.9 E, FL US","28.6848","-81.4659","34.7","2021-07-04","0.61"
"US1FLOR0016","APOPKA 2.9 E, FL US","28.6848","-81.4659","34.7","2021-07-05","0.08"
"US1FLOR0016","APOPKA 2.9 E, FL US","28.6848","-81.4659","34.7","2021-07-06","0.46"
"US1FLOR0016","APOPKA 2.9 E, FL US","28.6848","-81.4659","34.7","2021-07-07","1.00"
"US1FLOR0016","APOPKA 2.9 E, FL US","28.6848","-81.4659","34.7","2021-07-08","0.34"
"US1FLOR0016","APOPKA 2.9 E, FL US","28.6848","-81.4659","34.7","2021-07-13","0.11"
"US1FLOR0016","APOPKA 2.9 E, FL US","28.6848","-81.4659","34.7","2021-07-14","0.17"
"US1FLOR0016","APOPKA 2.9 E, FL US","28.6848","-81.4659","34.7","2021-07-19","0.07"
"US1FLOR0015","UNION PARK 3.8 ENE, FL US","28.581436","-81.175799","15.5","2021-07-04","0.68"
"US1FLOR0015","UNION PARK 3.8 ENE, FL US","28.581436","-81.175799","15.5","2021-07-08","0.98"
"US1FLOR0015","UNION PARK 3.8 ENE, FL US","28.581436","-81.175799","15.5","2021-07-09","0.60"
"US1FLOR0015","UNION PARK 3.8 ENE, FL US","28.581436","-81.175799","15.5","2021-07-15","1.42"
"US1FLOR0015","UNION PARK 3.8 ENE, FL US","28.581436","-81.175799","15.5","2021-07-20","0.97"
"US1FLOR0015","UNION PARK 3.8 ENE, FL US","28.581436","-81.175799","15.5","2021-07-21","0.77"
"US1FLMD0022","HAMMOCKS 0.5 SSE, FL US","25.665","-80.4395","2.7","2021-07-04","0.00"
"US1FLMD0022","HAMMOCKS 0.5 SSE, FL US","25.665","-80.4395","2.7","2021-07-05","0.00"
"US1FLMD0022","HAMMOCKS 0.5 SSE, FL US","25.665","-80.4395","2.7","2021-07-06","2.32"
"US1FLMD0022","HAMMOCKS 0.5 SSE, FL US","25.665","-80.4395","2.7","2021-07-07","0.07"
"US1FLMD0022","HAMMOCKS 0.5 SSE, FL US","25.665","-80.4395","2.7","2021-07-08","0.00"
"US1FLMD0022","HAMMOCKS 0.5 SSE, FL US","25.665","-80.4395","2.7","2021-07-09","0.00"
"US1FLMD0022","HAMMOCKS 0.5 SSE, FL US","25.665","-80.4395","2.7","2021-07-10","0.00"
"US1FLMD0022","HAMMOCKS 0.5 SSE, FL US","25.665","-80.4395","2.7","2021-07-11","0.41"
"US1FLMD0022","HAMMOCKS 0.5 SSE, FL US","25.665","-80.4395","2.7","2021-07-12","1.93"
"US1FLMD0022","HAMMOCKS 0.5 SSE, FL US","25.665","-80.4395","2.7","2021-07-13","0.92"
"US1FLMD0022","HAMMOCKS 0.5 SSE, FL US","25.665","-80.4395","2.7","2021-07-14","0.31"
"US1FLMD0022","HAMMOCKS 0.5 SSE, FL US","25.665","-80.4395","2.7","2021-07-15","0.07"
"US1FLMD0022","HAMMOCKS 0.5 SSE, FL US","25.665","-80.4395","2.7","2021-07-16","0.01"
"US1FLMD0022","HAMMOCKS 0.5 SSE, FL US","25.665","-80.4395","2.7","2021-07-17","0.09"
"US1FLMD0022","HAMMOCKS 0.5 SSE, FL US","25.665","-80.4395","2.7","2021-07-18","0.25"
"US1FLMD0022","HAMMOCKS 0.5 SSE, FL US","25.665","-80.4395","2.7","2021-07-19","0.21"
"US1FLMD0022","HAMMOCKS 0.5 SSE, FL US","25.665","-80.4395","2.7","2021-07-20","0.00"
"US1FLMD0022","HAMMOCKS 0.5 SSE, FL US","25.665","-80.4395","2.7","2021-07-21","0.71"
"US1FLJF0010","MONTICELLO 2.9 WSW, FL US","30.5255","-83.91623","64.6","2021-07-04","0.00"
"US1FLJF0010","MONTICELLO 2.9 WSW, FL US","30.5255","-83.91623","64.6","2021-07-05","0.01"
"US1FLJF0010","MONTICELLO 2.9 WSW, FL US","30.5255","-83.91623","64.6","2021-07-06","0.34"
"US1FLJF0010","MONTICELLO 2.9 WSW, FL US","30.5255","-83.91623","64.6","2021-07-07","0.94"
"US1FLJF0010","MONTICELLO 2.9 WSW, FL US","30.5255","-83.91623","64.6","2021-07-08","0.68"
"US1FLJF0010","MONTICELLO 2.9 WSW, FL US","30.5255","-83.91623","64.6","2021-07-09","0.27"
"US1FLJF0010","MONTICELLO 2.9 WSW, FL US","30.5255","-83.91623","64.6","2021-07-10","0.19"
"US1FLJF0010","MONTICELLO 2.9 WSW, FL US","30.5255","-83.91623","64.6","2021-07-11","0.45"
"US1FLJF0010","MONTICELLO 2.9 WSW, FL US","30.5255","-83.91623","64.6","2021-07-12","0.00"
"US1FLJF0010","MONTICELLO 2.9 WSW, FL US","30.5255","-83.91623","64.6","2021-07-13","0.00"
"US1FLJF0010","MONTICELLO 2.9 WSW, FL US","30.5255","-83.91623","64.6","2021-07-14","0.00"
"US1FLJF0010","MONTICELLO 2.9 WSW, FL US","30.5255","-83.91623","64.6","2021-07-15","0.00"
"US1FLJF0010","MONTICELLO 2.9 WSW, FL US","30.5255","-83.91623","64.6","2021-07-16","0.00"
"US1FLJF0010","MONTICELLO 2.9 WSW, FL US","30.5255","-83.91623","64.6","2021-07-17","0.00"
"US1FLJF0010","MONTICELLO 2.9 WSW, FL US","30.5255","-83.91623","64.6","2021-07-18","0.00"
"US1FLJF0010","MONTICELLO 2.9 WSW, FL US","30.5255","-83.91623","64.6","2021-07-19","0.00"
"US1FLJF0010","MONTICELLO 2.9 WSW, FL US","30.5255","-83.91623","64.6","2021-07-20","0.57"
"US1FLJF0010","MONTICELLO 2.9 WSW, FL US","30.5255","-83.91623","64.6","2021-07-21","0.20"
"US1FLGL0013","MOORE HAVEN 10.4 N, FL US","26.98383611","-81.098425","4.3","2021-07-04","0.00"
"US1FLGL0013","MOORE HAVEN 10.4 N, FL US","26.98383611","-81.098425","4.3","2021-07-05","0.00"
"US1FLGL0013","MOORE HAVEN 10.4 N, FL US","26.98383611","-81.098425","4.3","2021-07-06","4.40"
"US1FLGL0013","MOORE HAVEN 10.4 N, FL US","26.98383611","-81.098425","4.3","2021-07-07","0.50"
"US1FLGL0013","MOORE HAVEN 10.4 N, FL US","26.98383611","-81.098425","4.3","2021-07-08","0.00"
"US1FLGL0013","MOORE HAVEN 10.4 N, FL US","26.98383611","-81.098425","4.3","2021-07-09","0.00"
"US1FLGL0013","MOORE HAVEN 10.4 N, FL US","26.98383611","-81.098425","4.3","2021-07-10","0.30"
"US1FLGL0013","MOORE HAVEN 10.4 N, FL US","26.98383611","-81.098425","4.3","2021-07-11","0.00"
"US1FLGL0013","MOORE HAVEN 10.4 N, FL US","26.98383611","-81.098425","4.3","2021-07-12","0.00"
"US1FLGL0013","MOORE HAVEN 10.4 N, FL US","26.98383611","-81.098425","4.3","2021-07-13","0.00"
"US1FLGL0013","MOORE HAVEN 10.4 N, FL US","26.98383611","-81.098425","4.3","2021-07-14","0.50"
"US1FLGL0013","MOORE HAVEN 10.4 N, FL US","26.98383611","-81.098425","4.3","2021-07-16","0.00"
"US1FLGL0013","MOORE HAVEN 10.4 N, FL US","26.98383611","-81.098425","4.3","2021-07-17","0.00"
"US1FLGL0013","MOORE HAVEN 10.4 N, FL US","26.98383611","-81.098425","4.3","2021-07-18","0.00"
"US1FLGL0013","MOORE HAVEN 10.4 N, FL US","26.98383611","-81.098425","4.3","2021-07-19","0.00"
"US1FLGL0013","MOORE HAVEN 10.4 N, FL US","26.98383611","-81.098425","4.3","2021-07-20","0.00"
"US1FLGL0013","MOORE HAVEN 10.4 N, FL US","26.98383611","-81.098425","4.3","2021-07-21","0.10"
"US1FLOR0025","ORLANDO 7.4 WNW, FL US","28.5709495544434","-81.4959411621094","30.5","2021-07-12",
"US1FLOR0025","ORLANDO 7.4 WNW, FL US","28.5709495544434","-81.4959411621094","30.5","2021-07-13","0.00"
"US1FLOR0025","ORLANDO 7.4 WNW, FL US","28.5709495544434","-81.4959411621094","30.5","2021-07-14","0.05"
"US1FLOR0025","ORLANDO 7.4 WNW, FL US","28.5709495544434","-81.4959411621094","30.5","2021-07-15","0.12"
"US1FLOR0025","ORLANDO 7.4 WNW, FL US","28.5709495544434","-81.4959411621094","30.5","2021-07-16","0.00"
"US1FLOR0025","ORLANDO 7.4 WNW, FL US","28.5709495544434","-81.4959411621094","30.5","2021-07-17","0.00"
"US1FLOR0025","ORLANDO 7.4 WNW, FL US","28.5709495544434","-81.4959411621094","30.5","2021-07-18","0.00"
"US1FLOR0025","ORLANDO 7.4 WNW, FL US","28.5709495544434","-81.4959411621094","30.5","2021-07-19","0.00"
"US1FLOR0025","ORLANDO 7.4 WNW, FL US","28.5709495544434","-81.4959411621094","30.5","2021-07-20","0.00"
"US1FLOR0025","ORLANDO 7.4 WNW, FL US","28.5709495544434","-81.4959411621094","30.5","2021-07-21","0.10"
"US1FLBW0079","MARGATE 0.4 W, FL US","26.245883","-80.218017","3.0","2021-07-04","0.00"
"US1FLBW0079","MARGATE 0.4 W, FL US","26.245883","-80.218017","3.0","2021-07-05","0.00"
"US1FLBW0079","MARGATE 0.4 W, FL US","26.245883","-80.218017","3.0","2021-07-06","0.87"
"US1FLBW0079","MARGATE 0.4 W, FL US","26.245883","-80.218017","3.0","2021-07-07","0.37"
"US1FLBW0079","MARGATE 0.4 W, FL US","26.245883","-80.218017","3.0","2021-07-08","0.00"
"US1FLBW0079","MARGATE 0.4 W, FL US","26.245883","-80.218017","3.0","2021-07-09","1.13"
"US1FLBW0079","MARGATE 0.4 W, FL US","26.245883","-80.218017","3.0","2021-07-10","0.06"
"US1FLBW0079","MARGATE 0.4 W, FL US","26.245883","-80.218017","3.0","2021-07-11","0.26"
"US1FLBW0079","MARGATE 0.4 W, FL US","26.245883","-80.218017","3.0","2021-07-12","0.17"
"US1FLBW0079","MARGATE 0.4 W, FL US","26.245883","-80.218017","3.0","2021-07-13","0.36"
"US1FLBV0023","COCOA 2.6 WNW, FL US","28.3956","-80.7868","7.0","2021-07-04","0.24"
"US1FLBV0023","COCOA 2.6 WNW, FL US","28.3956","-80.7868","7.0","2021-07-05","1.62"
"US1FLBV0023","COCOA 2.6 WNW, FL US","28.3956","-80.7868","7.0","2021-07-06","0.02"
"US1FLBV0023","COCOA 2.6 WNW, FL US","28.3956","-80.7868","7.0","2021-07-07","0.10"
"US1FLBV0023","COCOA 2.6 WNW, FL US","28.3956","-80.7868","7.0","2021-07-08","0.47"
"US1FLBV0023","COCOA 2.6 WNW, FL US","28.3956","-80.7868","7.0","2021-07-09","0.87"
"US1FLBV0023","COCOA 2.6 WNW, FL US","28.3956","-80.7868","7.0","2021-07-10","1.67"
"US1FLBV0023","COCOA 2.6 WNW, FL US","28.3956","-80.7868","7.0","2021-07-11","1.01"
"US1FLBV0023","COCOA 2.6 WNW, FL US","28.3956","-80.7868","7.0","2021-07-12","0.04"
"US1FLBV0023","COCOA 2.6 WNW, FL US","28.3956","-80.7868","7.0","2021-07-13","0.62"
"US1FLBV0023","COCOA 2.6 WNW, FL US","28.3956","-80.7868","7.0","2021-07-14","0.00"
"US1FLBV0023","COCOA 2.6 WNW, FL US","28.3956","-80.7868","7.0","2021-07-15","0.05"
"US1FLBV0023","COCOA 2.6 WNW, FL US","28.3956","-80.7868","7.0","2021-07-16","0.00"
"US1FLBV0023","COCOA 2.6 WNW, FL US","28.3956","-80.7868","7.0","2021-07-17","0.00"
"US1FLBV0023","COCOA 2.6 WNW, FL US","28.3956","-80.7868","7.0","2021-07-18","0.00"
"US1FLBV0023","COCOA 2.6 WNW, FL US","28.3956","-80.7868","7.0","2021-07-19","0.00"
"US1FLBV0023","COCOA 2.6 WNW, FL US","28.3956","-80.7868","7.0","2021-07-20","0.38"
"US1FLPT0027","HOLLISTER 0.5 NW, FL US","29.627779","-81.819115","25.3","2021-07-04","0.53"
"US1FLPT0027","HOLLISTER 0.5 NW, FL US","29.627779","-81.819115","25.3","2021-07-05","0.67"
"US1FLPT0027","HOLLISTER 0.5 NW, FL US","29.627779","-81.819115","25.3","2021-07-06","0.01"
"US1FLPT0027","HOLLISTER 0.5 NW, FL US","29.627779","-81.819115","25.3","2021-07-07","0.01"
"US1FLPT0027","HOLLISTER 0.5 NW, FL US","29.627779","-81.819115","25.3","2021-07-08","1.83"
"US1FLPT0027","HOLLISTER 0.5 NW, FL US","29.627779","-81.819115","25.3","2021-07-09","0.06"
"US1FLPT0027","HOLLISTER 0.5 NW, FL US","29.627779","-81.819115","25.3","2021-07-10","0.02"
"US1FLPT0027","HOLLISTER 0.5 NW, FL US","29.627779","-81.819115","25.3","2021-07-11","0.00"
"US1FLPT0027","HOLLISTER 0.5 NW, FL US","29.627779","-81.819115","25.3","2021-07-12","0.00"
"US1FLPT0027","HOLLISTER 0.5 NW, FL US","29.627779","-81.819115","25.3","2021-07-13","0.15"
"US1FLPT0027","HOLLISTER 0.5 NW, FL US","29.627779","-81.819115","25.3","2021-07-14","0.00"
"US1FLPT0027","HOLLISTER 0.5 NW, FL US","29.627779","-81.819115","25.3","2021-07-15","0.00"
"US1FLPT0027","HOLLISTER 0.5 NW, FL US","29.627779","-81.819115","25.3","2021-07-16","0.00"
"US1FLPT0027","HOLLISTER 0.5 NW, FL US","29.627779","-81.819115","25.3","2021-07-17","0.00"
"US1FLPT0027","HOLLISTER 0.5 NW, FL US","29.627779","-81.819115","25.3","2021-07-18","0.00"
"US1FLPT0027","HOLLISTER 0.5 NW, FL US","29.627779","-81.819115","25.3","2021-07-19","0.00"
"US1FLPT0027","HOLLISTER 0.5 NW, FL US","29.627779","-81.819115","25.3","2021-07-20","0.92"
"US1FLPT0027","HOLLISTER 0.5 NW, FL US","29.627779","-81.819115","25.3","2021-07-21","1.10"
"US1FLBV0020","PALM SHORES 4.3 NNW, FL US","28.2439","-80.6842","6.1","2021-07-04","0.21"
"US1FLBV0020","PALM SHORES 4.3 NNW, FL US","28.2439","-80.6842","6.1","2021-07-05","0.07"
"US1FLBV0020","PALM SHORES 4.3 NNW, FL US","28.2439","-80.6842","6.1","2021-07-06","0.03"
"US1FLBV0020","PALM SHORES 4.3 NNW, FL US","28.2439","-80.6842","6.1","2021-07-07","0.01"
"US1FLBV0020","PALM SHORES 4.3 NNW, FL US","28.2439","-80.6842","6.1","2021-07-08","0.34"
"US1FLBV0020","PALM SHORES 4.3 NNW, FL US","28.2439","-80.6842","6.1","2021-07-09","0.00"
"US1FLBV0020","PALM SHORES 4.3 NNW, FL US","28.2439","-80.6842","6.1","2021-07-10","0.15"
"US1FLBV0020","PALM SHORES 4.3 NNW, FL US","28.2439","-80.6842","6.1","2021-07-11","0.07"
"US1FLBV0020","PALM SHORES 4.3 NNW, FL US","28.2439","-80.6842","6.1","2021-07-12","0.00"
"US1FLBV0020","PALM SHORES 4.3 NNW, FL US","28.2439","-80.6842","6.1","2021-07-13","0.04"
"US1FLBV0020","PALM SHORES 4.3 NNW, FL US","28.2439","-80.6842","6.1","2021-07-14","0.00"
"US1FLBV0020","PALM SHORES 4.3 NNW, FL US","28.2439","-80.6842","6.1","2021-07-15","0.05"
"US1FLBV0020","PALM SHORES 4.3 NNW, FL US","28.2439","-80.6842","6.1","2021-07-16","0.00"
"US1FLBV0020","PALM SHORES 4.3 NNW, FL US","28.2439","-80.6842","6.1","2021-07-17","0.00"
"US1FLBV0020","PALM SHORES 4.3 NNW, FL US","28.2439","-80.6842","6.1","2021-07-18","0.00"
"US1FLBV0020","PALM SHORES 4.3 NNW, FL US","28.2439","-80.6842","6.1","2021-07-19","0.00"
"US1FLBV0020","PALM SHORES 4.3 NNW, FL US","28.2439","-80.6842","6.1","2021-07-20","0.00"
"US1FLBV0020","PALM SHORES 4.3 NNW, FL US","28.2439","-80.6842","6.1","2021-07-21","0.08"
"US1FLPT0026","INTERLACHEN 3.6 NNE, FL US","29.662232","-81.870032","37.5","2021-07-04","0.09"
"US1FLPT0026","INTERLACHEN 3.6 NNE, FL US","29.662232","-81.870032","37.5","2021-07-05","0.96"
"US1FLPT0026","INTERLACHEN 3.6 NNE, FL US","29.662232","-81.870032","37.5","2021-07-06","0.00"
"US1FLPT0026","INTERLACHEN 3.6 NNE, FL US","29.662232","-81.870032","37.5","2021-07-07","0.32"
"US1FLPT0026","INTERLACHEN 3.6 NNE, FL US","29.662232","-81.870032","37.5","2021-07-08","1.73"
"US1FLPT0026","INTERLACHEN 3.6 NNE, FL US","29.662232","-81.870032","37.5","2021-07-09","0.25"
"US1FLPT0026","INTERLACHEN 3.6 NNE, FL US","29.662232","-81.870032","37.5","2021-07-10","0.07"
"US1FLPT0026","INTERLACHEN 3.6 NNE, FL US","29.662232","-81.870032","37.5","2021-07-11","0.00"
"US1FLPT0026","INTERLACHEN 3.6 NNE, FL US","29.662232","-81.870032","37.5","2021-07-12","0.49"
"US1FLPT0026","INTERLACHEN 3.6 NNE, FL US","29.662232","-81.870032","37.5","2021-07-13","0.01"
"US1FLPT0026","INTERLACHEN 3.6 NNE, FL US","29.662232","-81.870032","37.5","2021-07-14","0.13"
"US1FLPT0026","INTERLACHEN 3.6 NNE, FL US","29.662232","-81.870032","37.5","2021-07-15","0.01"
"US1FLPT0026","INTERLACHEN 3.6 NNE, FL US","29.662232","-81.870032","37.5","2021-07-16","0.00"
"US1FLPT0026","INTERLACHEN 3.6 NNE, FL US","29.662232","-81.870032","37.5","2021-07-17","0.00"
"US1FLPT0026","INTERLACHEN 3.6 NNE, FL US","29.662232","-81.870032","37.5","2021-07-18","0.00"
"US1FLPT0026","INTERLACHEN 3.6 NNE, FL US","29.662232","-81.870032","37.5","2021-07-19","0.00"
"US1FLPT0026","INTERLACHEN 3.6 NNE, FL US","29.662232","-81.870032","37.5","2021-07-20","0.35"
"US1FLPT0026","INTERLACHEN 3.6 NNE, FL US","29.662232","-81.870032","37.5","2021-07-21","0.34"
"US1FLPT0024","SAN MATEO 2.5 SE, FL US","29.588724","-81.548748","14.3","2021-07-04","0.36"
"US1FLPT0024","SAN MATEO 2.5 SE, FL US","29.588724","-81.548748","14.3","2021-07-05","0.02"
"US1FLPT0024","SAN MATEO 2.5 SE, FL US","29.588724","-81.548748","14.3","2021-07-06","0.00"
"US1FLPT0024","SAN MATEO 2.5 SE, FL US","29.588724","-81.548748","14.3","2021-07-07","0.98"
"US1FLPT0024","SAN MATEO 2.5 SE, FL US","29.588724","-81.548748","14.3","2021-07-08","0.13"
"US1FLPT0024","SAN MATEO 2.5 SE, FL US","29.588724","-81.548748","14.3","2021-07-09","0.00"
"US1FLPT0024","SAN MATEO 2.5 SE, FL US","29.588724","-81.548748","14.3","2021-07-10","0.00"
"US1FLPT0024","SAN MATEO 2.5 SE, FL US","29.588724","-81.548748","14.3","2021-07-11","0.15"
"US1FLPT0024","SAN MATEO 2.5 SE, FL US","29.588724","-81.548748","14.3","2021-07-12","0.40"
"US1FLPT0024","SAN MATEO 2.5 SE, FL US","29.588724","-81.548748","14.3","2021-07-13","0.00"
"US1FLPT0024","SAN MATEO 2.5 SE, FL US","29.588724","-81.548748","14.3","2021-07-14","0.00"
"US1FLPT0024","SAN MATEO 2.5 SE, FL US","29.588724","-81.548748","14.3","2021-07-15","0.00"
"US1FLPT0024","SAN MATEO 2.5 SE, FL US","29.588724","-81.548748","14.3","2021-07-16","0.00"
"US1FLPT0024","SAN MATEO 2.5 SE, FL US","29.588724","-81.548748","14.3","2021-07-17","0.00"
"US1FLPT0024","SAN MATEO 2.5 SE, FL US","29.588724","-81.548748","14.3","2021-07-18","0.00"
"US1FLPT0024","SAN MATEO 2.5 SE, FL US","29.588724","-81.548748","14.3","2021-07-19","0.89"
"US1FLPT0024","SAN MATEO 2.5 SE, FL US","29.588724","-81.548748","14.3","2021-07-20","0.00"
"US1FLPT0024","SAN MATEO 2.5 SE, FL US","29.588724","-81.548748","14.3","2021-07-21","0.75"
"US1FLPT0021","CRESCENT CITY 2.0 N, FL US","29.466098","-81.520957","4.6","2021-07-04","0.00"
"US1FLPT0021","CRESCENT CITY 2.0 N, FL US","29.466098","-81.520957","4.6","2021-07-05","0.98"
"US1FLPT0021","CRESCENT CITY 2.0 N, FL US","29.466098","-81.520957","4.6","2021-07-07","0.18"
"US1FLPT0021","CRESCENT CITY 2.0 N, FL US","29.466098","-81.520957","4.6","2021-07-08","1.10"
"US1FLPT0021","CRESCENT CITY 2.0 N, FL US","29.466098","-81.520957","4.6","2021-07-09","0.00"
"US1FLPT0021","CRESCENT CITY 2.0 N, FL US","29.466098","-81.520957","4.6","2021-07-10","0.00"
"US1FLPT0021","CRESCENT CITY 2.0 N, FL US","29.466098","-81.520957","4.6","2021-07-11","0.00"
"US1FLPT0021","CRESCENT CITY 2.0 N, FL US","29.466098","-81.520957","4.6","2021-07-12","0.91"
"US1FLPT0021","CRESCENT CITY 2.0 N, FL US","29.466098","-81.520957","4.6","2021-07-13","0.02"
"US1FLPT0021","CRESCENT CITY 2.0 N, FL US","29.466098","-81.520957","4.6","2021-07-14","0.00"
"US1FLPT0021","CRESCENT CITY 2.0 N, FL US","29.466098","-81.520957","4.6","2021-07-15","0.12"
"US1FLPT0021","CRESCENT CITY 2.0 N, FL US","29.466098","-81.520957","4.6","2021-07-16","0.00"
"US1FLPT0021","CRESCENT CITY 2.0 N, FL US","29.466098","-81.520957","4.6","2021-07-17","0.00"
"US1FLPT0021","CRESCENT CITY 2.0 N, FL US","29.466098","-81.520957","4.6","2021-07-18","0.00"
"US1FLPT0021","CRESCENT CITY 2.0 N, FL US","29.466098","-81.520957","4.6","2021-07-19","0.02"
"US1FLPT0021","CRESCENT CITY 2.0 N, FL US","29.466098","-81.520957","4.6","2021-07-20","0.25"
"US1FLPT0021","CRESCENT CITY 2.0 N, FL US","29.466098","-81.520957","4.6","2021-07-21","0.03"
"US1FLJF0009","MONTICELLO 4.3 ENE, FL US","30.5576877593994","-83.8015670776367","47.9","2021-07-04","0.03"
"US1FLJF0009","MONTICELLO 4.3 ENE, FL US","30.5576877593994","-83.8015670776367","47.9","2021-07-05","0.00"
"US1FLJF0009","MONTICELLO 4.3 ENE, FL US","30.5576877593994","-83.8015670776367","47.9","2021-07-06","0.37"
"US1FLJF0009","MONTICELLO 4.3 ENE, FL US","30.5576877593994","-83.8015670776367","47.9","2021-07-07","3.23"
"US1FLJF0009","MONTICELLO 4.3 ENE, FL US","30.5576877593994","-83.8015670776367","47.9","2021-07-08","1.31"
"US1FLJF0009","MONTICELLO 4.3 ENE, FL US","30.5576877593994","-83.8015670776367","47.9","2021-07-09","0.05"
"US1FLJF0009","MONTICELLO 4.3 ENE, FL US","30.5576877593994","-83.8015670776367","47.9","2021-07-10","0.08"
"US1FLJF0009","MONTICELLO 4.3 ENE, FL US","30.5576877593994","-83.8015670776367","47.9","2021-07-11","0.09"
"US1FLJF0009","MONTICELLO 4.3 ENE, FL US","30.5576877593994","-83.8015670776367","47.9","2021-07-12","0.00"
"US1FLJF0009","MONTICELLO 4.3 ENE, FL US","30.5576877593994","-83.8015670776367","47.9","2021-07-13","0.13"
"US1FLJF0009","MONTICELLO 4.3 ENE, FL US","30.5576877593994","-83.8015670776367","47.9","2021-07-14","0.00"
"US1FLJF0009","MONTICELLO 4.3 ENE, FL US","30.5576877593994","-83.8015670776367","47.9","2021-07-15","0.14"
"US1FLJF0009","MONTICELLO 4.3 ENE, FL US","30.5576877593994","-83.8015670776367","47.9","2021-07-16","0.00"
"US1FLJF0009","MONTICELLO 4.3 ENE, FL US","30.5576877593994","-83.8015670776367","47.9","2021-07-17","0.00"
"US1FLJF0009","MONTICELLO 4.3 ENE, FL US","30.5576877593994","-83.8015670776367","47.9","2021-07-18","0.00"
"US1FLJF0009","MONTICELLO 4.3 ENE, FL US","30.5576877593994","-83.8015670776367","47.9","2021-07-19","0.07"
"US1FLJF0009","MONTICELLO 4.3 ENE, FL US","30.5576877593994","-83.8015670776367","47.9","2021-07-20","0.17"
"US1FLJF0009","MONTICELLO 4.3 ENE, FL US","30.5576877593994","-83.8015670776367","47.9","2021-07-21","0.56"
"US1FLJF0007","LAMONT 7.7 SW, FL US","30.29251","-83.8973","11.3","2021-07-04","0.08"
"US1FLJF0007","LAMONT 7.7 SW, FL US","30.29251","-83.8973","11.3","2021-07-05","1.05"
"US1FLJF0007","LAMONT 7.7 SW, FL US","30.29251","-83.8973","11.3","2021-07-06","0.00"
"US1FLJF0007","LAMONT 7.7 SW, FL US","30.29251","-83.8973","11.3","2021-07-07","1.40"
"US1FLJF0007","LAMONT 7.7 SW, FL US","30.29251","-83.8973","11.3","2021-07-08","0.36"
"US1FLJF0007","LAMONT 7.7 SW, FL US","30.29251","-83.8973","11.3","2021-07-09","0.04"
"US1FLJF0007","LAMONT 7.7 SW, FL US","30.29251","-83.8973","11.3","2021-07-10","1.10"
"US1FLJF0007","LAMONT 7.7 SW, FL US","30.29251","-83.8973","11.3","2021-07-11","0.00"
"US1FLJF0007","LAMONT 7.7 SW, FL US","30.29251","-83.8973","11.3","2021-07-12","0.00"
"US1FLJF0007","LAMONT 7.7 SW, FL US","30.29251","-83.8973","11.3","2021-07-13","0.20"
"US1FLJF0007","LAMONT 7.7 SW, FL US","30.29251","-83.8973","11.3","2021-07-14","1.60"
"US1FLJF0007","LAMONT 7.7 SW, FL US","30.29251","-83.8973","11.3","2021-07-15","0.00"
"US1FLJF0007","LAMONT 7.7 SW, FL US","30.29251","-83.8973","11.3","2021-07-16","0.00"
"US1FLJF0007","LAMONT 7.7 SW, FL US","30.29251","-83.8973","11.3","2021-07-17","0.00"
"US1FLJF0007","LAMONT 7.7 SW, FL US","30.29251","-83.8973","11.3","2021-07-18","0.06"
"US1FLJF0007","LAMONT 7.7 SW, FL US","30.29251","-83.8973","11.3","2021-07-19","0.09"
"US1FLJF0007","LAMONT 7.7 SW, FL US","30.29251","-83.8973","11.3","2021-07-20","0.70"
"US1FLJF0007","LAMONT 7.7 SW, FL US","30.29251","-83.8973","11.3","2021-07-21","0.68"
"US1FLGL0007","LA BELLE 4.5 NNW, FL US","26.820574","-81.4495","11.9","2021-07-04","0.00"
"US1FLGL0007","LA BELLE 4.5 NNW, FL US","26.820574","-81.4495","11.9","2021-07-05","0.00"
"US1FLGL0007","LA BELLE 4.5 NNW, FL US","26.820574","-81.4495","11.9","2021-07-06","0.12"
"US1FLGL0007","LA BELLE 4.5 NNW, FL US","26.820574","-81.4495","11.9","2021-07-07","0.72"
"US1FLGL0007","LA BELLE 4.5 NNW, FL US","26.820574","-81.4495","11.9","2021-07-08","0.38"
"US1FLGL0007","LA BELLE 4.5 NNW, FL US","26.820574","-81.4495","11.9","2021-07-09","2.72"
"US1FLGL0007","LA BELLE 4.5 NNW, FL US","26.820574","-81.4495","11.9","2021-07-10","0.43"
"US1FLGL0007","LA BELLE 4.5 NNW, FL US","26.820574","-81.4495","11.9","2021-07-11","0.13"
"US1FLGL0007","LA BELLE 4.5 NNW, FL US","26.820574","-81.4495","11.9","2021-07-12","0.00"
"US1FLGL0007","LA BELLE 4.5 NNW, FL US","26.820574","-81.4495","11.9","2021-07-13","0.31"
"US1FLGL0007","LA BELLE 4.5 NNW, FL US","26.820574","-81.4495","11.9","2021-07-14","1.30"
"US1FLGL0007","LA BELLE 4.5 NNW, FL US","26.820574","-81.4495","11.9","2021-07-15","0.66"
"US1FLGL0007","LA BELLE 4.5 NNW, FL US","26.820574","-81.4495","11.9","2021-07-16","0.00"
"US1FLGL0007","LA BELLE 4.5 NNW, FL US","26.820574","-81.4495","11.9","2021-07-17","0.00"
"US1FLGL0007","LA BELLE 4.5 NNW, FL US","26.820574","-81.4495","11.9","2021-07-18","0.85"
"US1FLGL0007","LA BELLE 4.5 NNW, FL US","26.820574","-81.4495","11.9","2021-07-19","0.26"
"US1FLGL0007","LA BELLE 4.5 NNW, FL US","26.820574","-81.4495","11.9","2021-07-20","0.22"
"US1FLGL0007","LA BELLE 4.5 NNW, FL US","26.820574","-81.4495","11.9","2021-07-21","0.12"
"US1FLBV0012","CAPE CANAVERAL 0.6 ESE, FL US","28.3861","-80.6003","6.1","2021-07-04","0.32"
"US1FLBV0012","CAPE CANAVERAL 0.6 ESE, FL US","28.3861","-80.6003","6.1","2021-07-05","2.28"
"US1FLBV0012","CAPE CANAVERAL 0.6 ESE, FL US","28.3861","-80.6003","6.1","2021-07-06","0.37"
"US1FLBV0012","CAPE CANAVERAL 0.6 ESE, FL US","28.3861","-80.6003","6.1","2021-07-07","0.12"
"US1FLBV0012","CAPE CANAVERAL 0.6 ESE, FL US","28.3861","-80.6003","6.1","2021-07-08","0.09"
"US1FLBV0012","CAPE CANAVERAL 0.6 ESE, FL US","28.3861","-80.6003","6.1","2021-07-09","1.51"
"US1FLBV0012","CAPE CANAVERAL 0.6 ESE, FL US","28.3861","-80.6003","6.1","2021-07-10","0.32"
"US1FLBV0012","CAPE CANAVERAL 0.6 ESE, FL US","28.3861","-80.6003","6.1","2021-07-11","0.00"
"US1FLBV0012","CAPE CANAVERAL 0.6 ESE, FL US","28.3861","-80.6003","6.1","2021-07-12","0.00"
"US1FLBV0012","CAPE CANAVERAL 0.6 ESE, FL US","28.3861","-80.6003","6.1","2021-07-13","0.41"
"US1FLBV0012","CAPE CANAVERAL 0.6 ESE, FL US","28.3861","-80.6003","6.1","2021-07-14","0.09"
"US1FLBV0012","CAPE CANAVERAL 0.6 ESE, FL US","28.3861","-80.6003","6.1","2021-07-15","0.42"
"US1FLBV0012","CAPE CANAVERAL 0.6 ESE, FL US","28.3861","-80.6003","6.1","2021-07-16","0.00"
"US1FLBV0012","CAPE CANAVERAL 0.6 ESE, FL US","28.3861","-80.6003","6.1","2021-07-17","0.00"
"US1FLBV0012","CAPE CANAVERAL 0.6 ESE, FL US","28.3861","-80.6003","6.1","2021-07-18","0.00"
"US1FLBV0012","CAPE CANAVERAL 0.6 ESE, FL US","28.3861","-80.6003","6.1","2021-07-19","0.00"
"US1FLBV0012","CAPE CANAVERAL 0.6 ESE, FL US","28.3861","-80.6003","6.1","2021-07-20","0.18"
"US1FLBV0012","CAPE CANAVERAL 0.6 ESE, FL US","28.3861","-80.6003","6.1","2021-07-21","0.00"
"US1FLBV0013","ROCKLEDGE 1.1 WSW, FL US","28.312227","-80.745553","11.9","2021-07-04","0.15"
"US1FLBV0013","ROCKLEDGE 1.1 WSW, FL US","28.312227","-80.745553","11.9","2021-07-05","0.32"
"US1FLBV0013","ROCKLEDGE 1.1 WSW, FL US","28.312227","-80.745553","11.9","2021-07-06","0.60"
"US1FLBV0013","ROCKLEDGE 1.1 WSW, FL US","28.312227","-80.745553","11.9","2021-07-07","0.14"
"US1FLBV0013","ROCKLEDGE 1.1 WSW, FL US","28.312227","-80.745553","11.9","2021-07-08","0.74"
"US1FLBV0013","ROCKLEDGE 1.1 WSW, FL US","28.312227","-80.745553","11.9","2021-07-09","0.72"
"US1FLBV0013","ROCKLEDGE 1.1 WSW, FL US","28.312227","-80.745553","11.9","2021-07-10","0.63"
"US1FLBV0013","ROCKLEDGE 1.1 WSW, FL US","28.312227","-80.745553","11.9","2021-07-11","0.64"
"US1FLBV0013","ROCKLEDGE 1.1 WSW, FL US","28.312227","-80.745553","11.9","2021-07-12","0.00"
"US1FLBV0013","ROCKLEDGE 1.1 WSW, FL US","28.312227","-80.745553","11.9","2021-07-13","0.00"
"US1FLBV0013","ROCKLEDGE 1.1 WSW, FL US","28.312227","-80.745553","11.9","2021-07-14","0.00"
"US1FLBV0013","ROCKLEDGE 1.1 WSW, FL US","28.312227","-80.745553","11.9","2021-07-15","0.05"
"US1FLBV0013","ROCKLEDGE 1.1 WSW, FL US","28.312227","-80.745553","11.9","2021-07-16","0.00"
"US1FLBV0013","ROCKLEDGE 1.1 WSW, FL US","28.312227","-80.745553","11.9","2021-07-17","0.00"
"US1FLBV0013","ROCKLEDGE 1.1 WSW, FL US","28.312227","-80.745553","11.9","2021-07-18","0.00"
"US1FLBV0013","ROCKLEDGE 1.1 WSW, FL US","28.312227","-80.745553","11.9","2021-07-19","0.00"
"US1FLBV0013","ROCKLEDGE 1.1 WSW, FL US","28.312227","-80.745553","11.9","2021-07-20","0.00"
"US1FLBV0013","ROCKLEDGE 1.1 WSW, FL US","28.312227","-80.745553","11.9","2021-07-21","0.32"
"US1FLBV0011","MELBOURNE BEACH 3.9 SSE, FL US","28.0165","-80.5332","0.0","2021-07-04","0.07"
"US1FLBV0011","MELBOURNE BEACH 3.9 SSE, FL US","28.0165","-80.5332","0.0","2021-07-05","0.35"
"US1FLBV0011","MELBOURNE BEACH 3.9 SSE, FL US","28.0165","-80.5332","0.0","2021-07-06","0.24"
"US1FLBV0011","MELBOURNE BEACH 3.9 SSE, FL US","28.0165","-80.5332","0.0","2021-07-07","0.03"
"US1FLBV0011","MELBOURNE BEACH 3.9 SSE, FL US","28.0165","-80.5332","0.0","2021-07-09","0.78"
"US1FLBV0011","MELBOURNE BEACH 3.9 SSE, FL US","28.0165","-80.5332","0.0","2021-07-17","0.13"
"US1FLBV0011","MELBOURNE BEACH 3.9 SSE, FL US","28.0165","-80.5332","0.0","2021-07-20","0.02"
"US1FLBV0011","MELBOURNE BEACH 3.9 SSE, FL US","28.0165","-80.5332","0.0","2021-07-21","0.07"
"US1FLLB0001","TELOGIA 2.5 SE, FL US","30.33","-84.78","29.3","2021-07-06","0.61"
"US1FLLB0001","TELOGIA 2.5 SE, FL US","30.33","-84.78","29.3","2021-07-07","1.27"
"US1FLLB0001","TELOGIA 2.5 SE, FL US","30.33","-84.78","29.3","2021-07-09","1.00"
"US1FLLB0001","TELOGIA 2.5 SE, FL US","30.33","-84.78","29.3","2021-07-11","0.51"
"US1FLLB0001","TELOGIA 2.5 SE, FL US","30.33","-84.78","29.3","2021-07-15","0.22"
"US1FLLB0001","TELOGIA 2.5 SE, FL US","30.33","-84.78","29.3","2021-07-16","0.09"
"US1FLLB0001","TELOGIA 2.5 SE, FL US","30.33","-84.78","29.3","2021-07-17","0.02"
"US1FLLB0001","TELOGIA 2.5 SE, FL US","30.33","-84.78","29.3","2021-07-18","1.90"
"US1FLLB0001","TELOGIA 2.5 SE, FL US","30.33","-84.78","29.3","2021-07-19","2.25"
"US1FLLB0001","TELOGIA 2.5 SE, FL US","30.33","-84.78","29.3","2021-07-21","0.06"
"US1FLPT0012","FLORAHOME 4.1 NNE, FL US","29.783161","-81.848668","29.9","2021-07-04","0.01"
"US1FLPT0012","FLORAHOME 4.1 NNE, FL US","29.783161","-81.848668","29.9","2021-07-05","0.31"
"US1FLPT0012","FLORAHOME 4.1 NNE, FL US","29.783161","-81.848668","29.9","2021-07-06","0.00"
"US1FLPT0012","FLORAHOME 4.1 NNE, FL US","29.783161","-81.848668","29.9","2021-07-07","0.13"
"US1FLPT0012","FLORAHOME 4.1 NNE, FL US","29.783161","-81.848668","29.9","2021-07-08","1.83"
"US1FLPT0012","FLORAHOME 4.1 NNE, FL US","29.783161","-81.848668","29.9","2021-07-09","0.00"
"US1FLPT0012","FLORAHOME 4.1 NNE, FL US","29.783161","-81.848668","29.9","2021-07-10","0.29"
"US1FLPT0012","FLORAHOME 4.1 NNE, FL US","29.783161","-81.848668","29.9","2021-07-11","0.00"
"US1FLPT0012","FLORAHOME 4.1 NNE, FL US","29.783161","-81.848668","29.9","2021-07-12","0.43"
"US1FLPT0012","FLORAHOME 4.1 NNE, FL US","29.783161","-81.848668","29.9","2021-07-13","0.03"
"US1FLPT0012","FLORAHOME 4.1 NNE, FL US","29.783161","-81.848668","29.9","2021-07-14","0.53"
"US1FLPT0012","FLORAHOME 4.1 NNE, FL US","29.783161","-81.848668","29.9","2021-07-15","0.00"
"US1FLPT0012","FLORAHOME 4.1 NNE, FL US","29.783161","-81.848668","29.9","2021-07-16","0.00"
"US1FLPT0012","FLORAHOME 4.1 NNE, FL US","29.783161","-81.848668","29.9","2021-07-17","0.00"
"US1FLPT0012","FLORAHOME 4.1 NNE, FL US","29.783161","-81.848668","29.9","2021-07-18","0.00"
"US1FLPT0012","FLORAHOME 4.1 NNE, FL US","29.783161","-81.848668","29.9","2021-07-19","0.00"
"US1FLPT0012","FLORAHOME 4.1 NNE, FL US","29.783161","-81.848668","29.9","2021-07-20","0.44"
"US1FLPT0012","FLORAHOME 4.1 NNE, FL US","29.783161","-81.848668","29.9","2021-07-21","0.09"
"US1FLES0015","GONZALEZ 2.1 E, FL US","30.568513","-87.254739","21.9","2021-07-04","0.15"
"US1FLES0015","GONZALEZ 2.1 E, FL US","30.568513","-87.254739","21.9","2021-07-05","0.11"
"US1FLES0015","GONZALEZ 2.1 E, FL US","30.568513","-87.254739","21.9","2021-07-06","0.16"
"US1FLES0015","GONZALEZ 2.1 E, FL US","30.568513","-87.254739","21.9","2021-07-07","1.13"
"US1FLES0015","GONZALEZ 2.1 E, FL US","30.568513","-87.254739","21.9","2021-07-08","0.02"
"US1FLES0015","GONZALEZ 2.1 E, FL US","30.568513","-87.254739","21.9","2021-07-09","0.00"
"US1FLES0015","GONZALEZ 2.1 E, FL US","30.568513","-87.254739","21.9","2021-07-10","1.78"
"US1FLES0015","GONZALEZ 2.1 E, FL US","30.568513","-87.254739","21.9","2021-07-11","0.64"
"US1FLES0015","GONZALEZ 2.1 E, FL US","30.568513","-87.254739","21.9","2021-07-12","0.74"
"US1FLES0015","GONZALEZ 2.1 E, FL US","30.568513","-87.254739","21.9","2021-07-13","0.88"
"US1FLES0015","GONZALEZ 2.1 E, FL US","30.568513","-87.254739","21.9","2021-07-14","0.02"
"US1FLES0015","GONZALEZ 2.1 E, FL US","30.568513","-87.254739","21.9","2021-07-15","0.00"
"US1FLES0015","GONZALEZ 2.1 E, FL US","30.568513","-87.254739","21.9","2021-07-16","0.03"
"US1FLES0015","GONZALEZ 2.1 E, FL US","30.568513","-87.254739","21.9","2021-07-17","0.04"
"US1FLES0015","GONZALEZ 2.1 E, FL US","30.568513","-87.254739","21.9","2021-07-18","0.02"
"US1FLES0015","GONZALEZ 2.1 E, FL US","30.568513","-87.254739","21.9","2021-07-19","0.47"
"US1FLES0015","GONZALEZ 2.1 E, FL US","30.568513","-87.254739","21.9","2021-07-20","0.93"
"US1FLES0015","GONZALEZ 2.1 E, FL US","30.568513","-87.254739","21.9","2021-07-21","0.36"
"US1FLPT0010","INTERLACHEN 1.3 SW, FL US","29.604582","-81.914339","27.1","2021-07-05","0.75"
"US1FLPT0010","INTERLACHEN 1.3 SW, FL US","29.604582","-81.914339","27.1","2021-07-06","0.10"
"US1FLPT0010","INTERLACHEN 1.3 SW, FL US","29.604582","-81.914339","27.1","2021-07-07","0.80"
"US1FLPT0010","INTERLACHEN 1.3 SW, FL US","29.604582","-81.914339","27.1","2021-07-08","1.80"
"US1FLPT0010","INTERLACHEN 1.3 SW, FL US","29.604582","-81.914339","27.1","2021-07-20","0.20"
"US1FLPT0010","INTERLACHEN 1.3 SW, FL US","29.604582","-81.914339","27.1","2021-07-21","0.00"
"US1FLBV0047","ROCKLEDGE 1.8 NNE, FL US","28.3452","-80.7217","2.1","2021-07-04","0.18"
"US1FLBV0047","ROCKLEDGE 1.8 NNE, FL US","28.3452","-80.7217","2.1","2021-07-05","0.40"
"US1FLBV0047","ROCKLEDGE 1.8 NNE, FL US","28.3452","-80.7217","2.1","2021-07-06","0.22"
"US1FLBV0047","ROCKLEDGE 1.8 NNE, FL US","28.3452","-80.7217","2.1","2021-07-07","0.01"
"US1FLBV0047","ROCKLEDGE 1.8 NNE, FL US","28.3452","-80.7217","2.1","2021-07-08","0.28"
"US1FLBV0047","ROCKLEDGE 1.8 NNE, FL US","28.3452","-80.7217","2.1","2021-07-19",
"US1FLBV0047","ROCKLEDGE 1.8 NNE, FL US","28.3452","-80.7217","2.1","2021-07-20","0.01"
"US1FLBV0047","ROCKLEDGE 1.8 NNE, FL US","28.3452","-80.7217","2.1","2021-07-21","0.06"
"USW00092806","ST PETERSBURG ALBERT WHITTED AIRPORT, FL US","27.76847","-82.62568","1.3","2021-07-04","0.00"
"USW00092806","ST PETERSBURG ALBERT WHITTED AIRPORT, FL US","27.76847","-82.62568","1.3","2021-07-05","0.02"
"USW00092806","ST PETERSBURG ALBERT WHITTED AIRPORT, FL US","27.76847","-82.62568","1.3","2021-07-06","0.47"
"USW00092806","ST PETERSBURG ALBERT WHITTED AIRPORT, FL US","27.76847","-82.62568","1.3","2021-07-07","1.89"
"USW00092806","ST PETERSBURG ALBERT WHITTED AIRPORT, FL US","27.76847","-82.62568","1.3","2021-07-08","0.00"
"USW00092806","ST PETERSBURG ALBERT WHITTED AIRPORT, FL US","27.76847","-82.62568","1.3","2021-07-09","0.00"
"USW00092806","ST PETERSBURG ALBERT WHITTED AIRPORT, FL US","27.76847","-82.62568","1.3","2021-07-10","0.00"
"USW00092806","ST PETERSBURG ALBERT WHITTED AIRPORT, FL US","27.76847","-82.62568","1.3","2021-07-11","0.00"
"USW00092806","ST PETERSBURG ALBERT WHITTED AIRPORT, FL US","27.76847","-82.62568","1.3","2021-07-12","0.05"
"USW00092806","ST PETERSBURG ALBERT WHITTED AIRPORT, FL US","27.76847","-82.62568","1.3","2021-07-13","0.07"
"USW00092806","ST PETERSBURG ALBERT WHITTED AIRPORT, FL US","27.76847","-82.62568","1.3","2021-07-14","0.00"
"USW00092806","ST PETERSBURG ALBERT WHITTED AIRPORT, FL US","27.76847","-82.62568","1.3","2021-07-15","0.00"
"USW00092806","ST PETERSBURG ALBERT WHITTED AIRPORT, FL US","27.76847","-82.62568","1.3","2021-07-16","0.00"
"USW00092806","ST PETERSBURG ALBERT WHITTED AIRPORT, FL US","27.76847","-82.62568","1.3","2021-07-17","0.00"
"USW00092806","ST PETERSBURG ALBERT WHITTED AIRPORT, FL US","27.76847","-82.62568","1.3","2021-07-18","0.00"
"USW00092806","ST PETERSBURG ALBERT WHITTED AIRPORT, FL US","27.76847","-82.62568","1.3","2021-07-19","0.00"
"USW00092806","ST PETERSBURG ALBERT WHITTED AIRPORT, FL US","27.76847","-82.62568","1.3","2021-07-20","0.00"
"USW00092806","ST PETERSBURG ALBERT WHITTED AIRPORT, FL US","27.76847","-82.62568","1.3","2021-07-21","0.00"
"US1FLMD0007","SUNSET 2.4 SW, FL US","25.683459","-80.381546","11.0","2021-07-04","0.00"
"US1FLMD0007","SUNSET 2.4 SW, FL US","25.683459","-80.381546","11.0","2021-07-05","0.01"
"US1FLMD0007","SUNSET 2.4 SW, FL US","25.683459","-80.381546","11.0","2021-07-06","1.33"
"US1FLMD0007","SUNSET 2.4 SW, FL US","25.683459","-80.381546","11.0","2021-07-07","0.38"
"US1FLMD0007","SUNSET 2.4 SW, FL US","25.683459","-80.381546","11.0","2021-07-08","0.00"
"US1FLMD0007","SUNSET 2.4 SW, FL US","25.683459","-80.381546","11.0","2021-07-09","0.00"
"US1FLMD0007","SUNSET 2.4 SW, FL US","25.683459","-80.381546","11.0","2021-07-10","0.00"
"US1FLMD0007","SUNSET 2.4 SW, FL US","25.683459","-80.381546","11.0","2021-07-11","0.79"
"US1FLMD0007","SUNSET 2.4 SW, FL US","25.683459","-80.381546","11.0","2021-07-12","0.14"
"US1FLMD0007","SUNSET 2.4 SW, FL US","25.683459","-80.381546","11.0","2021-07-13","0.32"
"US1FLMD0007","SUNSET 2.4 SW, FL US","25.683459","-80.381546","11.0","2021-07-14","0.47"
"US1FLMD0007","SUNSET 2.4 SW, FL US","25.683459","-80.381546","11.0","2021-07-15","0.11"
"US1FLMD0007","SUNSET 2.4 SW, FL US","25.683459","-80.381546","11.0","2021-07-16","0.35"
"US1FLMD0007","SUNSET 2.4 SW, FL US","25.683459","-80.381546","11.0","2021-07-17","0.12"
"US1FLMD0007","SUNSET 2.4 SW, FL US","25.683459","-80.381546","11.0","2021-07-18","0.22"
"US1FLMD0007","SUNSET 2.4 SW, FL US","25.683459","-80.381546","11.0","2021-07-19","0.00"
"US1FLMD0007","SUNSET 2.4 SW, FL US","25.683459","-80.381546","11.0","2021-07-20","0.00"
"US1FLMD0007","SUNSET 2.4 SW, FL US","25.683459","-80.381546","11.0","2021-07-21","1.76"
"USC00088368","SOUTH BAY 15 S, FL US","26.47","-80.6402","6.1","2021-07-04","0.00"
"USC00088368","SOUTH BAY 15 S, FL US","26.47","-80.6402","6.1","2021-07-05","1.00"
"USC00088368","SOUTH BAY 15 S, FL US","26.47","-80.6402","6.1","2021-07-06","0.28"
"USC00088368","SOUTH BAY 15 S, FL US","26.47","-80.6402","6.1","2021-07-07","0.00"
"USC00088368","SOUTH BAY 15 S, FL US","26.47","-80.6402","6.1","2021-07-08","0.00"
"USC00088368","SOUTH BAY 15 S, FL US","26.47","-80.6402","6.1","2021-07-09","0.00"
"USC00088368","SOUTH BAY 15 S, FL US","26.47","-80.6402","6.1","2021-07-10","0.00"
"USC00088368","SOUTH BAY 15 S, FL US","26.47","-80.6402","6.1","2021-07-11","0.00"
"USC00088368","SOUTH BAY 15 S, FL US","26.47","-80.6402","6.1","2021-07-12","0.60"
"USC00088368","SOUTH BAY 15 S, FL US","26.47","-80.6402","6.1","2021-07-13","0.00"
"USC00088368","SOUTH BAY 15 S, FL US","26.47","-80.6402","6.1","2021-07-14","0.00"
"USC00088368","SOUTH BAY 15 S, FL US","26.47","-80.6402","6.1","2021-07-15","0.15"
"USC00088368","SOUTH BAY 15 S, FL US","26.47","-80.6402","6.1","2021-07-16","0.00"
"USC00088368","SOUTH BAY 15 S, FL US","26.47","-80.6402","6.1","2021-07-20",
"USC00088368","SOUTH BAY 15 S, FL US","26.47","-80.6402","6.1","2021-07-21","0.10"
"USW00092805","POMPANO BEACH AIRPARK, FL US","26.24636","-80.11105","4.6","2021-07-04","0.00"
"USW00092805","POMPANO BEACH AIRPARK, FL US","26.24636","-80.11105","4.6","2021-07-05","0.36"
"USW00092805","POMPANO BEACH AIRPARK, FL US","26.24636","-80.11105","4.6","2021-07-06","0.04"
"USW00092805","POMPANO BEACH AIRPARK, FL US","26.24636","-80.11105","4.6","2021-07-07","0.00"
"USW00092805","POMPANO BEACH AIRPARK, FL US","26.24636","-80.11105","4.6","2021-07-08","0.00"
"USW00092805","POMPANO BEACH AIRPARK, FL US","26.24636","-80.11105","4.6","2021-07-09","0.01"
"USW00092805","POMPANO BEACH AIRPARK, FL US","26.24636","-80.11105","4.6","2021-07-10","0.49"
"USW00092805","POMPANO BEACH AIRPARK, FL US","26.24636","-80.11105","4.6","2021-07-11","0.01"
"USW00092805","POMPANO BEACH AIRPARK, FL US","26.24636","-80.11105","4.6","2021-07-12","0.48"
"USW00092805","POMPANO BEACH AIRPARK, FL US","26.24636","-80.11105","4.6","2021-07-13","0.38"
"USW00092805","POMPANO BEACH AIRPARK, FL US","26.24636","-80.11105","4.6","2021-07-14","0.08"
"USW00092805","POMPANO BEACH AIRPARK, FL US","26.24636","-80.11105","4.6","2021-07-15","0.00"
"USW00092805","POMPANO BEACH AIRPARK, FL US","26.24636","-80.11105","4.6","2021-07-16","0.00"
"USW00092805","POMPANO BEACH AIRPARK, FL US","26.24636","-80.11105","4.6","2021-07-17","0.01"
"USW00092805","POMPANO BEACH AIRPARK, FL US","26.24636","-80.11105","4.6","2021-07-18","0.04"
"USW00092805","POMPANO BEACH AIRPARK, FL US","26.24636","-80.11105","4.6","2021-07-19","0.08"
"USW00092805","POMPANO BEACH AIRPARK, FL US","26.24636","-80.11105","4.6","2021-07-20","0.04"
"USW00092805","POMPANO BEACH AIRPARK, FL US","26.24636","-80.11105","4.6","2021-07-21","0.00"
"USC00085099","LIVE OAK, FL US","30.3074","-82.99364","40.2","2021-07-04","0.00"
"USC00085099","LIVE OAK, FL US","30.3074","-82.99364","40.2","2021-07-05","0.00"
"USC00085099","LIVE OAK, FL US","30.3074","-82.99364","40.2","2021-07-06","0.60"
"USC00085099","LIVE OAK, FL US","30.3074","-82.99364","40.2","2021-07-07","4.24"
"USC00085099","LIVE OAK, FL US","30.3074","-82.99364","40.2","2021-07-08","0.00"
"USC00085099","LIVE OAK, FL US","30.3074","-82.99364","40.2","2021-07-09","0.11"
"USC00085099","LIVE OAK, FL US","30.3074","-82.99364","40.2","2021-07-10","0.01"
"USC00085099","LIVE OAK, FL US","30.3074","-82.99364","40.2","2021-07-11","0.00"
"USC00085099","LIVE OAK, FL US","30.3074","-82.99364","40.2","2021-07-12","0.00"
"USC00085099","LIVE OAK, FL US","30.3074","-82.99364","40.2","2021-07-13","0.26"
"USC00085099","LIVE OAK, FL US","30.3074","-82.99364","40.2","2021-07-14","0.00"
"USC00085099","LIVE OAK, FL US","30.3074","-82.99364","40.2","2021-07-15","0.19"
"USC00085099","LIVE OAK, FL US","30.3074","-82.99364","40.2","2021-07-16","0.00"
"USC00085099","LIVE OAK, FL US","30.3074","-82.99364","40.2","2021-07-17","0.00"
"USC00085099","LIVE OAK, FL US","30.3074","-82.99364","40.2","2021-07-18","0.17"
"USC00085099","LIVE OAK, FL US","30.3074","-82.99364","40.2","2021-07-19","0.57"
"USC00085099","LIVE OAK, FL US","30.3074","-82.99364","40.2","2021-07-20","0.58"
"USC00085099","LIVE OAK, FL US","30.3074","-82.99364","40.2","2021-07-21","0.22"
"USC00089219","VERO BEACH 4 SE, FL US","27.6527","-80.403","6.1","2021-07-04","0.39"
"USC00089219","VERO BEACH 4 SE, FL US","27.6527","-80.403","6.1","2021-07-05","0.00"
"USC00089219","VERO BEACH 4 SE, FL US","27.6527","-80.403","6.1","2021-07-06","0.25"
"USC00089219","VERO BEACH 4 SE, FL US","27.6527","-80.403","6.1","2021-07-07","0.01"
"USC00089219","VERO BEACH 4 SE, FL US","27.6527","-80.403","6.1","2021-07-08","0.12"
"USC00089219","VERO BEACH 4 SE, FL US","27.6527","-80.403","6.1","2021-07-09","0.00"
"USC00089219","VERO BEACH 4 SE, FL US","27.6527","-80.403","6.1","2021-07-10","0.90"
"USC00089219","VERO BEACH 4 SE, FL US","27.6527","-80.403","6.1","2021-07-11","0.00"
"USC00089219","VERO BEACH 4 SE, FL US","27.6527","-80.403","6.1","2021-07-12","0.00"
"USC00089219","VERO BEACH 4 SE, FL US","27.6527","-80.403","6.1","2021-07-13","0.12"
"USC00089219","VERO BEACH 4 SE, FL US","27.6527","-80.403","6.1","2021-07-14","0.00"
"USC00089219","VERO BEACH 4 SE, FL US","27.6527","-80.403","6.1","2021-07-15","0.00"
"USC00089219","VERO BEACH 4 SE, FL US","27.6527","-80.403","6.1","2021-07-16",
"USC00089219","VERO BEACH 4 SE, FL US","27.6527","-80.403","6.1","2021-07-17","0.02"
"USC00089219","VERO BEACH 4 SE, FL US","27.6527","-80.403","6.1","2021-07-18","0.00"
"USC00089219","VERO BEACH 4 SE, FL US","27.6527","-80.403","6.1","2021-07-19","0.00"
"USC00089219","VERO BEACH 4 SE, FL US","27.6527","-80.403","6.1","2021-07-20","0.00"
"USC00089219","VERO BEACH 4 SE, FL US","27.6527","-80.403","6.1","2021-07-21","0.25"
"US1FLMD0003","LINDGREN ACRES 0.5 WSW, FL US","25.6682","-80.4087","7.9","2021-07-04","0.00"
"US1FLMD0003","LINDGREN ACRES 0.5 WSW, FL US","25.6682","-80.4087","7.9","2021-07-05","0.01"
"US1FLMD0003","LINDGREN ACRES 0.5 WSW, FL US","25.6682","-80.4087","7.9","2021-07-06","1.47"
"US1FLMD0003","LINDGREN ACRES 0.5 WSW, FL US","25.6682","-80.4087","7.9","2021-07-07","0.37"
"US1FLMD0003","LINDGREN ACRES 0.5 WSW, FL US","25.6682","-80.4087","7.9","2021-07-08","0.00"
"US1FLMD0003","LINDGREN ACRES 0.5 WSW, FL US","25.6682","-80.4087","7.9","2021-07-09","0.17"
"US1FLMD0003","LINDGREN ACRES 0.5 WSW, FL US","25.6682","-80.4087","7.9","2021-07-10","0.02"
"US1FLMD0003","LINDGREN ACRES 0.5 WSW, FL US","25.6682","-80.4087","7.9","2021-07-11","0.78"
"US1FLMD0003","LINDGREN ACRES 0.5 WSW, FL US","25.6682","-80.4087","7.9","2021-07-16",
"US1FLMD0003","LINDGREN ACRES 0.5 WSW, FL US","25.6682","-80.4087","7.9","2021-07-17","0.09"
"US1FLMD0003","LINDGREN ACRES 0.5 WSW, FL US","25.6682","-80.4087","7.9","2021-07-18","0.48"
"US1FLMD0003","LINDGREN ACRES 0.5 WSW, FL US","25.6682","-80.4087","7.9","2021-07-19","0.65"
"US1FLMD0003","LINDGREN ACRES 0.5 WSW, FL US","25.6682","-80.4087","7.9","2021-07-20","0.00"
"US1FLMD0003","LINDGREN ACRES 0.5 WSW, FL US","25.6682","-80.4087","7.9","2021-07-21","0.87"
"US1FLOR0047","WINTER GARDEN 2.8 SSE, FL US","28.526237","-81.561228","39.0","2021-07-07","0.87"
"US1FLOR0047","WINTER GARDEN 2.8 SSE, FL US","28.526237","-81.561228","39.0","2021-07-08","0.09"
"US1FLOR0047","WINTER GARDEN 2.8 SSE, FL US","28.526237","-81.561228","39.0","2021-07-09","0.78"
"US1FLOR0046","ORLANDO 2.2 WNW, FL US","28.5139054","-81.409581","31.4","2021-07-04","1.13"
"US1FLOR0046","ORLANDO 2.2 WNW, FL US","28.5139054","-81.409581","31.4","2021-07-05","0.07"
"US1FLOR0046","ORLANDO 2.2 WNW, FL US","28.5139054","-81.409581","31.4","2021-07-06","0.51"
"US1FLOR0046","ORLANDO 2.2 WNW, FL US","28.5139054","-81.409581","31.4","2021-07-07","0.00"
"US1FLOR0046","ORLANDO 2.2 WNW, FL US","28.5139054","-81.409581","31.4","2021-07-08","0.94"
"US1FLOR0046","ORLANDO 2.2 WNW, FL US","28.5139054","-81.409581","31.4","2021-07-09","0.62"
"US1FLOR0046","ORLANDO 2.2 WNW, FL US","28.5139054","-81.409581","31.4","2021-07-10","0.00"
"US1FLOR0046","ORLANDO 2.2 WNW, FL US","28.5139054","-81.409581","31.4","2021-07-11","0.00"
"US1FLOR0046","ORLANDO 2.2 WNW, FL US","28.5139054","-81.409581","31.4","2021-07-12","0.00"
"US1FLOR0046","ORLANDO 2.2 WNW, FL US","28.5139054","-81.409581","31.4","2021-07-13","0.27"
"US1FLOR0046","ORLANDO 2.2 WNW, FL US","28.5139054","-81.409581","31.4","2021-07-14","0.00"
"US1FLOR0046","ORLANDO 2.2 WNW, FL US","28.5139054","-81.409581","31.4","2021-07-15","0.62"
"US1FLOR0046","ORLANDO 2.2 WNW, FL US","28.5139054","-81.409581","31.4","2021-07-16","0.00"
"US1FLOR0046","ORLANDO 2.2 WNW, FL US","28.5139054","-81.409581","31.4","2021-07-17","0.00"
"US1FLOR0046","ORLANDO 2.2 WNW, FL US","28.5139054","-81.409581","31.4","2021-07-18","0.00"
"US1FLOR0046","ORLANDO 2.2 WNW, FL US","28.5139054","-81.409581","31.4","2021-07-19","0.00"
"US1FLOR0046","ORLANDO 2.2 WNW, FL US","28.5139054","-81.409581","31.4","2021-07-20","0.28"
"US1FLOR0046","ORLANDO 2.2 WNW, FL US","28.5139054","-81.409581","31.4","2021-07-21","0.52"
"USW00092809","HOLLYWOOD NORTH PERRY AIRPORT, FL US","25.99956","-80.24119","1.9","2021-07-04","0.00"
"USW00092809","HOLLYWOOD NORTH PERRY AIRPORT, FL US","25.99956","-80.24119","1.9","2021-07-05","0.24"
"USW00092809","HOLLYWOOD NORTH PERRY AIRPORT, FL US","25.99956","-80.24119","1.9","2021-07-06","0.37"
"USW00092809","HOLLYWOOD NORTH PERRY AIRPORT, FL US","25.99956","-80.24119","1.9","2021-07-07","0.02"
"USW00092809","HOLLYWOOD NORTH PERRY AIRPORT, FL US","25.99956","-80.24119","1.9","2021-07-08","0.21"
"USW00092809","HOLLYWOOD NORTH PERRY AIRPORT, FL US","25.99956","-80.24119","1.9","2021-07-09","0.03"
"USW00092809","HOLLYWOOD NORTH PERRY AIRPORT, FL US","25.99956","-80.24119","1.9","2021-07-10","0.00"
"USW00092809","HOLLYWOOD NORTH PERRY AIRPORT, FL US","25.99956","-80.24119","1.9","2021-07-11","0.01"
"USW00092809","HOLLYWOOD NORTH PERRY AIRPORT, FL US","25.99956","-80.24119","1.9","2021-07-12","0.01"
"USW00092809","HOLLYWOOD NORTH PERRY AIRPORT, FL US","25.99956","-80.24119","1.9","2021-07-13","0.65"
"USW00092809","HOLLYWOOD NORTH PERRY AIRPORT, FL US","25.99956","-80.24119","1.9","2021-07-14","0.20"
"USW00092809","HOLLYWOOD NORTH PERRY AIRPORT, FL US","25.99956","-80.24119","1.9","2021-07-15","0.01"
"USW00092809","HOLLYWOOD NORTH PERRY AIRPORT, FL US","25.99956","-80.24119","1.9","2021-07-16","0.07"
"USW00092809","HOLLYWOOD NORTH PERRY AIRPORT, FL US","25.99956","-80.24119","1.9","2021-07-17","0.09"
"USW00092809","HOLLYWOOD NORTH PERRY AIRPORT, FL US","25.99956","-80.24119","1.9","2021-07-18","0.00"
"USW00092809","HOLLYWOOD NORTH PERRY AIRPORT, FL US","25.99956","-80.24119","1.9","2021-07-19","0.00"
"USW00092809","HOLLYWOOD NORTH PERRY AIRPORT, FL US","25.99956","-80.24119","1.9","2021-07-20","0.51"
"USW00092809","HOLLYWOOD NORTH PERRY AIRPORT, FL US","25.99956","-80.24119","1.9","2021-07-21","0.00"
"US1FLOR0043","APOPKA 3.5 ESE, FL US","28.66696","-81.460861","32.6","2021-07-04","0.00"
"US1FLOR0043","APOPKA 3.5 ESE, FL US","28.66696","-81.460861","32.6","2021-07-05","0.07"
"US1FLOR0043","APOPKA 3.5 ESE, FL US","28.66696","-81.460861","32.6","2021-07-06","0.72"
"US1FLOR0043","APOPKA 3.5 ESE, FL US","28.66696","-81.460861","32.6","2021-07-07","1.00"
"US1FLOR0043","APOPKA 3.5 ESE, FL US","28.66696","-81.460861","32.6","2021-07-08","0.05"
"US1FLOR0043","APOPKA 3.5 ESE, FL US","28.66696","-81.460861","32.6","2021-07-09","0.72"
"US1FLOR0043","APOPKA 3.5 ESE, FL US","28.66696","-81.460861","32.6","2021-07-10","0.00"
"US1FLOR0043","APOPKA 3.5 ESE, FL US","28.66696","-81.460861","32.6","2021-07-11","0.00"
"US1FLOR0043","APOPKA 3.5 ESE, FL US","28.66696","-81.460861","32.6","2021-07-12","0.02"
"US1FLOR0043","APOPKA 3.5 ESE, FL US","28.66696","-81.460861","32.6","2021-07-13","0.18"
"US1FLOR0043","APOPKA 3.5 ESE, FL US","28.66696","-81.460861","32.6","2021-07-14","0.00"
"US1FLOR0043","APOPKA 3.5 ESE, FL US","28.66696","-81.460861","32.6","2021-07-15","0.01"
"US1FLOR0043","APOPKA 3.5 ESE, FL US","28.66696","-81.460861","32.6","2021-07-16","0.00"
"US1FLOR0043","APOPKA 3.5 ESE, FL US","28.66696","-81.460861","32.6","2021-07-20",
"US1FLOR0043","APOPKA 3.5 ESE, FL US","28.66696","-81.460861","32.6","2021-07-21","1.23"
"US1FLPT0007","SATSUMA 4.0 NE, FL US","29.5909","-81.6063","3.0","2021-07-04","0.00"
"US1FLPT0007","SATSUMA 4.0 NE, FL US","29.5909","-81.6063","3.0","2021-07-05","0.18"
"US1FLPT0007","SATSUMA 4.0 NE, FL US","29.5909","-81.6063","3.0","2021-07-06","0.00"
"US1FLPT0007","SATSUMA 4.0 NE, FL US","29.5909","-81.6063","3.0","2021-07-07","0.05"
"US1FLPT0007","SATSUMA 4.0 NE, FL US","29.5909","-81.6063","3.0","2021-07-08","0.94"
"US1FLPT0007","SATSUMA 4.0 NE, FL US","29.5909","-81.6063","3.0","2021-07-09","0.18"
"US1FLPT0007","SATSUMA 4.0 NE, FL US","29.5909","-81.6063","3.0","2021-07-10","0.00"
"US1FLPT0007","SATSUMA 4.0 NE, FL US","29.5909","-81.6063","3.0","2021-07-11","0.00"
"US1FLPT0007","SATSUMA 4.0 NE, FL US","29.5909","-81.6063","3.0","2021-07-12","1.11"
"US1FLPT0007","SATSUMA 4.0 NE, FL US","29.5909","-81.6063","3.0","2021-07-13","0.06"
"US1FLPT0007","SATSUMA 4.0 NE, FL US","29.5909","-81.6063","3.0","2021-07-15","0.00"
"US1FLPT0007","SATSUMA 4.0 NE, FL US","29.5909","-81.6063","3.0","2021-07-16","0.00"
"US1FLPT0007","SATSUMA 4.0 NE, FL US","29.5909","-81.6063","3.0","2021-07-17","0.00"
"US1FLPT0007","SATSUMA 4.0 NE, FL US","29.5909","-81.6063","3.0","2021-07-18","0.00"
"US1FLPT0007","SATSUMA 4.0 NE, FL US","29.5909","-81.6063","3.0","2021-07-19","0.00"
"US1FLPT0007","SATSUMA 4.0 NE, FL US","29.5909","-81.6063","3.0","2021-07-20","0.40"
"US1FLPT0007","SATSUMA 4.0 NE, FL US","29.5909","-81.6063","3.0","2021-07-21","1.05"
"US1FLPT0008","EAST PALATKA 3.5 NNW, FL US","29.696167","-81.626432","2.1","2021-07-04","0.02"
"US1FLPT0008","EAST PALATKA 3.5 NNW, FL US","29.696167","-81.626432","2.1","2021-07-05","0.35"
"US1FLPT0008","EAST PALATKA 3.5 NNW, FL US","29.696167","-81.626432","2.1","2021-07-06","0.02"
"US1FLPT0008","EAST PALATKA 3.5 NNW, FL US","29.696167","-81.626432","2.1","2021-07-07","0.04"
"US1FLPT0008","EAST PALATKA 3.5 NNW, FL US","29.696167","-81.626432","2.1","2021-07-08","1.16"
"US1FLPT0008","EAST PALATKA 3.5 NNW, FL US","29.696167","-81.626432","2.1","2021-07-09","0.12"
"US1FLPT0008","EAST PALATKA 3.5 NNW, FL US","29.696167","-81.626432","2.1","2021-07-10","0.01"
"US1FLPT0008","EAST PALATKA 3.5 NNW, FL US","29.696167","-81.626432","2.1","2021-07-11","0.00"
"US1FLPT0008","EAST PALATKA 3.5 NNW, FL US","29.696167","-81.626432","2.1","2021-07-12","0.25"
"US1FLPT0008","EAST PALATKA 3.5 NNW, FL US","29.696167","-81.626432","2.1","2021-07-13","0.28"
"US1FLPT0008","EAST PALATKA 3.5 NNW, FL US","29.696167","-81.626432","2.1","2021-07-14","0.00"
"US1FLPT0008","EAST PALATKA 3.5 NNW, FL US","29.696167","-81.626432","2.1","2021-07-15","0.00"
"US1FLPT0008","EAST PALATKA 3.5 NNW, FL US","29.696167","-81.626432","2.1","2021-07-16","0.00"
"US1FLPT0008","EAST PALATKA 3.5 NNW, FL US","29.696167","-81.626432","2.1","2021-07-17","0.00"
"US1FLPT0008","EAST PALATKA 3.5 NNW, FL US","29.696167","-81.626432","2.1","2021-07-18","0.01"
"US1FLPT0008","EAST PALATKA 3.5 NNW, FL US","29.696167","-81.626432","2.1","2021-07-19","0.00"
"US1FLPT0008","EAST PALATKA 3.5 NNW, FL US","29.696167","-81.626432","2.1","2021-07-20","0.02"
"US1FLPT0008","EAST PALATKA 3.5 NNW, FL US","29.696167","-81.626432","2.1","2021-07-21","0.07"
"US1FLPT0004","SATSUMA 0.2 WSW, FL US","29.5516586","-81.6578598","28.0","2021-07-04","0.00"
"US1FLPT0004","SATSUMA 0.2 WSW, FL US","29.5516586","-81.6578598","28.0","2021-07-05","0.24"
"US1FLPT0004","SATSUMA 0.2 WSW, FL US","29.5516586","-81.6578598","28.0","2021-07-06","0.02"
"US1FLPT0004","SATSUMA 0.2 WSW, FL US","29.5516586","-81.6578598","28.0","2021-07-08",
"US1FLPT0004","SATSUMA 0.2 WSW, FL US","29.5516586","-81.6578598","28.0","2021-07-09","0.22"
"US1FLPT0004","SATSUMA 0.2 WSW, FL US","29.5516586","-81.6578598","28.0","2021-07-10","0.00"
"US1FLPT0004","SATSUMA 0.2 WSW, FL US","29.5516586","-81.6578598","28.0","2021-07-11","0.00"
"US1FLPT0004","SATSUMA 0.2 WSW, FL US","29.5516586","-81.6578598","28.0","2021-07-12","0.22"
"US1FLPT0004","SATSUMA 0.2 WSW, FL US","29.5516586","-81.6578598","28.0","2021-07-13","0.02"
"US1FLPT0004","SATSUMA 0.2 WSW, FL US","29.5516586","-81.6578598","28.0","2021-07-14","0.00"
"US1FLPT0004","SATSUMA 0.2 WSW, FL US","29.5516586","-81.6578598","28.0","2021-07-15","0.00"
"US1FLPT0004","SATSUMA 0.2 WSW, FL US","29.5516586","-81.6578598","28.0","2021-07-20",
"US1FLPT0004","SATSUMA 0.2 WSW, FL US","29.5516586","-81.6578598","28.0","2021-07-21","0.17"
"USC00087261","NEW SMYRNA BEACH MARINE DISCOVERY CENTER, FL US","29.0361","-80.918","4.9","2021-07-04",
"USC00087261","NEW SMYRNA BEACH MARINE DISCOVERY CENTER, FL US","29.0361","-80.918","4.9","2021-07-05",
"USC00087261","NEW SMYRNA BEACH MARINE DISCOVERY CENTER, FL US","29.0361","-80.918","4.9","2021-07-06",
"USC00087261","NEW SMYRNA BEACH MARINE DISCOVERY CENTER, FL US","29.0361","-80.918","4.9","2021-07-07","0.31"
"USC00087261","NEW SMYRNA BEACH MARINE DISCOVERY CENTER, FL US","29.0361","-80.918","4.9","2021-07-08","0.05"
"USC00087261","NEW SMYRNA BEACH MARINE DISCOVERY CENTER, FL US","29.0361","-80.918","4.9","2021-07-09","1.34"
"USC00087261","NEW SMYRNA BEACH MARINE DISCOVERY CENTER, FL US","29.0361","-80.918","4.9","2021-07-10","0.47"
"USC00087261","NEW SMYRNA BEACH MARINE DISCOVERY CENTER, FL US","29.0361","-80.918","4.9","2021-07-11",
"USC00087261","NEW SMYRNA BEACH MARINE DISCOVERY CENTER, FL US","29.0361","-80.918","4.9","2021-07-12",
"USC00087261","NEW SMYRNA BEACH MARINE DISCOVERY CENTER, FL US","29.0361","-80.918","4.9","2021-07-13","0.35"
"USC00087261","NEW SMYRNA BEACH MARINE DISCOVERY CENTER, FL US","29.0361","-80.918","4.9","2021-07-14","0.00"
"USC00087261","NEW SMYRNA BEACH MARINE DISCOVERY CENTER, FL US","29.0361","-80.918","4.9","2021-07-15","0.01"
"USC00087261","NEW SMYRNA BEACH MARINE DISCOVERY CENTER, FL US","29.0361","-80.918","4.9","2021-07-16","0.14"
"USC00087261","NEW SMYRNA BEACH MARINE DISCOVERY CENTER, FL US","29.0361","-80.918","4.9","2021-07-17","0.00"
"USC00087261","NEW SMYRNA BEACH MARINE DISCOVERY CENTER, FL US","29.0361","-80.918","4.9","2021-07-18","0.00"
"USC00087261","NEW SMYRNA BEACH MARINE DISCOVERY CENTER, FL US","29.0361","-80.918","4.9","2021-07-19",
"USC00087261","NEW SMYRNA BEACH MARINE DISCOVERY CENTER, FL US","29.0361","-80.918","4.9","2021-07-20",
"USC00087261","NEW SMYRNA BEACH MARINE DISCOVERY CENTER, FL US","29.0361","-80.918","4.9","2021-07-21",
"US1FLBV0038","TITUSVILLE 3.5 NW, FL US","28.6282","-80.8572","12.2","2021-07-04","0.40"
"US1FLBV0038","TITUSVILLE 3.5 NW, FL US","28.6282","-80.8572","12.2","2021-07-05","0.15"
"US1FLBV0038","TITUSVILLE 3.5 NW, FL US","28.6282","-80.8572","12.2","2021-07-07","0.24"
"US1FLBV0038","TITUSVILLE 3.5 NW, FL US","28.6282","-80.8572","12.2","2021-07-08","0.28"
"US1FLBV0038","TITUSVILLE 3.5 NW, FL US","28.6282","-80.8572","12.2","2021-07-09","0.31"
"US1FLBV0038","TITUSVILLE 3.5 NW, FL US","28.6282","-80.8572","12.2","2021-07-10","1.41"
"US1FLBV0038","TITUSVILLE 3.5 NW, FL US","28.6282","-80.8572","12.2","2021-07-11","0.04"
"US1FLBV0038","TITUSVILLE 3.5 NW, FL US","28.6282","-80.8572","12.2","2021-07-12","0.32"
"US1FLBV0038","TITUSVILLE 3.5 NW, FL US","28.6282","-80.8572","12.2","2021-07-13","0.68"
"US1FLBV0038","TITUSVILLE 3.5 NW, FL US","28.6282","-80.8572","12.2","2021-07-14","0.03"
"US1FLBV0038","TITUSVILLE 3.5 NW, FL US","28.6282","-80.8572","12.2","2021-07-15","0.25"
"US1FLBV0038","TITUSVILLE 3.5 NW, FL US","28.6282","-80.8572","12.2","2021-07-16","0.00"
"US1FLBV0038","TITUSVILLE 3.5 NW, FL US","28.6282","-80.8572","12.2","2021-07-18","0.00"
"US1FLBV0038","TITUSVILLE 3.5 NW, FL US","28.6282","-80.8572","12.2","2021-07-20","1.31"
"US1FLBV0038","TITUSVILLE 3.5 NW, FL US","28.6282","-80.8572","12.2","2021-07-21","0.01"
"US1FLBV0036","MERRIT ISLAND 9.1 N, FL US","28.479253","-80.709267","1.2","2021-07-07","0.32"
"US1FLBV0036","MERRIT ISLAND 9.1 N, FL US","28.479253","-80.709267","1.2","2021-07-11","0.32"
"US1FLBV0036","MERRIT ISLAND 9.1 N, FL US","28.479253","-80.709267","1.2","2021-07-13","0.23"
"US1FLBV0036","MERRIT ISLAND 9.1 N, FL US","28.479253","-80.709267","1.2","2021-07-14","0.00"
"US1FLBV0036","MERRIT ISLAND 9.1 N, FL US","28.479253","-80.709267","1.2","2021-07-17","0.00"
"US1FLBV0036","MERRIT ISLAND 9.1 N, FL US","28.479253","-80.709267","1.2","2021-07-18","0.00"
"US1FLBV0036","MERRIT ISLAND 9.1 N, FL US","28.479253","-80.709267","1.2","2021-07-19","0.00"
"US1FLBV0036","MERRIT ISLAND 9.1 N, FL US","28.479253","-80.709267","1.2","2021-07-20","0.20"
"USC00087020","PERRINE 4 W, FL US","25.5819","-80.4361","3.0","2021-07-04","0.00"
"USC00087020","PERRINE 4 W, FL US","25.5819","-80.4361","3.0","2021-07-05","0.06"
"USC00087020","PERRINE 4 W, FL US","25.5819","-80.4361","3.0","2021-07-06","0.76"
"USC00087020","PERRINE 4 W, FL US","25.5819","-80.4361","3.0","2021-07-07","0.14"
"USC00087020","PERRINE 4 W, FL US","25.5819","-80.4361","3.0","2021-07-08","0.00"
"USC00087020","PERRINE 4 W, FL US","25.5819","-80.4361","3.0","2021-07-09","0.00"
"USC00087020","PERRINE 4 W, FL US","25.5819","-80.4361","3.0","2021-07-10","0.28"
"USC00087020","PERRINE 4 W, FL US","25.5819","-80.4361","3.0","2021-07-11","0.09"
"USC00087020","PERRINE 4 W, FL US","25.5819","-80.4361","3.0","2021-07-12","0.12"
"USC00087020","PERRINE 4 W, FL US","25.5819","-80.4361","3.0","2021-07-13","0.58"
"USC00087020","PERRINE 4 W, FL US","25.5819","-80.4361","3.0","2021-07-14","0.32"
"USC00087020","PERRINE 4 W, FL US","25.5819","-80.4361","3.0","2021-07-15","0.27"
"USC00087020","PERRINE 4 W, FL US","25.5819","-80.4361","3.0","2021-07-16","0.00"
"USC00087020","PERRINE 4 W, FL US","25.5819","-80.4361","3.0","2021-07-17","0.04"
"USC00087020","PERRINE 4 W, FL US","25.5819","-80.4361","3.0","2021-07-18","0.00"
"USC00087020","PERRINE 4 W, FL US","25.5819","-80.4361","3.0","2021-07-19","0.00"
"USC00087020","PERRINE 4 W, FL US","25.5819","-80.4361","3.0","2021-07-20","0.00"
"USC00087020","PERRINE 4 W, FL US","25.5819","-80.4361","3.0","2021-07-21","1.00"
"USC00087025","PERRY, FL US","30.09256","-83.57095","13.7","2021-07-04","1.35"
"USC00087025","PERRY, FL US","30.09256","-83.57095","13.7","2021-07-05","0.22"
"USC00087025","PERRY, FL US","30.09256","-83.57095","13.7","2021-07-06","0.00"
"USC00087025","PERRY, FL US","30.09256","-83.57095","13.7","2021-07-07","2.73"
"USC00087025","PERRY, FL US","30.09256","-83.57095","13.7","2021-07-08","0.08"
"USC00087025","PERRY, FL US","30.09256","-83.57095","13.7","2021-07-09","0.16"
"USC00087025","PERRY, FL US","30.09256","-83.57095","13.7","2021-07-10","0.35"
"USC00087025","PERRY, FL US","30.09256","-83.57095","13.7","2021-07-11","0.00"
"USC00087025","PERRY, FL US","30.09256","-83.57095","13.7","2021-07-12","0.40"
"USC00087025","PERRY, FL US","30.09256","-83.57095","13.7","2021-07-13","0.00"
"USC00087025","PERRY, FL US","30.09256","-83.57095","13.7","2021-07-14","0.10"
"USC00087025","PERRY, FL US","30.09256","-83.57095","13.7","2021-07-15","0.15"
"USC00087025","PERRY, FL US","30.09256","-83.57095","13.7","2021-07-16","0.00"
"USC00087025","PERRY, FL US","30.09256","-83.57095","13.7","2021-07-17","0.00"
"USC00087025","PERRY, FL US","30.09256","-83.57095","13.7","2021-07-18","0.28"
"USC00087025","PERRY, FL US","30.09256","-83.57095","13.7","2021-07-19","0.03"
"USC00087025","PERRY, FL US","30.09256","-83.57095","13.7","2021-07-20","1.02"
"USC00087025","PERRY, FL US","30.09256","-83.57095","13.7","2021-07-21","1.08"
"US1FLBW0067","DAVIE 2.6 WSW, FL US","26.0645198822021","-80.3256072998047","2.4","2021-07-04","0.00"
"US1FLBW0067","DAVIE 2.6 WSW, FL US","26.0645198822021","-80.3256072998047","2.4","2021-07-05","0.00"
"US1FLBW0067","DAVIE 2.6 WSW, FL US","26.0645198822021","-80.3256072998047","2.4","2021-07-06","0.83"
"US1FLBW0067","DAVIE 2.6 WSW, FL US","26.0645198822021","-80.3256072998047","2.4","2021-07-07","0.71"
"US1FLBW0067","DAVIE 2.6 WSW, FL US","26.0645198822021","-80.3256072998047","2.4","2021-07-08","0.01"
"US1FLBW0067","DAVIE 2.6 WSW, FL US","26.0645198822021","-80.3256072998047","2.4","2021-07-09","0.41"
"US1FLBW0067","DAVIE 2.6 WSW, FL US","26.0645198822021","-80.3256072998047","2.4","2021-07-10","0.07"
"US1FLBW0067","DAVIE 2.6 WSW, FL US","26.0645198822021","-80.3256072998047","2.4","2021-07-11","0.13"
"US1FLBW0067","DAVIE 2.6 WSW, FL US","26.0645198822021","-80.3256072998047","2.4","2021-07-12","0.63"
"US1FLBW0067","DAVIE 2.6 WSW, FL US","26.0645198822021","-80.3256072998047","2.4","2021-07-13","0.55"
"US1FLBW0067","DAVIE 2.6 WSW, FL US","26.0645198822021","-80.3256072998047","2.4","2021-07-14","0.81"
"US1FLBW0067","DAVIE 2.6 WSW, FL US","26.0645198822021","-80.3256072998047","2.4","2021-07-15","0.05"
"USW00092814","ST AUGUSTINE AIRPORT, FL US","29.95917","-81.33972","3.0","2021-07-04","0.60"
"USW00092814","ST AUGUSTINE AIRPORT, FL US","29.95917","-81.33972","3.0","2021-07-05","0.00"
"USW00092814","ST AUGUSTINE AIRPORT, FL US","29.95917","-81.33972","3.0","2021-07-06","0.00"
"USW00092814","ST AUGUSTINE AIRPORT, FL US","29.95917","-81.33972","3.0","2021-07-07","0.74"
"USW00092814","ST AUGUSTINE AIRPORT, FL US","29.95917","-81.33972","3.0","2021-07-08","1.15"
"USW00092814","ST AUGUSTINE AIRPORT, FL US","29.95917","-81.33972","3.0","2021-07-09","0.00"
"USW00092814","ST AUGUSTINE AIRPORT, FL US","29.95917","-81.33972","3.0","2021-07-10","0.00"
"USW00092814","ST AUGUSTINE AIRPORT, FL US","29.95917","-81.33972","3.0","2021-07-11","0.16"
"USW00092814","ST AUGUSTINE AIRPORT, FL US","29.95917","-81.33972","3.0","2021-07-12","0.00"
"USW00092814","ST AUGUSTINE AIRPORT, FL US","29.95917","-81.33972","3.0","2021-07-13","0.56"
"USW00092814","ST AUGUSTINE AIRPORT, FL US","29.95917","-81.33972","3.0","2021-07-14","0.00"
"USW00092814","ST AUGUSTINE AIRPORT, FL US","29.95917","-81.33972","3.0","2021-07-15","0.00"
"USW00092814","ST AUGUSTINE AIRPORT, FL US","29.95917","-81.33972","3.0","2021-07-16","0.00"
"USW00092814","ST AUGUSTINE AIRPORT, FL US","29.95917","-81.33972","3.0","2021-07-17","0.00"
"USW00092814","ST AUGUSTINE AIRPORT, FL US","29.95917","-81.33972","3.0","2021-07-18","0.00"
"USW00092814","ST AUGUSTINE AIRPORT, FL US","29.95917","-81.33972","3.0","2021-07-19","1.82"
"USW00092814","ST AUGUSTINE AIRPORT, FL US","29.95917","-81.33972","3.0","2021-07-20","0.43"
"USW00092814","ST AUGUSTINE AIRPORT, FL US","29.95917","-81.33972","3.0","2021-07-21","0.34"
"US1FLOR0027","ORLANDO 4.9 N, FL US","28.5743007659912","-81.385139465332","31.1","2021-07-04","0.47"
"US1FLOR0027","ORLANDO 4.9 N, FL US","28.5743007659912","-81.385139465332","31.1","2021-07-05","0.04"
"US1FLOR0027","ORLANDO 4.9 N, FL US","28.5743007659912","-81.385139465332","31.1","2021-07-06","0.38"
"US1FLOR0027","ORLANDO 4.9 N, FL US","28.5743007659912","-81.385139465332","31.1","2021-07-07","0.76"
"US1FLOR0027","ORLANDO 4.9 N, FL US","28.5743007659912","-81.385139465332","31.1","2021-07-08","0.18"
"US1FLOR0027","ORLANDO 4.9 N, FL US","28.5743007659912","-81.385139465332","31.1","2021-07-09","0.99"
"US1FLOR0027","ORLANDO 4.9 N, FL US","28.5743007659912","-81.385139465332","31.1","2021-07-10","0.00"
"US1FLOR0027","ORLANDO 4.9 N, FL US","28.5743007659912","-81.385139465332","31.1","2021-07-11","0.09"
"US1FLOR0027","ORLANDO 4.9 N, FL US","28.5743007659912","-81.385139465332","31.1","2021-07-12","0.17"
"US1FLOR0027","ORLANDO 4.9 N, FL US","28.5743007659912","-81.385139465332","31.1","2021-07-13","0.72"
"US1FLOR0027","ORLANDO 4.9 N, FL US","28.5743007659912","-81.385139465332","31.1","2021-07-14","0.26"
"US1FLOR0027","ORLANDO 4.9 N, FL US","28.5743007659912","-81.385139465332","31.1","2021-07-15","0.19"
"US1FLOR0027","ORLANDO 4.9 N, FL US","28.5743007659912","-81.385139465332","31.1","2021-07-16","0.00"
"US1FLOR0027","ORLANDO 4.9 N, FL US","28.5743007659912","-81.385139465332","31.1","2021-07-17","0.00"
"US1FLOR0027","ORLANDO 4.9 N, FL US","28.5743007659912","-81.385139465332","31.1","2021-07-18","0.02"
"US1FLOR0027","ORLANDO 4.9 N, FL US","28.5743007659912","-81.385139465332","31.1","2021-07-19","0.00"
"US1FLOR0027","ORLANDO 4.9 N, FL US","28.5743007659912","-81.385139465332","31.1","2021-07-20","0.02"
"US1FLOR0027","ORLANDO 4.9 N, FL US","28.5743007659912","-81.385139465332","31.1","2021-07-21","1.05"
"US1FLOR0026","ORLANDO 4.8 NNW, FL US","28.5722484588623","-81.3958358764648","30.2","2021-07-04","0.48"
"US1FLOR0026","ORLANDO 4.8 NNW, FL US","28.5722484588623","-81.3958358764648","30.2","2021-07-05","0.09"
"US1FLOR0026","ORLANDO 4.8 NNW, FL US","28.5722484588623","-81.3958358764648","30.2","2021-07-06","0.25"
"US1FLOR0026","ORLANDO 4.8 NNW, FL US","28.5722484588623","-81.3958358764648","30.2","2021-07-07","0.88"
"US1FLOR0026","ORLANDO 4.8 NNW, FL US","28.5722484588623","-81.3958358764648","30.2","2021-07-08","0.03"
"US1FLOR0026","ORLANDO 4.8 NNW, FL US","28.5722484588623","-81.3958358764648","30.2","2021-07-09","1.28"
"US1FLOR0026","ORLANDO 4.8 NNW, FL US","28.5722484588623","-81.3958358764648","30.2","2021-07-10","0.00"
"US1FLOR0026","ORLANDO 4.8 NNW, FL US","28.5722484588623","-81.3958358764648","30.2","2021-07-11","0.13"
"US1FLOR0026","ORLANDO 4.8 NNW, FL US","28.5722484588623","-81.3958358764648","30.2","2021-07-12","0.07"
"US1FLOR0026","ORLANDO 4.8 NNW, FL US","28.5722484588623","-81.3958358764648","30.2","2021-07-13","0.79"
"US1FLOR0026","ORLANDO 4.8 NNW, FL US","28.5722484588623","-81.3958358764648","30.2","2021-07-14","0.15"
"US1FLOR0026","ORLANDO 4.8 NNW, FL US","28.5722484588623","-81.3958358764648","30.2","2021-07-15","0.25"
"US1FLOR0026","ORLANDO 4.8 NNW, FL US","28.5722484588623","-81.3958358764648","30.2","2021-07-16","0.00"
"US1FLOR0026","ORLANDO 4.8 NNW, FL US","28.5722484588623","-81.3958358764648","30.2","2021-07-17","0.00"
"US1FLOR0026","ORLANDO 4.8 NNW, FL US","28.5722484588623","-81.3958358764648","30.2","2021-07-18","0.00"
"US1FLOR0026","ORLANDO 4.8 NNW, FL US","28.5722484588623","-81.3958358764648","30.2","2021-07-19","0.00"
"US1FLOR0026","ORLANDO 4.8 NNW, FL US","28.5722484588623","-81.3958358764648","30.2","2021-07-20","0.07"
"US1FLOR0026","ORLANDO 4.8 NNW, FL US","28.5722484588623","-81.3958358764648","30.2","2021-07-21","1.39"
"USW00092811","MIAMI BEACH, FL US","25.8063","-80.1334","2.4","2021-07-04","0.00"
"USW00092811","MIAMI BEACH, FL US","25.8063","-80.1334","2.4","2021-07-05","0.00"
"USW00092811","MIAMI BEACH, FL US","25.8063","-80.1334","2.4","2021-07-06","1.39"
"USW00092811","MIAMI BEACH, FL US","25.8063","-80.1334","2.4","2021-07-07","0.41"
"USW00092811","MIAMI BEACH, FL US","25.8063","-80.1334","2.4","2021-07-08","0.00"
"USW00092811","MIAMI BEACH, FL US","25.8063","-80.1334","2.4","2021-07-09","0.00"
"USW00092811","MIAMI BEACH, FL US","25.8063","-80.1334","2.4","2021-07-10","0.00"
"USW00092811","MIAMI BEACH, FL US","25.8063","-80.1334","2.4","2021-07-11","0.30"
"USW00092811","MIAMI BEACH, FL US","25.8063","-80.1334","2.4","2021-07-12","0.00"
"USW00092811","MIAMI BEACH, FL US","25.8063","-80.1334","2.4","2021-07-13","2.01"
"USW00092811","MIAMI BEACH, FL US","25.8063","-80.1334","2.4","2021-07-14","1.51"
"USW00092811","MIAMI BEACH, FL US","25.8063","-80.1334","2.4","2021-07-15","0.00"
"USW00092811","MIAMI BEACH, FL US","25.8063","-80.1334","2.4","2021-07-16","0.00"
"USW00092811","MIAMI BEACH, FL US","25.8063","-80.1334","2.4","2021-07-17","0.00"
"USW00092811","MIAMI BEACH, FL US","25.8063","-80.1334","2.4","2021-07-18","0.00"
"USW00092811","MIAMI BEACH, FL US","25.8063","-80.1334","2.4","2021-07-19","0.00"
"USW00092811","MIAMI BEACH, FL US","25.8063","-80.1334","2.4","2021-07-20","0.00"
"USW00092811","MIAMI BEACH, FL US","25.8063","-80.1334","2.4","2021-07-21","0.00"
"US1FLOR0034","OCOEE 1.4 N, FL US","28.592667","-81.5285","51.2","2021-07-04","0.65"
"US1FLOR0034","OCOEE 1.4 N, FL US","28.592667","-81.5285","51.2","2021-07-05","0.03"
"US1FLOR0034","OCOEE 1.4 N, FL US","28.592667","-81.5285","51.2","2021-07-06","1.07"
"US1FLOR0034","OCOEE 1.4 N, FL US","28.592667","-81.5285","51.2","2021-07-07","1.24"
"US1FLOR0034","OCOEE 1.4 N, FL US","28.592667","-81.5285","51.2","2021-07-08","0.14"
"US1FLOR0034","OCOEE 1.4 N, FL US","28.592667","-81.5285","51.2","2021-07-09","0.59"
"US1FLOR0034","OCOEE 1.4 N, FL US","28.592667","-81.5285","51.2","2021-07-10","0.00"
"US1FLOR0034","OCOEE 1.4 N, FL US","28.592667","-81.5285","51.2","2021-07-11","0.00"
"US1FLOR0034","OCOEE 1.4 N, FL US","28.592667","-81.5285","51.2","2021-07-12","0.02"
"US1FLOR0034","OCOEE 1.4 N, FL US","28.592667","-81.5285","51.2","2021-07-13","0.02"
"US1FLOR0034","OCOEE 1.4 N, FL US","28.592667","-81.5285","51.2","2021-07-14","0.00"
"US1FLOR0034","OCOEE 1.4 N, FL US","28.592667","-81.5285","51.2","2021-07-15","0.12"
"US1FLOR0034","OCOEE 1.4 N, FL US","28.592667","-81.5285","51.2","2021-07-16","0.00"
"US1FLOR0034","OCOEE 1.4 N, FL US","28.592667","-81.5285","51.2","2021-07-17","0.00"
"US1FLOR0034","OCOEE 1.4 N, FL US","28.592667","-81.5285","51.2","2021-07-18","0.00"
"US1FLOR0034","OCOEE 1.4 N, FL US","28.592667","-81.5285","51.2","2021-07-19","0.00"
"US1FLOR0034","OCOEE 1.4 N, FL US","28.592667","-81.5285","51.2","2021-07-20","0.00"
"US1FLOR0034","OCOEE 1.4 N, FL US","28.592667","-81.5285","51.2","2021-07-21","0.04"
"US1FLOR0033","ORLANDO 7.2 WNW, FL US","28.572876","-81.491422","36.9","2021-07-06","2.03"
"US1FLOR0035","BAY LAKE 4.1 WSW, FL US","28.356718","-81.633374","37.2","2021-07-04","0.83"
"US1FLOR0035","BAY LAKE 4.1 WSW, FL US","28.356718","-81.633374","37.2","2021-07-05","0.01"
"US1FLOR0035","BAY LAKE 4.1 WSW, FL US","28.356718","-81.633374","37.2","2021-07-06","0.01"
"US1FLOR0035","BAY LAKE 4.1 WSW, FL US","28.356718","-81.633374","37.2","2021-07-07","1.25"
"US1FLOR0035","BAY LAKE 4.1 WSW, FL US","28.356718","-81.633374","37.2","2021-07-08","0.02"
"US1FLOR0035","BAY LAKE 4.1 WSW, FL US","28.356718","-81.633374","37.2","2021-07-09","0.27"
"US1FLOR0035","BAY LAKE 4.1 WSW, FL US","28.356718","-81.633374","37.2","2021-07-10","0.00"
"US1FLOR0035","BAY LAKE 4.1 WSW, FL US","28.356718","-81.633374","37.2","2021-07-11","0.00"
"US1FLOR0035","BAY LAKE 4.1 WSW, FL US","28.356718","-81.633374","37.2","2021-07-12","0.00"
"US1FLOR0035","BAY LAKE 4.1 WSW, FL US","28.356718","-81.633374","37.2","2021-07-13","0.00"
"US1FLOR0035","BAY LAKE 4.1 WSW, FL US","28.356718","-81.633374","37.2","2021-07-14","0.04"
"US1FLOR0035","BAY LAKE 4.1 WSW, FL US","28.356718","-81.633374","37.2","2021-07-15","0.17"
"US1FLOR0035","BAY LAKE 4.1 WSW, FL US","28.356718","-81.633374","37.2","2021-07-16","0.00"
"US1FLOR0035","BAY LAKE 4.1 WSW, FL US","28.356718","-81.633374","37.2","2021-07-17","0.00"
"US1FLOR0035","BAY LAKE 4.1 WSW, FL US","28.356718","-81.633374","37.2","2021-07-18","0.00"
"US1FLOR0035","BAY LAKE 4.1 WSW, FL US","28.356718","-81.633374","37.2","2021-07-19","0.00"
"US1FLOR0035","BAY LAKE 4.1 WSW, FL US","28.356718","-81.633374","37.2","2021-07-20","1.25"
"US1FLOR0035","BAY LAKE 4.1 WSW, FL US","28.356718","-81.633374","37.2","2021-07-21","0.00"
"US1FLOR0030","ORLANDO 12.0 S, FL US","28.3645","-81.4146","26.8","2021-07-04","0.84"
"US1FLOR0030","ORLANDO 12.0 S, FL US","28.3645","-81.4146","26.8","2021-07-05","0.23"
"US1FLOR0030","ORLANDO 12.0 S, FL US","28.3645","-81.4146","26.8","2021-07-06","0.36"
"US1FLOR0030","ORLANDO 12.0 S, FL US","28.3645","-81.4146","26.8","2021-07-07","0.87"
"US1FLOR0030","ORLANDO 12.0 S, FL US","28.3645","-81.4146","26.8","2021-07-08","0.00"
"US1FLOR0030","ORLANDO 12.0 S, FL US","28.3645","-81.4146","26.8","2021-07-09","1.08"
"US1FLOR0030","ORLANDO 12.0 S, FL US","28.3645","-81.4146","26.8","2021-07-10","0.03"
"US1FLOR0030","ORLANDO 12.0 S, FL US","28.3645","-81.4146","26.8","2021-07-11","0.00"
"US1FLOR0030","ORLANDO 12.0 S, FL US","28.3645","-81.4146","26.8","2021-07-12","0.07"
"US1FLOR0030","ORLANDO 12.0 S, FL US","28.3645","-81.4146","26.8","2021-07-13","0.04"
"US1FLOR0030","ORLANDO 12.0 S, FL US","28.3645","-81.4146","26.8","2021-07-14","0.00"
"US1FLOR0030","ORLANDO 12.0 S, FL US","28.3645","-81.4146","26.8","2021-07-15","0.58"
"US1FLOR0030","ORLANDO 12.0 S, FL US","28.3645","-81.4146","26.8","2021-07-16","0.00"
"US1FLOR0030","ORLANDO 12.0 S, FL US","28.3645","-81.4146","26.8","2021-07-17","0.00"
"US1FLOR0030","ORLANDO 12.0 S, FL US","28.3645","-81.4146","26.8","2021-07-18","0.00"
"US1FLOR0030","ORLANDO 12.0 S, FL US","28.3645","-81.4146","26.8","2021-07-19","0.00"
"US1FLOR0030","ORLANDO 12.0 S, FL US","28.3645","-81.4146","26.8","2021-07-20","0.29"
"US1FLOR0030","ORLANDO 12.0 S, FL US","28.3645","-81.4146","26.8","2021-07-21","0.06"
"USC00083909","HIALEAH, FL US","25.82726","-80.28592","3.7","2021-07-08","1.98"
"USC00083909","HIALEAH, FL US","25.82726","-80.28592","3.7","2021-07-09","0.06"
"USC00083909","HIALEAH, FL US","25.82726","-80.28592","3.7","2021-07-10","0.00"
"USC00083909","HIALEAH, FL US","25.82726","-80.28592","3.7","2021-07-11","0.23"
"USC00083909","HIALEAH, FL US","25.82726","-80.28592","3.7","2021-07-12","0.44"
"USC00083909","HIALEAH, FL US","25.82726","-80.28592","3.7","2021-07-13","2.45"
"USC00083909","HIALEAH, FL US","25.82726","-80.28592","3.7","2021-07-14","1.49"
"USC00083909","HIALEAH, FL US","25.82726","-80.28592","3.7","2021-07-15","0.35"
"USC00083909","HIALEAH, FL US","25.82726","-80.28592","3.7","2021-07-16","0.10"
"USC00083909","HIALEAH, FL US","25.82726","-80.28592","3.7","2021-07-17","0.30"
"USC00083909","HIALEAH, FL US","25.82726","-80.28592","3.7","2021-07-18","0.30"
"USC00083909","HIALEAH, FL US","25.82726","-80.28592","3.7","2021-07-19","0.00"
"USC00083909","HIALEAH, FL US","25.82726","-80.28592","3.7","2021-07-20","0.00"
"USC00083909","HIALEAH, FL US","25.82726","-80.28592","3.7","2021-07-21","0.45"
"US1FLCH0017","PUNTA GORDA 1.6 NNW, FL US","26.919731","-82.0653169","0.3","2021-07-04","0.00"
"US1FLCH0017","PUNTA GORDA 1.6 NNW, FL US","26.919731","-82.0653169","0.3","2021-07-05","0.00"
"US1FLCH0017","PUNTA GORDA 1.6 NNW, FL US","26.919731","-82.0653169","0.3","2021-07-06","0.00"
"US1FLCH0017","PUNTA GORDA 1.6 NNW, FL US","26.919731","-82.0653169","0.3","2021-07-07","4.77"
"US1FLES0035","PENSACOLA 13.5 WNW, FL US","30.53197","-87.39213","36.3","2021-07-04","0.00"
"US1FLES0035","PENSACOLA 13.5 WNW, FL US","30.53197","-87.39213","36.3","2021-07-05","0.00"
"US1FLES0035","PENSACOLA 13.5 WNW, FL US","30.53197","-87.39213","36.3","2021-07-06","0.01"
"US1FLES0035","PENSACOLA 13.5 WNW, FL US","30.53197","-87.39213","36.3","2021-07-07","1.11"
"US1FLES0035","PENSACOLA 13.5 WNW, FL US","30.53197","-87.39213","36.3","2021-07-08","0.00"
"US1FLES0035","PENSACOLA 13.5 WNW, FL US","30.53197","-87.39213","36.3","2021-07-09","0.00"
"US1FLES0035","PENSACOLA 13.5 WNW, FL US","30.53197","-87.39213","36.3","2021-07-10","0.38"
"US1FLES0035","PENSACOLA 13.5 WNW, FL US","30.53197","-87.39213","36.3","2021-07-11","0.44"
"US1FLES0035","PENSACOLA 13.5 WNW, FL US","30.53197","-87.39213","36.3","2021-07-12","0.20"
"US1FLES0035","PENSACOLA 13.5 WNW, FL US","30.53197","-87.39213","36.3","2021-07-14","0.00"
"US1FLES0035","PENSACOLA 13.5 WNW, FL US","30.53197","-87.39213","36.3","2021-07-16","0.02"
"US1FLES0035","PENSACOLA 13.5 WNW, FL US","30.53197","-87.39213","36.3","2021-07-17","4.37"
"US1FLES0035","PENSACOLA 13.5 WNW, FL US","30.53197","-87.39213","36.3","2021-07-18","0.00"
"US1FLES0035","PENSACOLA 13.5 WNW, FL US","30.53197","-87.39213","36.3","2021-07-19","0.87"
"US1FLES0035","PENSACOLA 13.5 WNW, FL US","30.53197","-87.39213","36.3","2021-07-20","0.90"
"US1FLES0035","PENSACOLA 13.5 WNW, FL US","30.53197","-87.39213","36.3","2021-07-21","0.23"
"US1FLCH0013","PORT CHARLOTTE 6.2 W, FL US","26.980545","-82.209412","0.9","2021-07-04","0.00"
"US1FLCH0013","PORT CHARLOTTE 6.2 W, FL US","26.980545","-82.209412","0.9","2021-07-05","0.00"
"US1FLCH0013","PORT CHARLOTTE 6.2 W, FL US","26.980545","-82.209412","0.9","2021-07-06","0.03"
"US1FLCH0013","PORT CHARLOTTE 6.2 W, FL US","26.980545","-82.209412","0.9","2021-07-07","8.84"
"US1FLCH0013","PORT CHARLOTTE 6.2 W, FL US","26.980545","-82.209412","0.9","2021-07-08","0.04"
"US1FLCH0013","PORT CHARLOTTE 6.2 W, FL US","26.980545","-82.209412","0.9","2021-07-09","0.00"
"US1FLCH0013","PORT CHARLOTTE 6.2 W, FL US","26.980545","-82.209412","0.9","2021-07-10","0.00"
"US1FLCH0013","PORT CHARLOTTE 6.2 W, FL US","26.980545","-82.209412","0.9","2021-07-11","0.47"
"US1FLCH0013","PORT CHARLOTTE 6.2 W, FL US","26.980545","-82.209412","0.9","2021-07-12","0.12"
"US1FLCH0013","PORT CHARLOTTE 6.2 W, FL US","26.980545","-82.209412","0.9","2021-07-13","0.02"
"US1FLCH0013","PORT CHARLOTTE 6.2 W, FL US","26.980545","-82.209412","0.9","2021-07-14","0.38"
"US1FLCH0013","PORT CHARLOTTE 6.2 W, FL US","26.980545","-82.209412","0.9","2021-07-15","0.34"
"US1FLCH0013","PORT CHARLOTTE 6.2 W, FL US","26.980545","-82.209412","0.9","2021-07-16","0.05"
"US1FLCH0013","PORT CHARLOTTE 6.2 W, FL US","26.980545","-82.209412","0.9","2021-07-17","0.08"
"US1FLCH0013","PORT CHARLOTTE 6.2 W, FL US","26.980545","-82.209412","0.9","2021-07-18","1.93"
"US1FLCH0013","PORT CHARLOTTE 6.2 W, FL US","26.980545","-82.209412","0.9","2021-07-19","0.03"
"US1FLCH0013","PORT CHARLOTTE 6.2 W, FL US","26.980545","-82.209412","0.9","2021-07-20","0.00"
"US1FLCH0013","PORT CHARLOTTE 6.2 W, FL US","26.980545","-82.209412","0.9","2021-07-21","0.00"
"US1FLST0012","THE VILLAGES 4.8 SSW, FL US","28.868717","-81.984241","23.5","2021-07-04","1.06"
"US1FLST0012","THE VILLAGES 4.8 SSW, FL US","28.868717","-81.984241","23.5","2021-07-05","0.69"
"US1FLST0012","THE VILLAGES 4.8 SSW, FL US","28.868717","-81.984241","23.5","2021-07-06","0.00"
"US1FLST0012","THE VILLAGES 4.8 SSW, FL US","28.868717","-81.984241","23.5","2021-07-07","1.10"
"US1FLST0012","THE VILLAGES 4.8 SSW, FL US","28.868717","-81.984241","23.5","2021-07-08","0.35"
"US1FLST0012","THE VILLAGES 4.8 SSW, FL US","28.868717","-81.984241","23.5","2021-07-09","0.80"
"US1FLST0012","THE VILLAGES 4.8 SSW, FL US","28.868717","-81.984241","23.5","2021-07-10","2.07"
"US1FLST0012","THE VILLAGES 4.8 SSW, FL US","28.868717","-81.984241","23.5","2021-07-11","0.00"
"US1FLST0012","THE VILLAGES 4.8 SSW, FL US","28.868717","-81.984241","23.5","2021-07-12","0.00"
"US1FLST0012","THE VILLAGES 4.8 SSW, FL US","28.868717","-81.984241","23.5","2021-07-13","0.04"
"US1FLST0012","THE VILLAGES 4.8 SSW, FL US","28.868717","-81.984241","23.5","2021-07-14","0.00"
"US1FLST0012","THE VILLAGES 4.8 SSW, FL US","28.868717","-81.984241","23.5","2021-07-15","0.19"
"US1FLST0012","THE VILLAGES 4.8 SSW, FL US","28.868717","-81.984241","23.5","2021-07-16","0.00"
"US1FLST0012","THE VILLAGES 4.8 SSW, FL US","28.868717","-81.984241","23.5","2021-07-17","0.00"
"US1FLST0012","THE VILLAGES 4.8 SSW, FL US","28.868717","-81.984241","23.5","2021-07-18","0.00"
"US1FLST0012","THE VILLAGES 4.8 SSW, FL US","28.868717","-81.984241","23.5","2021-07-19","0.08"
"US1FLST0012","THE VILLAGES 4.8 SSW, FL US","28.868717","-81.984241","23.5","2021-07-20","0.22"
"US1FLST0012","THE VILLAGES 4.8 SSW, FL US","28.868717","-81.984241","23.5","2021-07-21","0.00"
"US1FLES0039","CENTURY 12.1 W, FL US","30.96403","-87.46575","69.5","2021-07-04","0.00"
"US1FLES0039","CENTURY 12.1 W, FL US","30.96403","-87.46575","69.5","2021-07-05","0.00"
"US1FLES0039","CENTURY 12.1 W, FL US","30.96403","-87.46575","69.5","2021-07-06","0.00"
"US1FLES0039","CENTURY 12.1 W, FL US","30.96403","-87.46575","69.5","2021-07-07","0.46"
"US1FLES0039","CENTURY 12.1 W, FL US","30.96403","-87.46575","69.5","2021-07-08","0.06"
"US1FLES0039","CENTURY 12.1 W, FL US","30.96403","-87.46575","69.5","2021-07-09","0.03"
"US1FLES0039","CENTURY 12.1 W, FL US","30.96403","-87.46575","69.5","2021-07-10","0.67"
"US1FLES0039","CENTURY 12.1 W, FL US","30.96403","-87.46575","69.5","2021-07-11","1.00"
"US1FLES0039","CENTURY 12.1 W, FL US","30.96403","-87.46575","69.5","2021-07-12","0.30"
"US1FLES0039","CENTURY 12.1 W, FL US","30.96403","-87.46575","69.5","2021-07-13","1.41"
"US1FLES0039","CENTURY 12.1 W, FL US","30.96403","-87.46575","69.5","2021-07-14","0.00"
"US1FLES0039","CENTURY 12.1 W, FL US","30.96403","-87.46575","69.5","2021-07-15","0.00"
"US1FLES0039","CENTURY 12.1 W, FL US","30.96403","-87.46575","69.5","2021-07-16","0.02"
"US1FLES0039","CENTURY 12.1 W, FL US","30.96403","-87.46575","69.5","2021-07-17","0.14"
"US1FLES0039","CENTURY 12.1 W, FL US","30.96403","-87.46575","69.5","2021-07-18","0.10"
"US1FLES0039","CENTURY 12.1 W, FL US","30.96403","-87.46575","69.5","2021-07-19","0.96"
"US1FLES0039","CENTURY 12.1 W, FL US","30.96403","-87.46575","69.5","2021-07-20","0.20"
"US1FLES0039","CENTURY 12.1 W, FL US","30.96403","-87.46575","69.5","2021-07-21","0.61"
"US1FLCH0015","PORT CHARLOTTE 3.3 E, FL US","26.982827","-82.0552","3.0","2021-07-04","0.00"
"US1FLCH0015","PORT CHARLOTTE 3.3 E, FL US","26.982827","-82.0552","3.0","2021-07-05","0.00"
"US1FLCH0015","PORT CHARLOTTE 3.3 E, FL US","26.982827","-82.0552","3.0","2021-07-06","0.00"
"US1FLCH0015","PORT CHARLOTTE 3.3 E, FL US","26.982827","-82.0552","3.0","2021-07-07","4.30"
"US1FLCH0015","PORT CHARLOTTE 3.3 E, FL US","26.982827","-82.0552","3.0","2021-07-08","0.46"
"US1FLCH0015","PORT CHARLOTTE 3.3 E, FL US","26.982827","-82.0552","3.0","2021-07-09","0.00"
"US1FLCH0015","PORT CHARLOTTE 3.3 E, FL US","26.982827","-82.0552","3.0","2021-07-10","0.00"
"US1FLCH0015","PORT CHARLOTTE 3.3 E, FL US","26.982827","-82.0552","3.0","2021-07-11","0.76"
"US1FLCH0015","PORT CHARLOTTE 3.3 E, FL US","26.982827","-82.0552","3.0","2021-07-12","0.32"
"US1FLCH0015","PORT CHARLOTTE 3.3 E, FL US","26.982827","-82.0552","3.0","2021-07-13","0.08"
"US1FLCH0015","PORT CHARLOTTE 3.3 E, FL US","26.982827","-82.0552","3.0","2021-07-14","0.33"
"US1FLCH0015","PORT CHARLOTTE 3.3 E, FL US","26.982827","-82.0552","3.0","2021-07-15","0.18"
"US1FLCH0015","PORT CHARLOTTE 3.3 E, FL US","26.982827","-82.0552","3.0","2021-07-16","0.00"
"US1FLCH0015","PORT CHARLOTTE 3.3 E, FL US","26.982827","-82.0552","3.0","2021-07-17","0.00"
"US1FLCH0015","PORT CHARLOTTE 3.3 E, FL US","26.982827","-82.0552","3.0","2021-07-18","0.92"
"US1FLCH0015","PORT CHARLOTTE 3.3 E, FL US","26.982827","-82.0552","3.0","2021-07-19","0.60"
"US1FLCH0015","PORT CHARLOTTE 3.3 E, FL US","26.982827","-82.0552","3.0","2021-07-20","0.01"
"US1FLCH0015","PORT CHARLOTTE 3.3 E, FL US","26.982827","-82.0552","3.0","2021-07-21","0.00"
"USC00080414","BAHIA HONDA STATE PARK, FL US","24.65963","-81.27473","2.4","2021-07-04","0.00"
"USC00080414","BAHIA HONDA STATE PARK, FL US","24.65963","-81.27473","2.4","2021-07-05",
"USC00080414","BAHIA HONDA STATE PARK, FL US","24.65963","-81.27473","2.4","2021-07-06",
"USC00080414","BAHIA HONDA STATE PARK, FL US","24.65963","-81.27473","2.4","2021-07-07","0.17"
"USC00080414","BAHIA HONDA STATE PARK, FL US","24.65963","-81.27473","2.4","2021-07-08","0.00"
"USC00080414","BAHIA HONDA STATE PARK, FL US","24.65963","-81.27473","2.4","2021-07-09","0.00"
"USC00080414","BAHIA HONDA STATE PARK, FL US","24.65963","-81.27473","2.4","2021-07-10","0.00"
"USC00080414","BAHIA HONDA STATE PARK, FL US","24.65963","-81.27473","2.4","2021-07-11","0.05"
"USC00080414","BAHIA HONDA STATE PARK, FL US","24.65963","-81.27473","2.4","2021-07-12","1.37"
"USC00080414","BAHIA HONDA STATE PARK, FL US","24.65963","-81.27473","2.4","2021-07-13","0.25"
"USC00080414","BAHIA HONDA STATE PARK, FL US","24.65963","-81.27473","2.4","2021-07-14","0.01"
"USC00080414","BAHIA HONDA STATE PARK, FL US","24.65963","-81.27473","2.4","2021-07-15","0.00"
"USC00080414","BAHIA HONDA STATE PARK, FL US","24.65963","-81.27473","2.4","2021-07-16","0.07"
"USC00080414","BAHIA HONDA STATE PARK, FL US","24.65963","-81.27473","2.4","2021-07-17","0.00"
"USC00080414","BAHIA HONDA STATE PARK, FL US","24.65963","-81.27473","2.4","2021-07-18","0.00"
"USC00080414","BAHIA HONDA STATE PARK, FL US","24.65963","-81.27473","2.4","2021-07-19","0.00"
"USC00080414","BAHIA HONDA STATE PARK, FL US","24.65963","-81.27473","2.4","2021-07-20","0.00"
"USC00080414","BAHIA HONDA STATE PARK, FL US","24.65963","-81.27473","2.4","2021-07-21","0.00"
"US1FLOR0059","ORLANDO 0.4 SW, FL US","28.500146","-81.378958","35.1","2021-07-04","1.00"
"US1FLOR0059","ORLANDO 0.4 SW, FL US","28.500146","-81.378958","35.1","2021-07-05","0.11"
"US1FLOR0059","ORLANDO 0.4 SW, FL US","28.500146","-81.378958","35.1","2021-07-06","0.13"
"US1FLOR0059","ORLANDO 0.4 SW, FL US","28.500146","-81.378958","35.1","2021-07-07","0.82"
"US1FLOR0059","ORLANDO 0.4 SW, FL US","28.500146","-81.378958","35.1","2021-07-08","0.14"
"US1FLOR0059","ORLANDO 0.4 SW, FL US","28.500146","-81.378958","35.1","2021-07-09","1.80"
"US1FLOR0059","ORLANDO 0.4 SW, FL US","28.500146","-81.378958","35.1","2021-07-10","0.02"
"US1FLOR0059","ORLANDO 0.4 SW, FL US","28.500146","-81.378958","35.1","2021-07-13","0.20"
"US1FLOR0059","ORLANDO 0.4 SW, FL US","28.500146","-81.378958","35.1","2021-07-14","0.03"
"US1FLOR0059","ORLANDO 0.4 SW, FL US","28.500146","-81.378958","35.1","2021-07-15","0.48"
"US1FLOR0059","ORLANDO 0.4 SW, FL US","28.500146","-81.378958","35.1","2021-07-21","1.08"
"US1FLOR0066","WINDERMERE 4.4 WSW, FL US","28.463643","-81.596881","31.4","2021-07-04","0.69"
"US1FLOR0066","WINDERMERE 4.4 WSW, FL US","28.463643","-81.596881","31.4","2021-07-05","0.31"
"US1FLOR0066","WINDERMERE 4.4 WSW, FL US","28.463643","-81.596881","31.4","2021-07-07","0.80"
"US1FLOR0066","WINDERMERE 4.4 WSW, FL US","28.463643","-81.596881","31.4","2021-07-08","0.02"
"US1FLOR0066","WINDERMERE 4.4 WSW, FL US","28.463643","-81.596881","31.4","2021-07-09","0.20"
"US1FLOR0066","WINDERMERE 4.4 WSW, FL US","28.463643","-81.596881","31.4","2021-07-10","0.28"
"US1FLOR0066","WINDERMERE 4.4 WSW, FL US","28.463643","-81.596881","31.4","2021-07-11","0.00"
"US1FLOR0066","WINDERMERE 4.4 WSW, FL US","28.463643","-81.596881","31.4","2021-07-12","0.02"
"US1FLOR0066","WINDERMERE 4.4 WSW, FL US","28.463643","-81.596881","31.4","2021-07-13","0.48"
"US1FLOR0066","WINDERMERE 4.4 WSW, FL US","28.463643","-81.596881","31.4","2021-07-14","0.00"
"US1FLOR0066","WINDERMERE 4.4 WSW, FL US","28.463643","-81.596881","31.4","2021-07-15","0.10"
"US1FLOR0066","WINDERMERE 4.4 WSW, FL US","28.463643","-81.596881","31.4","2021-07-16","0.00"
"US1FLOR0066","WINDERMERE 4.4 WSW, FL US","28.463643","-81.596881","31.4","2021-07-20","0.03"
"US1FLOR0066","WINDERMERE 4.4 WSW, FL US","28.463643","-81.596881","31.4","2021-07-21","0.03"
"US1FLOR0068","BAY HILL 2.9 SW, FL US","28.444014","-81.554784","37.8","2021-07-04","0.40"
"US1FLOR0068","BAY HILL 2.9 SW, FL US","28.444014","-81.554784","37.8","2021-07-05","0.26"
"US1FLOR0068","BAY HILL 2.9 SW, FL US","28.444014","-81.554784","37.8","2021-07-06","0.06"
"US1FLOR0068","BAY HILL 2.9 SW, FL US","28.444014","-81.554784","37.8","2021-07-07","0.98"
"US1FLOR0068","BAY HILL 2.9 SW, FL US","28.444014","-81.554784","37.8","2021-07-08","0.00"
"US1FLOR0068","BAY HILL 2.9 SW, FL US","28.444014","-81.554784","37.8","2021-07-09","0.27"
"US1FLOR0068","BAY HILL 2.9 SW, FL US","28.444014","-81.554784","37.8","2021-07-10","0.39"
"US1FLOR0068","BAY HILL 2.9 SW, FL US","28.444014","-81.554784","37.8","2021-07-11","0.00"
"US1FLOR0068","BAY HILL 2.9 SW, FL US","28.444014","-81.554784","37.8","2021-07-12","0.00"
"US1FLOR0068","BAY HILL 2.9 SW, FL US","28.444014","-81.554784","37.8","2021-07-13","0.41"
"US1FLOR0068","BAY HILL 2.9 SW, FL US","28.444014","-81.554784","37.8","2021-07-14","0.00"
"US1FLOR0068","BAY HILL 2.9 SW, FL US","28.444014","-81.554784","37.8","2021-07-15","0.24"
"US1FLOR0068","BAY HILL 2.9 SW, FL US","28.444014","-81.554784","37.8","2021-07-16","0.00"
"US1FLOR0068","BAY HILL 2.9 SW, FL US","28.444014","-81.554784","37.8","2021-07-17","0.00"
"US1FLOR0068","BAY HILL 2.9 SW, FL US","28.444014","-81.554784","37.8","2021-07-18","0.00"
"US1FLOR0068","BAY HILL 2.9 SW, FL US","28.444014","-81.554784","37.8","2021-07-19","0.90"
"US1FLOR0068","BAY HILL 2.9 SW, FL US","28.444014","-81.554784","37.8","2021-07-20","0.00"
"US1FLOR0068","BAY HILL 2.9 SW, FL US","28.444014","-81.554784","37.8","2021-07-21","0.00"
"US1FLOR0062","OAKLAND 2.6 SSE, FL US","28.523731","-81.608362","37.8","2021-07-04","0.63"
"US1FLOR0062","OAKLAND 2.6 SSE, FL US","28.523731","-81.608362","37.8","2021-07-05","0.00"
"US1FLOR0062","OAKLAND 2.6 SSE, FL US","28.523731","-81.608362","37.8","2021-07-06","0.01"
"US1FLOR0062","OAKLAND 2.6 SSE, FL US","28.523731","-81.608362","37.8","2021-07-07","0.76"
"US1FLOR0062","OAKLAND 2.6 SSE, FL US","28.523731","-81.608362","37.8","2021-07-08","0.26"
"US1FLOR0062","OAKLAND 2.6 SSE, FL US","28.523731","-81.608362","37.8","2021-07-09","0.40"
"US1FLOR0062","OAKLAND 2.6 SSE, FL US","28.523731","-81.608362","37.8","2021-07-10","0.30"
"US1FLOR0062","OAKLAND 2.6 SSE, FL US","28.523731","-81.608362","37.8","2021-07-11","0.00"
"US1FLOR0062","OAKLAND 2.6 SSE, FL US","28.523731","-81.608362","37.8","2021-07-12","0.01"
"US1FLOR0062","OAKLAND 2.6 SSE, FL US","28.523731","-81.608362","37.8","2021-07-13","0.18"
"US1FLOR0062","OAKLAND 2.6 SSE, FL US","28.523731","-81.608362","37.8","2021-07-14","0.00"
"US1FLOR0062","OAKLAND 2.6 SSE, FL US","28.523731","-81.608362","37.8","2021-07-15","0.72"
"US1FLOR0062","OAKLAND 2.6 SSE, FL US","28.523731","-81.608362","37.8","2021-07-16","0.09"
"US1FLOR0062","OAKLAND 2.6 SSE, FL US","28.523731","-81.608362","37.8","2021-07-17","0.00"
"US1FLOR0062","OAKLAND 2.6 SSE, FL US","28.523731","-81.608362","37.8","2021-07-18","0.08"
"US1FLOR0062","OAKLAND 2.6 SSE, FL US","28.523731","-81.608362","37.8","2021-07-19","0.03"
"US1FLOR0062","OAKLAND 2.6 SSE, FL US","28.523731","-81.608362","37.8","2021-07-20","0.39"
"US1FLOR0062","OAKLAND 2.6 SSE, FL US","28.523731","-81.608362","37.8","2021-07-21","0.03"
"US1FLOR0065","ORLANDO 5.3 ENE, FL US","28.537066","-81.294962","29.3","2021-07-04","0.89"
"US1FLOR0065","ORLANDO 5.3 ENE, FL US","28.537066","-81.294962","29.3","2021-07-05","0.19"
"US1FLOR0065","ORLANDO 5.3 ENE, FL US","28.537066","-81.294962","29.3","2021-07-06","0.00"
"US1FLOR0065","ORLANDO 5.3 ENE, FL US","28.537066","-81.294962","29.3","2021-07-07","0.94"
"US1FLOR0065","ORLANDO 5.3 ENE, FL US","28.537066","-81.294962","29.3","2021-07-08","0.01"
"US1FLOR0065","ORLANDO 5.3 ENE, FL US","28.537066","-81.294962","29.3","2021-07-09","0.49"
"US1FLOR0065","ORLANDO 5.3 ENE, FL US","28.537066","-81.294962","29.3","2021-07-10","0.88"
"US1FLOR0065","ORLANDO 5.3 ENE, FL US","28.537066","-81.294962","29.3","2021-07-11","0.01"
"US1FLOR0065","ORLANDO 5.3 ENE, FL US","28.537066","-81.294962","29.3","2021-07-12","0.02"
"US1FLOR0065","ORLANDO 5.3 ENE, FL US","28.537066","-81.294962","29.3","2021-07-13","0.75"
"US1FLOR0065","ORLANDO 5.3 ENE, FL US","28.537066","-81.294962","29.3","2021-07-14","0.01"
"US1FLOR0065","ORLANDO 5.3 ENE, FL US","28.537066","-81.294962","29.3","2021-07-15","0.17"
"US1FLOR0065","ORLANDO 5.3 ENE, FL US","28.537066","-81.294962","29.3","2021-07-16","0.01"
"US1FLOR0065","ORLANDO 5.3 ENE, FL US","28.537066","-81.294962","29.3","2021-07-18","0.00"
"US1FLOR0065","ORLANDO 5.3 ENE, FL US","28.537066","-81.294962","29.3","2021-07-19","0.01"
"US1FLOR0065","ORLANDO 5.3 ENE, FL US","28.537066","-81.294962","29.3","2021-07-20","0.02"
"US1FLOR0065","ORLANDO 5.3 ENE, FL US","28.537066","-81.294962","29.3","2021-07-21","1.32"
"US1FLBV0067","PALM BAY 4.9 S, FL US","27.914683","-80.652338","7.0","2021-07-04","0.05"
"US1FLBV0067","PALM BAY 4.9 S, FL US","27.914683","-80.652338","7.0","2021-07-05","0.00"
"US1FLBV0067","PALM BAY 4.9 S, FL US","27.914683","-80.652338","7.0","2021-07-06","0.66"
"US1FLBV0067","PALM BAY 4.9 S, FL US","27.914683","-80.652338","7.0","2021-07-07","0.02"
"US1FLBV0067","PALM BAY 4.9 S, FL US","27.914683","-80.652338","7.0","2021-07-08","0.09"
"US1FLBV0067","PALM BAY 4.9 S, FL US","27.914683","-80.652338","7.0","2021-07-09","0.29"
"US1FLBV0067","PALM BAY 4.9 S, FL US","27.914683","-80.652338","7.0","2021-07-10","0.04"
"US1FLBV0067","PALM BAY 4.9 S, FL US","27.914683","-80.652338","7.0","2021-07-11","0.00"
"US1FLBV0067","PALM BAY 4.9 S, FL US","27.914683","-80.652338","7.0","2021-07-12","1.86"
"US1FLBV0067","PALM BAY 4.9 S, FL US","27.914683","-80.652338","7.0","2021-07-13","0.01"
"US1FLBV0067","PALM BAY 4.9 S, FL US","27.914683","-80.652338","7.0","2021-07-14","0.07"
"US1FLBV0067","PALM BAY 4.9 S, FL US","27.914683","-80.652338","7.0","2021-07-15","0.01"
"US1FLBV0067","PALM BAY 4.9 S, FL US","27.914683","-80.652338","7.0","2021-07-16","0.00"
"US1FLBV0067","PALM BAY 4.9 S, FL US","27.914683","-80.652338","7.0","2021-07-18",
"US1FLBV0067","PALM BAY 4.9 S, FL US","27.914683","-80.652338","7.0","2021-07-19","0.00"
"US1FLBV0067","PALM BAY 4.9 S, FL US","27.914683","-80.652338","7.0","2021-07-20","0.00"
"US1FLBV0067","PALM BAY 4.9 S, FL US","27.914683","-80.652338","7.0","2021-07-21","0.00"
"US1FLCH0023","PUNTA GORDA 1.6 NNW, FL US","26.91748","-82.0689","0.3","2021-07-04","0.00"
"US1FLCH0023","PUNTA GORDA 1.6 NNW, FL US","26.91748","-82.0689","0.3","2021-07-05","0.00"
"US1FLCH0023","PUNTA GORDA 1.6 NNW, FL US","26.91748","-82.0689","0.3","2021-07-06","0.02"
"US1FLCH0023","PUNTA GORDA 1.6 NNW, FL US","26.91748","-82.0689","0.3","2021-07-07","5.59"
"US1FLCH0023","PUNTA GORDA 1.6 NNW, FL US","26.91748","-82.0689","0.3","2021-07-08","0.11"
"US1FLCH0023","PUNTA GORDA 1.6 NNW, FL US","26.91748","-82.0689","0.3","2021-07-09","0.00"
"US1FLCH0023","PUNTA GORDA 1.6 NNW, FL US","26.91748","-82.0689","0.3","2021-07-10","0.00"
"US1FLCH0023","PUNTA GORDA 1.6 NNW, FL US","26.91748","-82.0689","0.3","2021-07-11","0.61"
"US1FLCH0023","PUNTA GORDA 1.6 NNW, FL US","26.91748","-82.0689","0.3","2021-07-12","0.20"
"US1FLCH0023","PUNTA GORDA 1.6 NNW, FL US","26.91748","-82.0689","0.3","2021-07-13","0.02"
"US1FLCH0023","PUNTA GORDA 1.6 NNW, FL US","26.91748","-82.0689","0.3","2021-07-14","0.87"
"US1FLCH0023","PUNTA GORDA 1.6 NNW, FL US","26.91748","-82.0689","0.3","2021-07-15","0.23"
"US1FLCH0023","PUNTA GORDA 1.6 NNW, FL US","26.91748","-82.0689","0.3","2021-07-16","0.00"
"US1FLCH0023","PUNTA GORDA 1.6 NNW, FL US","26.91748","-82.0689","0.3","2021-07-17","0.22"
"US1FLCH0023","PUNTA GORDA 1.6 NNW, FL US","26.91748","-82.0689","0.3","2021-07-18","0.65"
"US1FLCH0023","PUNTA GORDA 1.6 NNW, FL US","26.91748","-82.0689","0.3","2021-07-19","0.07"
"US1FLCH0023","PUNTA GORDA 1.6 NNW, FL US","26.91748","-82.0689","0.3","2021-07-20","0.00"
"US1FLCH0023","PUNTA GORDA 1.6 NNW, FL US","26.91748","-82.0689","0.3","2021-07-21","0.06"
"US1FLOR0061","OAKLAND 1.5 WSW, FL US","28.54916","-81.652401","25.9","2021-07-04","0.64"
"US1FLOR0061","OAKLAND 1.5 WSW, FL US","28.54916","-81.652401","25.9","2021-07-05","0.02"
"US1FLOR0061","OAKLAND 1.5 WSW, FL US","28.54916","-81.652401","25.9","2021-07-06","0.04"
"US1FLOR0061","OAKLAND 1.5 WSW, FL US","28.54916","-81.652401","25.9","2021-07-07","1.51"
"US1FLOR0061","OAKLAND 1.5 WSW, FL US","28.54916","-81.652401","25.9","2021-07-08","0.54"
"US1FLOR0061","OAKLAND 1.5 WSW, FL US","28.54916","-81.652401","25.9","2021-07-09","0.64"
"US1FLOR0061","OAKLAND 1.5 WSW, FL US","28.54916","-81.652401","25.9","2021-07-10","0.02"
"US1FLOR0061","OAKLAND 1.5 WSW, FL US","28.54916","-81.652401","25.9","2021-07-11","0.00"
"US1FLOR0061","OAKLAND 1.5 WSW, FL US","28.54916","-81.652401","25.9","2021-07-12","0.01"
"US1FLOR0061","OAKLAND 1.5 WSW, FL US","28.54916","-81.652401","25.9","2021-07-13","0.15"
"US1FLOR0061","OAKLAND 1.5 WSW, FL US","28.54916","-81.652401","25.9","2021-07-14","0.00"
"US1FLOR0061","OAKLAND 1.5 WSW, FL US","28.54916","-81.652401","25.9","2021-07-15","1.35"
"US1FLOR0061","OAKLAND 1.5 WSW, FL US","28.54916","-81.652401","25.9","2021-07-16","0.01"
"US1FLOR0061","OAKLAND 1.5 WSW, FL US","28.54916","-81.652401","25.9","2021-07-17","0.00"
"US1FLOR0061","OAKLAND 1.5 WSW, FL US","28.54916","-81.652401","25.9","2021-07-18","0.28"
"US1FLOR0061","OAKLAND 1.5 WSW, FL US","28.54916","-81.652401","25.9","2021-07-19","1.32"
"US1FLOR0061","OAKLAND 1.5 WSW, FL US","28.54916","-81.652401","25.9","2021-07-20","0.59"
"US1FLOR0061","OAKLAND 1.5 WSW, FL US","28.54916","-81.652401","25.9","2021-07-21","0.16"
"US1FLBV0063","MELBOURNE 4.6 NNW, FL US","28.1712","-80.6816","10.1","2021-07-04","0.02"
"US1FLBV0063","MELBOURNE 4.6 NNW, FL US","28.1712","-80.6816","10.1","2021-07-06","0.15"
"US1FLBV0063","MELBOURNE 4.6 NNW, FL US","28.1712","-80.6816","10.1","2021-07-07","0.00"
"US1FLBV0063","MELBOURNE 4.6 NNW, FL US","28.1712","-80.6816","10.1","2021-07-08","0.38"
"US1FLBV0063","MELBOURNE 4.6 NNW, FL US","28.1712","-80.6816","10.1","2021-07-09","0.04"
"US1FLBV0063","MELBOURNE 4.6 NNW, FL US","28.1712","-80.6816","10.1","2021-07-10","0.23"
"US1FLBV0063","MELBOURNE 4.6 NNW, FL US","28.1712","-80.6816","10.1","2021-07-11","0.05"
"US1FLBV0063","MELBOURNE 4.6 NNW, FL US","28.1712","-80.6816","10.1","2021-07-12","0.00"
"US1FLBV0063","MELBOURNE 4.6 NNW, FL US","28.1712","-80.6816","10.1","2021-07-13","0.00"
"US1FLBV0063","MELBOURNE 4.6 NNW, FL US","28.1712","-80.6816","10.1","2021-07-14","0.90"
"US1FLBV0063","MELBOURNE 4.6 NNW, FL US","28.1712","-80.6816","10.1","2021-07-15","0.00"
"US1FLBV0063","MELBOURNE 4.6 NNW, FL US","28.1712","-80.6816","10.1","2021-07-16","0.00"
"US1FLBV0063","MELBOURNE 4.6 NNW, FL US","28.1712","-80.6816","10.1","2021-07-17","0.00"
"US1FLBV0063","MELBOURNE 4.6 NNW, FL US","28.1712","-80.6816","10.1","2021-07-18","0.00"
"US1FLBV0063","MELBOURNE 4.6 NNW, FL US","28.1712","-80.6816","10.1","2021-07-19","0.00"
"US1FLBV0063","MELBOURNE 4.6 NNW, FL US","28.1712","-80.6816","10.1","2021-07-20","0.00"
"US1FLBV0063","MELBOURNE 4.6 NNW, FL US","28.1712","-80.6816","10.1","2021-07-21","0.00"
"US1FLST0007","LADY LAKE 5.0 W, FL US","28.92495","-82.0119","21.0","2021-07-04","1.00"
"US1FLST0007","LADY LAKE 5.0 W, FL US","28.92495","-82.0119","21.0","2021-07-05","0.45"
"US1FLST0007","LADY LAKE 5.0 W, FL US","28.92495","-82.0119","21.0","2021-07-06","0.00"
"US1FLST0007","LADY LAKE 5.0 W, FL US","28.92495","-82.0119","21.0","2021-07-07","1.19"
"US1FLST0007","LADY LAKE 5.0 W, FL US","28.92495","-82.0119","21.0","2021-07-08","0.50"
"US1FLST0007","LADY LAKE 5.0 W, FL US","28.92495","-82.0119","21.0","2021-07-09","0.09"
"US1FLST0007","LADY LAKE 5.0 W, FL US","28.92495","-82.0119","21.0","2021-07-10","0.18"
"US1FLST0007","LADY LAKE 5.0 W, FL US","28.92495","-82.0119","21.0","2021-07-11","0.04"
"US1FLST0007","LADY LAKE 5.0 W, FL US","28.92495","-82.0119","21.0","2021-07-12","0.00"
"US1FLST0007","LADY LAKE 5.0 W, FL US","28.92495","-82.0119","21.0","2021-07-13","0.64"
"US1FLST0007","LADY LAKE 5.0 W, FL US","28.92495","-82.0119","21.0","2021-07-14","0.00"
"US1FLST0007","LADY LAKE 5.0 W, FL US","28.92495","-82.0119","21.0","2021-07-15","0.40"
"US1FLST0007","LADY LAKE 5.0 W, FL US","28.92495","-82.0119","21.0","2021-07-16","0.00"
"US1FLST0007","LADY LAKE 5.0 W, FL US","28.92495","-82.0119","21.0","2021-07-17","0.00"
"US1FLST0007","LADY LAKE 5.0 W, FL US","28.92495","-82.0119","21.0","2021-07-18","0.00"
"US1FLST0007","LADY LAKE 5.0 W, FL US","28.92495","-82.0119","21.0","2021-07-19","0.29"
"US1FLST0007","LADY LAKE 5.0 W, FL US","28.92495","-82.0119","21.0","2021-07-20","0.72"
"US1FLST0007","LADY LAKE 5.0 W, FL US","28.92495","-82.0119","21.0","2021-07-21","0.05"
"US1FLST0008","THE VILLAGES 3.5 WSW, FL US","28.93096","-82.006","29.0","2021-07-04","1.21"
"US1FLST0008","THE VILLAGES 3.5 WSW, FL US","28.93096","-82.006","29.0","2021-07-05","0.66"
"US1FLST0008","THE VILLAGES 3.5 WSW, FL US","28.93096","-82.006","29.0","2021-07-06","0.00"
"US1FLST0008","THE VILLAGES 3.5 WSW, FL US","28.93096","-82.006","29.0","2021-07-07","0.00"
"US1FLST0008","THE VILLAGES 3.5 WSW, FL US","28.93096","-82.006","29.0","2021-07-08","1.97"
"US1FLST0008","THE VILLAGES 3.5 WSW, FL US","28.93096","-82.006","29.0","2021-07-12",
"US1FLST0009","LADY LAKE 4.3 SSW, FL US","28.869917","-81.954389","20.1","2021-07-04",
"US1FLST0009","LADY LAKE 4.3 SSW, FL US","28.869917","-81.954389","20.1","2021-07-05","0.51"
"US1FLST0009","LADY LAKE 4.3 SSW, FL US","28.869917","-81.954389","20.1","2021-07-06","0.00"
"US1FLST0009","LADY LAKE 4.3 SSW, FL US","28.869917","-81.954389","20.1","2021-07-08",
"US1FLST0009","LADY LAKE 4.3 SSW, FL US","28.869917","-81.954389","20.1","2021-07-09","0.98"
"US1FLST0009","LADY LAKE 4.3 SSW, FL US","28.869917","-81.954389","20.1","2021-07-10","2.46"
"US1FLST0009","LADY LAKE 4.3 SSW, FL US","28.869917","-81.954389","20.1","2021-07-11","0.00"
"US1FLST0009","LADY LAKE 4.3 SSW, FL US","28.869917","-81.954389","20.1","2021-07-12","0.00"
"US1FLST0009","LADY LAKE 4.3 SSW, FL US","28.869917","-81.954389","20.1","2021-07-13","0.05"
"US1FLST0009","LADY LAKE 4.3 SSW, FL US","28.869917","-81.954389","20.1","2021-07-14","0.00"
"US1FLST0009","LADY LAKE 4.3 SSW, FL US","28.869917","-81.954389","20.1","2021-07-15","0.00"
"US1FLST0009","LADY LAKE 4.3 SSW, FL US","28.869917","-81.954389","20.1","2021-07-16","0.00"
"US1FLST0009","LADY LAKE 4.3 SSW, FL US","28.869917","-81.954389","20.1","2021-07-17","0.00"
"US1FLST0009","LADY LAKE 4.3 SSW, FL US","28.869917","-81.954389","20.1","2021-07-18","0.00"
"US1FLST0009","LADY LAKE 4.3 SSW, FL US","28.869917","-81.954389","20.1","2021-07-19","0.00"
"US1FLST0009","LADY LAKE 4.3 SSW, FL US","28.869917","-81.954389","20.1","2021-07-20","0.04"
"US1FLST0009","LADY LAKE 4.3 SSW, FL US","28.869917","-81.954389","20.1","2021-07-21","0.00"
"US1FLES0026","PENSACOLA 1.9 NE, FL US","30.466405","-87.171483","33.8","2021-07-04","0.15"
"US1FLES0026","PENSACOLA 1.9 NE, FL US","30.466405","-87.171483","33.8","2021-07-05","0.64"
"US1FLES0026","PENSACOLA 1.9 NE, FL US","30.466405","-87.171483","33.8","2021-07-06","1.06"
"US1FLES0026","PENSACOLA 1.9 NE, FL US","30.466405","-87.171483","33.8","2021-07-07","0.39"
"US1FLES0026","PENSACOLA 1.9 NE, FL US","30.466405","-87.171483","33.8","2021-07-08","0.00"
"US1FLES0026","PENSACOLA 1.9 NE, FL US","30.466405","-87.171483","33.8","2021-07-09","0.00"
"US1FLES0026","PENSACOLA 1.9 NE, FL US","30.466405","-87.171483","33.8","2021-07-10","0.25"
"US1FLES0026","PENSACOLA 1.9 NE, FL US","30.466405","-87.171483","33.8","2021-07-11","0.41"
"US1FLES0026","PENSACOLA 1.9 NE, FL US","30.466405","-87.171483","33.8","2021-07-12","0.97"
"US1FLES0026","PENSACOLA 1.9 NE, FL US","30.466405","-87.171483","33.8","2021-07-13","0.05"
"US1FLES0026","PENSACOLA 1.9 NE, FL US","30.466405","-87.171483","33.8","2021-07-14","0.00"
"US1FLES0026","PENSACOLA 1.9 NE, FL US","30.466405","-87.171483","33.8","2021-07-15","0.00"
"US1FLES0026","PENSACOLA 1.9 NE, FL US","30.466405","-87.171483","33.8","2021-07-16","0.02"
"US1FLES0026","PENSACOLA 1.9 NE, FL US","30.466405","-87.171483","33.8","2021-07-17","0.03"
"US1FLES0026","PENSACOLA 1.9 NE, FL US","30.466405","-87.171483","33.8","2021-07-18","0.00"
"US1FLES0026","PENSACOLA 1.9 NE, FL US","30.466405","-87.171483","33.8","2021-07-19","0.16"
"US1FLES0026","PENSACOLA 1.9 NE, FL US","30.466405","-87.171483","33.8","2021-07-20","1.74"
"US1FLES0026","PENSACOLA 1.9 NE, FL US","30.466405","-87.171483","33.8","2021-07-21","0.63"
"US1FLST0026","THE VILLAGES 2.8 ESE, FL US","28.903275","-81.965788","22.3","2021-07-04","0.91"
"US1FLST0026","THE VILLAGES 2.8 ESE, FL US","28.903275","-81.965788","22.3","2021-07-05","0.60"
"US1FLST0026","THE VILLAGES 2.8 ESE, FL US","28.903275","-81.965788","22.3","2021-07-06","0.01"
"US1FLST0026","THE VILLAGES 2.8 ESE, FL US","28.903275","-81.965788","22.3","2021-07-07","1.00"
"US1FLST0026","THE VILLAGES 2.8 ESE, FL US","28.903275","-81.965788","22.3","2021-07-08","0.23"
"US1FLST0026","THE VILLAGES 2.8 ESE, FL US","28.903275","-81.965788","22.3","2021-07-09","0.55"
"US1FLST0026","THE VILLAGES 2.8 ESE, FL US","28.903275","-81.965788","22.3","2021-07-10","0.30"
"US1FLST0026","THE VILLAGES 2.8 ESE, FL US","28.903275","-81.965788","22.3","2021-07-11","0.00"
"US1FLST0026","THE VILLAGES 2.8 ESE, FL US","28.903275","-81.965788","22.3","2021-07-12","0.00"
"US1FLST0026","THE VILLAGES 2.8 ESE, FL US","28.903275","-81.965788","22.3","2021-07-13","0.98"
"US1FLST0026","THE VILLAGES 2.8 ESE, FL US","28.903275","-81.965788","22.3","2021-07-14","0.00"
"US1FLST0026","THE VILLAGES 2.8 ESE, FL US","28.903275","-81.965788","22.3","2021-07-15","0.02"
"US1FLST0026","THE VILLAGES 2.8 ESE, FL US","28.903275","-81.965788","22.3","2021-07-17","0.00"
"US1FLST0026","THE VILLAGES 2.8 ESE, FL US","28.903275","-81.965788","22.3","2021-07-18","0.00"
"US1FLST0026","THE VILLAGES 2.8 ESE, FL US","28.903275","-81.965788","22.3","2021-07-19","0.00"
"US1FLST0026","THE VILLAGES 2.8 ESE, FL US","28.903275","-81.965788","22.3","2021-07-20","0.15"
"US1FLST0026","THE VILLAGES 2.8 ESE, FL US","28.903275","-81.965788","22.3","2021-07-21","0.00"
"US1FLES0024","PENSACOLA 18.9 WSW, FL US","30.312955","-87.467244","4.0","2021-07-04","1.12"
"US1FLES0024","PENSACOLA 18.9 WSW, FL US","30.312955","-87.467244","4.0","2021-07-05","0.06"
"US1FLES0024","PENSACOLA 18.9 WSW, FL US","30.312955","-87.467244","4.0","2021-07-06","0.53"
"US1FLES0024","PENSACOLA 18.9 WSW, FL US","30.312955","-87.467244","4.0","2021-07-07","1.02"
"US1FLES0024","PENSACOLA 18.9 WSW, FL US","30.312955","-87.467244","4.0","2021-07-08","0.00"
"US1FLES0024","PENSACOLA 18.9 WSW, FL US","30.312955","-87.467244","4.0","2021-07-09","0.00"
"US1FLES0024","PENSACOLA 18.9 WSW, FL US","30.312955","-87.467244","4.0","2021-07-10","0.03"
"US1FLES0024","PENSACOLA 18.9 WSW, FL US","30.312955","-87.467244","4.0","2021-07-11","0.12"
"US1FLES0024","PENSACOLA 18.9 WSW, FL US","30.312955","-87.467244","4.0","2021-07-12","1.18"
"US1FLES0024","PENSACOLA 18.9 WSW, FL US","30.312955","-87.467244","4.0","2021-07-13","1.03"
"US1FLES0024","PENSACOLA 18.9 WSW, FL US","30.312955","-87.467244","4.0","2021-07-14","0.00"
"US1FLES0024","PENSACOLA 18.9 WSW, FL US","30.312955","-87.467244","4.0","2021-07-15","0.00"
"US1FLES0024","PENSACOLA 18.9 WSW, FL US","30.312955","-87.467244","4.0","2021-07-16","0.00"
"US1FLES0024","PENSACOLA 18.9 WSW, FL US","30.312955","-87.467244","4.0","2021-07-17","0.00"
"US1FLES0024","PENSACOLA 18.9 WSW, FL US","30.312955","-87.467244","4.0","2021-07-18","0.84"
"US1FLES0024","PENSACOLA 18.9 WSW, FL US","30.312955","-87.467244","4.0","2021-07-19","0.29"
"US1FLES0024","PENSACOLA 18.9 WSW, FL US","30.312955","-87.467244","4.0","2021-07-20","0.77"
"US1FLES0024","PENSACOLA 18.9 WSW, FL US","30.312955","-87.467244","4.0","2021-07-21","0.26"
"US1FLBV0059","PALM BAY 2.7 SSE, FL US","27.950097","-80.642062","8.2","2021-07-04","0.06"
"US1FLBV0059","PALM BAY 2.7 SSE, FL US","27.950097","-80.642062","8.2","2021-07-05","0.02"
"US1FLBV0059","PALM BAY 2.7 SSE, FL US","27.950097","-80.642062","8.2","2021-07-06","0.37"
"US1FLBV0059","PALM BAY 2.7 SSE, FL US","27.950097","-80.642062","8.2","2021-07-07","0.02"
"US1FLBV0059","PALM BAY 2.7 SSE, FL US","27.950097","-80.642062","8.2","2021-07-08","0.07"
"US1FLBV0059","PALM BAY 2.7 SSE, FL US","27.950097","-80.642062","8.2","2021-07-09","1.62"
"US1FLBV0059","PALM BAY 2.7 SSE, FL US","27.950097","-80.642062","8.2","2021-07-10","0.10"
"US1FLBV0059","PALM BAY 2.7 SSE, FL US","27.950097","-80.642062","8.2","2021-07-11","0.02"
"US1FLBV0059","PALM BAY 2.7 SSE, FL US","27.950097","-80.642062","8.2","2021-07-12","2.51"
"US1FLBV0059","PALM BAY 2.7 SSE, FL US","27.950097","-80.642062","8.2","2021-07-13","0.23"
"US1FLBV0059","PALM BAY 2.7 SSE, FL US","27.950097","-80.642062","8.2","2021-07-14","0.15"
"US1FLBV0059","PALM BAY 2.7 SSE, FL US","27.950097","-80.642062","8.2","2021-07-15","0.06"
"US1FLBV0059","PALM BAY 2.7 SSE, FL US","27.950097","-80.642062","8.2","2021-07-16","0.00"
"US1FLBV0059","PALM BAY 2.7 SSE, FL US","27.950097","-80.642062","8.2","2021-07-17","0.00"
"US1FLBV0059","PALM BAY 2.7 SSE, FL US","27.950097","-80.642062","8.2","2021-07-18","0.00"
"US1FLBV0059","PALM BAY 2.7 SSE, FL US","27.950097","-80.642062","8.2","2021-07-19","0.00"
"US1FLBV0059","PALM BAY 2.7 SSE, FL US","27.950097","-80.642062","8.2","2021-07-20","0.02"
"US1FLBV0059","PALM BAY 2.7 SSE, FL US","27.950097","-80.642062","8.2","2021-07-21","0.00"
"US1FLDV0112","JACKSONVILLE 4.5 SW, FL US","30.2956","-81.7184","8.8","2021-07-05","1.52"
"US1FLDV0112","JACKSONVILLE 4.5 SW, FL US","30.2956","-81.7184","8.8","2021-07-06","0.68"
"US1FLDV0112","JACKSONVILLE 4.5 SW, FL US","30.2956","-81.7184","8.8","2021-07-11","0.35"
"US1FLDV0112","JACKSONVILLE 4.5 SW, FL US","30.2956","-81.7184","8.8","2021-07-14","0.21"
"US1FLDV0112","JACKSONVILLE 4.5 SW, FL US","30.2956","-81.7184","8.8","2021-07-20","0.67"
"US1FLOR0048","UNION PARK 3.5 SE, FL US","28.529918","-81.19339","27.1","2021-07-07",
"US1FLOR0048","UNION PARK 3.5 SE, FL US","28.529918","-81.19339","27.1","2021-07-08","0.89"
"US1FLOR0048","UNION PARK 3.5 SE, FL US","28.529918","-81.19339","27.1","2021-07-11",
"US1FLOR0048","UNION PARK 3.5 SE, FL US","28.529918","-81.19339","27.1","2021-07-12","0.00"
"US1FLOR0048","UNION PARK 3.5 SE, FL US","28.529918","-81.19339","27.1","2021-07-13","0.79"
"US1FLOR0048","UNION PARK 3.5 SE, FL US","28.529918","-81.19339","27.1","2021-07-14","0.00"
"US1FLOR0048","UNION PARK 3.5 SE, FL US","28.529918","-81.19339","27.1","2021-07-15","0.00"
"US1FLOR0048","UNION PARK 3.5 SE, FL US","28.529918","-81.19339","27.1","2021-07-16","0.00"
"US1FLOR0048","UNION PARK 3.5 SE, FL US","28.529918","-81.19339","27.1","2021-07-17","0.00"
"US1FLOR0048","UNION PARK 3.5 SE, FL US","28.529918","-81.19339","27.1","2021-07-18","0.00"
"US1FLOR0048","UNION PARK 3.5 SE, FL US","28.529918","-81.19339","27.1","2021-07-19","0.00"
"US1FLOR0048","UNION PARK 3.5 SE, FL US","28.529918","-81.19339","27.1","2021-07-20","0.09"
"US1FLOR0048","UNION PARK 3.5 SE, FL US","28.529918","-81.19339","27.1","2021-07-21","1.01"
"US1FLOR0055","ORLANDO 6.8 W, FL US","28.529951","-81.487441","38.4","2021-07-04","0.59"
"US1FLOR0055","ORLANDO 6.8 W, FL US","28.529951","-81.487441","38.4","2021-07-05","0.01"
"US1FLOR0055","ORLANDO 6.8 W, FL US","28.529951","-81.487441","38.4","2021-07-06","1.04"
"US1FLOR0055","ORLANDO 6.8 W, FL US","28.529951","-81.487441","38.4","2021-07-07","0.68"
"US1FLOR0055","ORLANDO 6.8 W, FL US","28.529951","-81.487441","38.4","2021-07-08","0.03"
"US1FLOR0055","ORLANDO 6.8 W, FL US","28.529951","-81.487441","38.4","2021-07-09","0.65"
"US1FLOR0055","ORLANDO 6.8 W, FL US","28.529951","-81.487441","38.4","2021-07-10","0.25"
"US1FLOR0055","ORLANDO 6.8 W, FL US","28.529951","-81.487441","38.4","2021-07-11","0.00"
"US1FLOR0055","ORLANDO 6.8 W, FL US","28.529951","-81.487441","38.4","2021-07-12","0.68"
"US1FLOR0055","ORLANDO 6.8 W, FL US","28.529951","-81.487441","38.4","2021-07-13","0.04"
"US1FLOR0055","ORLANDO 6.8 W, FL US","28.529951","-81.487441","38.4","2021-07-14","0.02"
"US1FLOR0055","ORLANDO 6.8 W, FL US","28.529951","-81.487441","38.4","2021-07-15","0.17"
"US1FLOR0055","ORLANDO 6.8 W, FL US","28.529951","-81.487441","38.4","2021-07-16","0.00"
"US1FLOR0055","ORLANDO 6.8 W, FL US","28.529951","-81.487441","38.4","2021-07-17","0.00"
"US1FLOR0055","ORLANDO 6.8 W, FL US","28.529951","-81.487441","38.4","2021-07-18","0.00"
"US1FLOR0055","ORLANDO 6.8 W, FL US","28.529951","-81.487441","38.4","2021-07-19","0.00"
"US1FLOR0055","ORLANDO 6.8 W, FL US","28.529951","-81.487441","38.4","2021-07-20","0.00"
"US1FLOR0055","ORLANDO 6.8 W, FL US","28.529951","-81.487441","38.4","2021-07-21","1.18"
"US1FLDV0117","JACKSONVILLE 14.4 SSE, FL US","30.1402","-81.5713","11.0","2021-07-04","0.00"
"US1FLDV0117","JACKSONVILLE 14.4 SSE, FL US","30.1402","-81.5713","11.0","2021-07-05","0.06"
"US1FLDV0117","JACKSONVILLE 14.4 SSE, FL US","30.1402","-81.5713","11.0","2021-07-06","0.00"
"US1FLDV0117","JACKSONVILLE 14.4 SSE, FL US","30.1402","-81.5713","11.0","2021-07-07","0.00"
"US1FLDV0117","JACKSONVILLE 14.4 SSE, FL US","30.1402","-81.5713","11.0","2021-07-08","1.38"
"US1FLDV0117","JACKSONVILLE 14.4 SSE, FL US","30.1402","-81.5713","11.0","2021-07-09","0.01"
"US1FLDV0117","JACKSONVILLE 14.4 SSE, FL US","30.1402","-81.5713","11.0","2021-07-10","0.05"
"US1FLDV0117","JACKSONVILLE 14.4 SSE, FL US","30.1402","-81.5713","11.0","2021-07-11","0.00"
"US1FLDV0117","JACKSONVILLE 14.4 SSE, FL US","30.1402","-81.5713","11.0","2021-07-12","0.03"
"US1FLDV0117","JACKSONVILLE 14.4 SSE, FL US","30.1402","-81.5713","11.0","2021-07-13","0.04"
"US1FLDV0117","JACKSONVILLE 14.4 SSE, FL US","30.1402","-81.5713","11.0","2021-07-14","0.00"
"US1FLDV0117","JACKSONVILLE 14.4 SSE, FL US","30.1402","-81.5713","11.0","2021-07-15","0.00"
"US1FLDV0117","JACKSONVILLE 14.4 SSE, FL US","30.1402","-81.5713","11.0","2021-07-16","0.00"
"US1FLDV0117","JACKSONVILLE 14.4 SSE, FL US","30.1402","-81.5713","11.0","2021-07-17","0.00"
"US1FLDV0117","JACKSONVILLE 14.4 SSE, FL US","30.1402","-81.5713","11.0","2021-07-18","0.00"
"US1FLDV0117","JACKSONVILLE 14.4 SSE, FL US","30.1402","-81.5713","11.0","2021-07-19","0.00"
"US1FLDV0117","JACKSONVILLE 14.4 SSE, FL US","30.1402","-81.5713","11.0","2021-07-20","1.01"
"US1FLDV0117","JACKSONVILLE 14.4 SSE, FL US","30.1402","-81.5713","11.0","2021-07-21","0.01"
"US1FLOR0054","APOPKA 1.0 E, FL US","28.6849","-81.4972","23.2","2021-07-04","0.44"
"US1FLOR0054","APOPKA 1.0 E, FL US","28.6849","-81.4972","23.2","2021-07-05","0.04"
"US1FLOR0054","APOPKA 1.0 E, FL US","28.6849","-81.4972","23.2","2021-07-06","0.35"
"US1FLOR0054","APOPKA 1.0 E, FL US","28.6849","-81.4972","23.2","2021-07-07","0.81"
"US1FLOR0054","APOPKA 1.0 E, FL US","28.6849","-81.4972","23.2","2021-07-08","0.61"
"US1FLOR0054","APOPKA 1.0 E, FL US","28.6849","-81.4972","23.2","2021-07-09","0.33"
"US1FLOR0054","APOPKA 1.0 E, FL US","28.6849","-81.4972","23.2","2021-07-10","0.00"
"US1FLOR0054","APOPKA 1.0 E, FL US","28.6849","-81.4972","23.2","2021-07-11","0.00"
"US1FLOR0054","APOPKA 1.0 E, FL US","28.6849","-81.4972","23.2","2021-07-12","0.10"
"US1FLOR0054","APOPKA 1.0 E, FL US","28.6849","-81.4972","23.2","2021-07-13","0.02"
"US1FLOR0054","APOPKA 1.0 E, FL US","28.6849","-81.4972","23.2","2021-07-14","0.00"
"US1FLOR0054","APOPKA 1.0 E, FL US","28.6849","-81.4972","23.2","2021-07-15","0.01"
"US1FLOR0054","APOPKA 1.0 E, FL US","28.6849","-81.4972","23.2","2021-07-20",
"US1FLOR0054","APOPKA 1.0 E, FL US","28.6849","-81.4972","23.2","2021-07-21","0.66"
"US1FLBV0054","MERRITT ISLAND 3.8 N, FL US","28.365179","-80.66471","0.3","2021-07-04","0.23"
"US1FLBV0054","MERRITT ISLAND 3.8 N, FL US","28.365179","-80.66471","0.3","2021-07-05","2.30"
"US1FLBV0054","MERRITT ISLAND 3.8 N, FL US","28.365179","-80.66471","0.3","2021-07-06","0.02"
"US1FLBV0054","MERRITT ISLAND 3.8 N, FL US","28.365179","-80.66471","0.3","2021-07-07","0.01"
"US1FLBV0054","MERRITT ISLAND 3.8 N, FL US","28.365179","-80.66471","0.3","2021-07-08","0.43"
"US1FLBV0054","MERRITT ISLAND 3.8 N, FL US","28.365179","-80.66471","0.3","2021-07-09","0.35"
"US1FLBV0054","MERRITT ISLAND 3.8 N, FL US","28.365179","-80.66471","0.3","2021-07-10","0.36"
"US1FLBV0054","MERRITT ISLAND 3.8 N, FL US","28.365179","-80.66471","0.3","2021-07-11","0.00"
"US1FLBV0054","MERRITT ISLAND 3.8 N, FL US","28.365179","-80.66471","0.3","2021-07-12","0.00"
"US1FLBV0054","MERRITT ISLAND 3.8 N, FL US","28.365179","-80.66471","0.3","2021-07-13","0.01"
"US1FLBV0054","MERRITT ISLAND 3.8 N, FL US","28.365179","-80.66471","0.3","2021-07-14","0.02"
"US1FLBV0054","MERRITT ISLAND 3.8 N, FL US","28.365179","-80.66471","0.3","2021-07-15","0.00"
"US1FLBV0054","MERRITT ISLAND 3.8 N, FL US","28.365179","-80.66471","0.3","2021-07-16","0.00"
"US1FLBV0054","MERRITT ISLAND 3.8 N, FL US","28.365179","-80.66471","0.3","2021-07-17","0.00"
"US1FLBV0054","MERRITT ISLAND 3.8 N, FL US","28.365179","-80.66471","0.3","2021-07-18","0.00"
"US1FLBV0054","MERRITT ISLAND 3.8 N, FL US","28.365179","-80.66471","0.3","2021-07-19","0.00"
"US1FLBV0054","MERRITT ISLAND 3.8 N, FL US","28.365179","-80.66471","0.3","2021-07-20","0.16"
"US1FLBV0054","MERRITT ISLAND 3.8 N, FL US","28.365179","-80.66471","0.3","2021-07-21","0.10"
"US1FLOR0050","BUENA VENTURA LAKES 6.0 ENE, FL US","28.36921","-81.26293","27.4","2021-07-04","0.35"
"US1FLOR0050","BUENA VENTURA LAKES 6.0 ENE, FL US","28.36921","-81.26293","27.4","2021-07-05","0.08"
"US1FLOR0050","BUENA VENTURA LAKES 6.0 ENE, FL US","28.36921","-81.26293","27.4","2021-07-06","0.05"
"US1FLOR0050","BUENA VENTURA LAKES 6.0 ENE, FL US","28.36921","-81.26293","27.4","2021-07-07","0.45"
"US1FLOR0050","BUENA VENTURA LAKES 6.0 ENE, FL US","28.36921","-81.26293","27.4","2021-07-08","0.00"
"US1FLOR0050","BUENA VENTURA LAKES 6.0 ENE, FL US","28.36921","-81.26293","27.4","2021-07-09","0.55"
"US1FLOR0050","BUENA VENTURA LAKES 6.0 ENE, FL US","28.36921","-81.26293","27.4","2021-07-11",
"US1FLOR0050","BUENA VENTURA LAKES 6.0 ENE, FL US","28.36921","-81.26293","27.4","2021-07-12","0.02"
"US1FLOR0050","BUENA VENTURA LAKES 6.0 ENE, FL US","28.36921","-81.26293","27.4","2021-07-13","0.13"
"US1FLOR0050","BUENA VENTURA LAKES 6.0 ENE, FL US","28.36921","-81.26293","27.4","2021-07-14","0.00"
"US1FLOR0050","BUENA VENTURA LAKES 6.0 ENE, FL US","28.36921","-81.26293","27.4","2021-07-15","0.58"
"US1FLOR0050","BUENA VENTURA LAKES 6.0 ENE, FL US","28.36921","-81.26293","27.4","2021-07-16","0.00"
"US1FLOR0050","BUENA VENTURA LAKES 6.0 ENE, FL US","28.36921","-81.26293","27.4","2021-07-17","0.00"
"US1FLOR0050","BUENA VENTURA LAKES 6.0 ENE, FL US","28.36921","-81.26293","27.4","2021-07-18","0.00"
"US1FLOR0050","BUENA VENTURA LAKES 6.0 ENE, FL US","28.36921","-81.26293","27.4","2021-07-19","0.42"
"US1FLOR0050","BUENA VENTURA LAKES 6.0 ENE, FL US","28.36921","-81.26293","27.4","2021-07-20","0.77"
"US1FLOR0050","BUENA VENTURA LAKES 6.0 ENE, FL US","28.36921","-81.26293","27.4","2021-07-21","0.02"
"US1FLBV0055","MELBOURNE 4.1 S, FL US","28.05618","-80.62987","7.3","2021-07-05",
"US1FLBV0055","MELBOURNE 4.1 S, FL US","28.05618","-80.62987","7.3","2021-07-06","0.35"
"US1FLBV0055","MELBOURNE 4.1 S, FL US","28.05618","-80.62987","7.3","2021-07-07","0.00"
"US1FLBV0055","MELBOURNE 4.1 S, FL US","28.05618","-80.62987","7.3","2021-07-08","0.06"
"US1FLBV0055","MELBOURNE 4.1 S, FL US","28.05618","-80.62987","7.3","2021-07-09","0.00"
"US1FLBV0055","MELBOURNE 4.1 S, FL US","28.05618","-80.62987","7.3","2021-07-10","0.10"
"US1FLBV0055","MELBOURNE 4.1 S, FL US","28.05618","-80.62987","7.3","2021-07-11","0.19"
"US1FLBV0055","MELBOURNE 4.1 S, FL US","28.05618","-80.62987","7.3","2021-07-12","0.08"
"US1FLBV0055","MELBOURNE 4.1 S, FL US","28.05618","-80.62987","7.3","2021-07-13","0.02"
"US1FLBV0055","MELBOURNE 4.1 S, FL US","28.05618","-80.62987","7.3","2021-07-14","0.01"
"US1FLBV0055","MELBOURNE 4.1 S, FL US","28.05618","-80.62987","7.3","2021-07-15","0.00"
"US1FLBV0055","MELBOURNE 4.1 S, FL US","28.05618","-80.62987","7.3","2021-07-16","0.00"
"US1FLBV0055","MELBOURNE 4.1 S, FL US","28.05618","-80.62987","7.3","2021-07-17","0.00"
"US1FLBV0052","INDIALANTIC 3.3 NNW, FL US","28.132907","-80.585547","3.4","2021-07-04","0.02"
"US1FLBV0052","INDIALANTIC 3.3 NNW, FL US","28.132907","-80.585547","3.4","2021-07-05","1.34"
"US1FLBV0052","INDIALANTIC 3.3 NNW, FL US","28.132907","-80.585547","3.4","2021-07-06","0.16"
"US1FLBV0052","INDIALANTIC 3.3 NNW, FL US","28.132907","-80.585547","3.4","2021-07-07","0.02"
"US1FLBV0052","INDIALANTIC 3.3 NNW, FL US","28.132907","-80.585547","3.4","2021-07-08","0.14"
"US1FLBV0052","INDIALANTIC 3.3 NNW, FL US","28.132907","-80.585547","3.4","2021-07-09","0.08"
"US1FLBV0052","INDIALANTIC 3.3 NNW, FL US","28.132907","-80.585547","3.4","2021-07-10","0.21"
"US1FLBV0052","INDIALANTIC 3.3 NNW, FL US","28.132907","-80.585547","3.4","2021-07-11","0.00"
"US1FLBV0052","INDIALANTIC 3.3 NNW, FL US","28.132907","-80.585547","3.4","2021-07-12","0.00"
"US1FLBV0052","INDIALANTIC 3.3 NNW, FL US","28.132907","-80.585547","3.4","2021-07-13","0.11"
"US1FLBV0052","INDIALANTIC 3.3 NNW, FL US","28.132907","-80.585547","3.4","2021-07-14","0.42"
"US1FLBV0052","INDIALANTIC 3.3 NNW, FL US","28.132907","-80.585547","3.4","2021-07-15","0.00"
"US1FLBV0052","INDIALANTIC 3.3 NNW, FL US","28.132907","-80.585547","3.4","2021-07-16","0.08"
"US1FLBV0052","INDIALANTIC 3.3 NNW, FL US","28.132907","-80.585547","3.4","2021-07-17","0.00"
"US1FLBV0052","INDIALANTIC 3.3 NNW, FL US","28.132907","-80.585547","3.4","2021-07-18","0.00"
"US1FLBV0052","INDIALANTIC 3.3 NNW, FL US","28.132907","-80.585547","3.4","2021-07-19","0.00"
"US1FLBV0052","INDIALANTIC 3.3 NNW, FL US","28.132907","-80.585547","3.4","2021-07-20","0.00"
"US1FLBV0052","INDIALANTIC 3.3 NNW, FL US","28.132907","-80.585547","3.4","2021-07-21","0.03"
"US1FLST0035","OXFORD 0.8 SW, FL US","28.920742","-82.04577","28.0","2021-07-04","1.05"
"US1FLST0035","OXFORD 0.8 SW, FL US","28.920742","-82.04577","28.0","2021-07-05","0.42"
"US1FLST0035","OXFORD 0.8 SW, FL US","28.920742","-82.04577","28.0","2021-07-06","0.00"
"US1FLST0035","OXFORD 0.8 SW, FL US","28.920742","-82.04577","28.0","2021-07-07","1.11"
"US1FLST0035","OXFORD 0.8 SW, FL US","28.920742","-82.04577","28.0","2021-07-08","0.50"
"US1FLST0035","OXFORD 0.8 SW, FL US","28.920742","-82.04577","28.0","2021-07-09","0.14"
"US1FLST0035","OXFORD 0.8 SW, FL US","28.920742","-82.04577","28.0","2021-07-10","0.00"
"US1FLST0035","OXFORD 0.8 SW, FL US","28.920742","-82.04577","28.0","2021-07-11","0.01"
"US1FLST0035","OXFORD 0.8 SW, FL US","28.920742","-82.04577","28.0","2021-07-12","0.00"
"US1FLST0035","OXFORD 0.8 SW, FL US","28.920742","-82.04577","28.0","2021-07-13","0.72"
"US1FLST0035","OXFORD 0.8 SW, FL US","28.920742","-82.04577","28.0","2021-07-14","0.00"
"US1FLST0035","OXFORD 0.8 SW, FL US","28.920742","-82.04577","28.0","2021-07-15","0.03"
"US1FLST0035","OXFORD 0.8 SW, FL US","28.920742","-82.04577","28.0","2021-07-16","0.00"
"US1FLST0035","OXFORD 0.8 SW, FL US","28.920742","-82.04577","28.0","2021-07-17","0.00"
"US1FLST0035","OXFORD 0.8 SW, FL US","28.920742","-82.04577","28.0","2021-07-18","0.00"
"US1FLST0035","OXFORD 0.8 SW, FL US","28.920742","-82.04577","28.0","2021-07-19","0.42"
"US1FLST0035","OXFORD 0.8 SW, FL US","28.920742","-82.04577","28.0","2021-07-20","0.32"
"US1FLST0035","OXFORD 0.8 SW, FL US","28.920742","-82.04577","28.0","2021-07-21","0.04"
"US1FLES0058","PENSACOLA 1.2 SSW, FL US","30.43","-87.200278","23.8","2021-07-04","0.57"
"US1FLES0058","PENSACOLA 1.2 SSW, FL US","30.43","-87.200278","23.8","2021-07-05","0.03"
"US1FLES0058","PENSACOLA 1.2 SSW, FL US","30.43","-87.200278","23.8","2021-07-06","2.28"
"US1FLES0058","PENSACOLA 1.2 SSW, FL US","30.43","-87.200278","23.8","2021-07-07","0.50"
"US1FLES0058","PENSACOLA 1.2 SSW, FL US","30.43","-87.200278","23.8","2021-07-08","0.00"
"US1FLES0058","PENSACOLA 1.2 SSW, FL US","30.43","-87.200278","23.8","2021-07-09","0.00"
"US1FLES0058","PENSACOLA 1.2 SSW, FL US","30.43","-87.200278","23.8","2021-07-10","0.44"
"US1FLES0058","PENSACOLA 1.2 SSW, FL US","30.43","-87.200278","23.8","2021-07-11","0.75"
"US1FLES0058","PENSACOLA 1.2 SSW, FL US","30.43","-87.200278","23.8","2021-07-12","0.93"
"US1FLES0058","PENSACOLA 1.2 SSW, FL US","30.43","-87.200278","23.8","2021-07-13","0.08"
"US1FLES0058","PENSACOLA 1.2 SSW, FL US","30.43","-87.200278","23.8","2021-07-14","0.00"
"US1FLES0058","PENSACOLA 1.2 SSW, FL US","30.43","-87.200278","23.8","2021-07-15","0.00"
"US1FLES0058","PENSACOLA 1.2 SSW, FL US","30.43","-87.200278","23.8","2021-07-16","0.72"
"US1FLES0058","PENSACOLA 1.2 SSW, FL US","30.43","-87.200278","23.8","2021-07-17","0.01"
"US1FLES0058","PENSACOLA 1.2 SSW, FL US","30.43","-87.200278","23.8","2021-07-18","0.00"
"US1FLES0058","PENSACOLA 1.2 SSW, FL US","30.43","-87.200278","23.8","2021-07-19","0.17"
"US1FLES0058","PENSACOLA 1.2 SSW, FL US","30.43","-87.200278","23.8","2021-07-20","1.52"
"US1FLES0058","PENSACOLA 1.2 SSW, FL US","30.43","-87.200278","23.8","2021-07-21","0.83"
"US1FLES0059","PENSACOLA 9.4 NNW, FL US","30.5625117","-87.2693913","31.7","2021-07-04","0.01"
"US1FLES0059","PENSACOLA 9.4 NNW, FL US","30.5625117","-87.2693913","31.7","2021-07-05","0.05"
"US1FLES0059","PENSACOLA 9.4 NNW, FL US","30.5625117","-87.2693913","31.7","2021-07-06","0.31"
"US1FLES0059","PENSACOLA 9.4 NNW, FL US","30.5625117","-87.2693913","31.7","2021-07-07","0.83"
"US1FLES0059","PENSACOLA 9.4 NNW, FL US","30.5625117","-87.2693913","31.7","2021-07-08","0.00"
"US1FLES0059","PENSACOLA 9.4 NNW, FL US","30.5625117","-87.2693913","31.7","2021-07-09","0.00"
"US1FLES0059","PENSACOLA 9.4 NNW, FL US","30.5625117","-87.2693913","31.7","2021-07-10","1.61"
"US1FLES0059","PENSACOLA 9.4 NNW, FL US","30.5625117","-87.2693913","31.7","2021-07-11","0.51"
"US1FLES0059","PENSACOLA 9.4 NNW, FL US","30.5625117","-87.2693913","31.7","2021-07-12","0.58"
"US1FLES0059","PENSACOLA 9.4 NNW, FL US","30.5625117","-87.2693913","31.7","2021-07-13","0.69"
"US1FLES0059","PENSACOLA 9.4 NNW, FL US","30.5625117","-87.2693913","31.7","2021-07-14","0.00"
"US1FLES0059","PENSACOLA 9.4 NNW, FL US","30.5625117","-87.2693913","31.7","2021-07-15","0.00"
"US1FLES0059","PENSACOLA 9.4 NNW, FL US","30.5625117","-87.2693913","31.7","2021-07-16","0.03"
"US1FLES0059","PENSACOLA 9.4 NNW, FL US","30.5625117","-87.2693913","31.7","2021-07-17","0.14"
"US1FLES0059","PENSACOLA 9.4 NNW, FL US","30.5625117","-87.2693913","31.7","2021-07-18","0.00"
"US1FLES0059","PENSACOLA 9.4 NNW, FL US","30.5625117","-87.2693913","31.7","2021-07-19","0.66"
"US1FLES0059","PENSACOLA 9.4 NNW, FL US","30.5625117","-87.2693913","31.7","2021-07-20","0.91"
"US1FLES0059","PENSACOLA 9.4 NNW, FL US","30.5625117","-87.2693913","31.7","2021-07-21","0.24"
"US1FLCH0039","GROVE CITY 2.8 NE, FL US","26.930229","-82.285098","4.0","2021-07-04","0.00"
"US1FLCH0039","GROVE CITY 2.8 NE, FL US","26.930229","-82.285098","4.0","2021-07-05","0.00"
"US1FLCH0039","GROVE CITY 2.8 NE, FL US","26.930229","-82.285098","4.0","2021-07-06","0.00"
"US1FLCH0039","GROVE CITY 2.8 NE, FL US","26.930229","-82.285098","4.0","2021-07-07","8.85"
"US1FLCH0039","GROVE CITY 2.8 NE, FL US","26.930229","-82.285098","4.0","2021-07-08","0.00"
"US1FLCH0039","GROVE CITY 2.8 NE, FL US","26.930229","-82.285098","4.0","2021-07-09","0.00"
"US1FLCH0039","GROVE CITY 2.8 NE, FL US","26.930229","-82.285098","4.0","2021-07-10","0.00"
"US1FLCH0039","GROVE CITY 2.8 NE, FL US","26.930229","-82.285098","4.0","2021-07-11","0.33"
"US1FLCH0039","GROVE CITY 2.8 NE, FL US","26.930229","-82.285098","4.0","2021-07-12","0.72"
"US1FLCH0039","GROVE CITY 2.8 NE, FL US","26.930229","-82.285098","4.0","2021-07-13","0.29"
"US1FLCH0039","GROVE CITY 2.8 NE, FL US","26.930229","-82.285098","4.0","2021-07-14","1.47"
"US1FLCH0039","GROVE CITY 2.8 NE, FL US","26.930229","-82.285098","4.0","2021-07-15","0.11"
"US1FLCH0039","GROVE CITY 2.8 NE, FL US","26.930229","-82.285098","4.0","2021-07-16","0.00"
"US1FLCH0039","GROVE CITY 2.8 NE, FL US","26.930229","-82.285098","4.0","2021-07-17","0.00"
"US1FLCH0039","GROVE CITY 2.8 NE, FL US","26.930229","-82.285098","4.0","2021-07-18","2.52"
"US1FLCH0039","GROVE CITY 2.8 NE, FL US","26.930229","-82.285098","4.0","2021-07-19","0.03"
"US1FLCH0039","GROVE CITY 2.8 NE, FL US","26.930229","-82.285098","4.0","2021-07-20","0.00"
"US1FLCH0039","GROVE CITY 2.8 NE, FL US","26.930229","-82.285098","4.0","2021-07-21","0.00"
"US1FLST0037","THE VILLAGES 5.3 S, FL US","28.851667","-81.9889","18.9","2021-07-08","0.56"
"US1FLST0037","THE VILLAGES 5.3 S, FL US","28.851667","-81.9889","18.9","2021-07-09","0.06"
"US1FLST0037","THE VILLAGES 5.3 S, FL US","28.851667","-81.9889","18.9","2021-07-10","1.56"
"US1FLST0037","THE VILLAGES 5.3 S, FL US","28.851667","-81.9889","18.9","2021-07-11","0.00"
"US1FLST0037","THE VILLAGES 5.3 S, FL US","28.851667","-81.9889","18.9","2021-07-12","0.00"
"US1FLST0037","THE VILLAGES 5.3 S, FL US","28.851667","-81.9889","18.9","2021-07-13","0.04"
"US1FLST0037","THE VILLAGES 5.3 S, FL US","28.851667","-81.9889","18.9","2021-07-14","0.00"
"US1FLST0037","THE VILLAGES 5.3 S, FL US","28.851667","-81.9889","18.9","2021-07-15","0.08"
"US1FLST0037","THE VILLAGES 5.3 S, FL US","28.851667","-81.9889","18.9","2021-07-16","0.00"
"US1FLST0037","THE VILLAGES 5.3 S, FL US","28.851667","-81.9889","18.9","2021-07-17","0.00"
"US1FLST0037","THE VILLAGES 5.3 S, FL US","28.851667","-81.9889","18.9","2021-07-18","0.00"
"US1FLST0037","THE VILLAGES 5.3 S, FL US","28.851667","-81.9889","18.9","2021-07-19","0.23"
"US1FLST0037","THE VILLAGES 5.3 S, FL US","28.851667","-81.9889","18.9","2021-07-20","0.11"
"US1FLST0037","THE VILLAGES 5.3 S, FL US","28.851667","-81.9889","18.9","2021-07-21","0.00"
"US1FLES0056","PENSACOLA 1.0 SW, FL US","30.43613","-87.20328","27.4","2021-07-04","0.19"
"US1FLES0056","PENSACOLA 1.0 SW, FL US","30.43613","-87.20328","27.4","2021-07-05","0.15"
"US1FLES0056","PENSACOLA 1.0 SW, FL US","30.43613","-87.20328","27.4","2021-07-06","2.36"
"US1FLES0056","PENSACOLA 1.0 SW, FL US","30.43613","-87.20328","27.4","2021-07-07","0.55"
"US1FLES0056","PENSACOLA 1.0 SW, FL US","30.43613","-87.20328","27.4","2021-07-08","0.00"
"US1FLES0056","PENSACOLA 1.0 SW, FL US","30.43613","-87.20328","27.4","2021-07-09","0.00"
"US1FLES0056","PENSACOLA 1.0 SW, FL US","30.43613","-87.20328","27.4","2021-07-10","0.42"
"US1FLES0056","PENSACOLA 1.0 SW, FL US","30.43613","-87.20328","27.4","2021-07-11","1.02"
"US1FLES0056","PENSACOLA 1.0 SW, FL US","30.43613","-87.20328","27.4","2021-07-12","0.77"
"US1FLES0056","PENSACOLA 1.0 SW, FL US","30.43613","-87.20328","27.4","2021-07-18",
"US1FLES0056","PENSACOLA 1.0 SW, FL US","30.43613","-87.20328","27.4","2021-07-19","0.24"
"US1FLES0056","PENSACOLA 1.0 SW, FL US","30.43613","-87.20328","27.4","2021-07-20","2.04"
"US1FLES0056","PENSACOLA 1.0 SW, FL US","30.43613","-87.20328","27.4","2021-07-21","0.58"
"US1FLCH0036","PORT CHARLOTTE 3.8 NE, FL US","27.028739","-82.07105","9.1","2021-07-04","0.01"
"US1FLCH0036","PORT CHARLOTTE 3.8 NE, FL US","27.028739","-82.07105","9.1","2021-07-05","0.00"
"US1FLCH0036","PORT CHARLOTTE 3.8 NE, FL US","27.028739","-82.07105","9.1","2021-07-06","0.00"
"US1FLCH0036","PORT CHARLOTTE 3.8 NE, FL US","27.028739","-82.07105","9.1","2021-07-07","2.33"
"US1FLCH0036","PORT CHARLOTTE 3.8 NE, FL US","27.028739","-82.07105","9.1","2021-07-08","0.06"
"US1FLCH0036","PORT CHARLOTTE 3.8 NE, FL US","27.028739","-82.07105","9.1","2021-07-09","0.01"
"US1FLCH0036","PORT CHARLOTTE 3.8 NE, FL US","27.028739","-82.07105","9.1","2021-07-10","0.00"
"US1FLCH0036","PORT CHARLOTTE 3.8 NE, FL US","27.028739","-82.07105","9.1","2021-07-11","0.35"
"US1FLCH0036","PORT CHARLOTTE 3.8 NE, FL US","27.028739","-82.07105","9.1","2021-07-12","0.18"
"US1FLCH0036","PORT CHARLOTTE 3.8 NE, FL US","27.028739","-82.07105","9.1","2021-07-13","0.27"
"US1FLCH0036","PORT CHARLOTTE 3.8 NE, FL US","27.028739","-82.07105","9.1","2021-07-14","0.03"
"US1FLCH0036","PORT CHARLOTTE 3.8 NE, FL US","27.028739","-82.07105","9.1","2021-07-15","0.22"
"US1FLCH0036","PORT CHARLOTTE 3.8 NE, FL US","27.028739","-82.07105","9.1","2021-07-16","0.00"
"US1FLCH0036","PORT CHARLOTTE 3.8 NE, FL US","27.028739","-82.07105","9.1","2021-07-17","0.07"
"US1FLCH0036","PORT CHARLOTTE 3.8 NE, FL US","27.028739","-82.07105","9.1","2021-07-18","0.24"
"US1FLCH0036","PORT CHARLOTTE 3.8 NE, FL US","27.028739","-82.07105","9.1","2021-07-19","0.15"
"US1FLCH0036","PORT CHARLOTTE 3.8 NE, FL US","27.028739","-82.07105","9.1","2021-07-20","0.01"
"US1FLCH0036","PORT CHARLOTTE 3.8 NE, FL US","27.028739","-82.07105","9.1","2021-07-21","0.00"
"US1FLCH0035","NORTH PORT 1.2 SSE, FL US","27.03233","-82.190153","17.4","2021-07-04","0.03"
"US1FLCH0035","NORTH PORT 1.2 SSE, FL US","27.03233","-82.190153","17.4","2021-07-05","0.00"
"US1FLCH0035","NORTH PORT 1.2 SSE, FL US","27.03233","-82.190153","17.4","2021-07-06","0.00"
"US1FLCH0035","NORTH PORT 1.2 SSE, FL US","27.03233","-82.190153","17.4","2021-07-07","4.08"
"US1FLCH0035","NORTH PORT 1.2 SSE, FL US","27.03233","-82.190153","17.4","2021-07-08","0.00"
"US1FLCH0035","NORTH PORT 1.2 SSE, FL US","27.03233","-82.190153","17.4","2021-07-09","0.00"
"US1FLCH0035","NORTH PORT 1.2 SSE, FL US","27.03233","-82.190153","17.4","2021-07-10","0.00"
"US1FLCH0035","NORTH PORT 1.2 SSE, FL US","27.03233","-82.190153","17.4","2021-07-11","0.87"
"US1FLCH0035","NORTH PORT 1.2 SSE, FL US","27.03233","-82.190153","17.4","2021-07-16",
"US1FLCH0035","NORTH PORT 1.2 SSE, FL US","27.03233","-82.190153","17.4","2021-07-17","0.17"
"US1FLCH0035","NORTH PORT 1.2 SSE, FL US","27.03233","-82.190153","17.4","2021-07-18","0.38"
"US1FLCH0035","NORTH PORT 1.2 SSE, FL US","27.03233","-82.190153","17.4","2021-07-19","0.74"
"US1FLCH0035","NORTH PORT 1.2 SSE, FL US","27.03233","-82.190153","17.4","2021-07-20","0.00"
"US1FLCH0035","NORTH PORT 1.2 SSE, FL US","27.03233","-82.190153","17.4","2021-07-21","0.00"
"US1FLST0032","LADY LAKE 4.3 W, FL US","28.919694","-81.999504","23.8","2021-07-06",
"US1FLST0032","LADY LAKE 4.3 W, FL US","28.919694","-81.999504","23.8","2021-07-07","1.10"
"US1FLST0032","LADY LAKE 4.3 W, FL US","28.919694","-81.999504","23.8","2021-07-08","0.50"
"US1FLST0032","LADY LAKE 4.3 W, FL US","28.919694","-81.999504","23.8","2021-07-09","0.11"
"US1FLST0032","LADY LAKE 4.3 W, FL US","28.919694","-81.999504","23.8","2021-07-10","0.08"
"US1FLST0032","LADY LAKE 4.3 W, FL US","28.919694","-81.999504","23.8","2021-07-11","0.02"
"US1FLST0032","LADY LAKE 4.3 W, FL US","28.919694","-81.999504","23.8","2021-07-13","0.49"
"US1FLST0032","LADY LAKE 4.3 W, FL US","28.919694","-81.999504","23.8","2021-07-14","0.00"
"US1FLST0032","LADY LAKE 4.3 W, FL US","28.919694","-81.999504","23.8","2021-07-15","0.77"
"US1FLST0032","LADY LAKE 4.3 W, FL US","28.919694","-81.999504","23.8","2021-07-16","0.00"
"US1FLST0032","LADY LAKE 4.3 W, FL US","28.919694","-81.999504","23.8","2021-07-17","0.00"
"US1FLST0032","LADY LAKE 4.3 W, FL US","28.919694","-81.999504","23.8","2021-07-18","0.00"
"US1FLST0032","LADY LAKE 4.3 W, FL US","28.919694","-81.999504","23.8","2021-07-20","0.30"
"US1FLST0032","LADY LAKE 4.3 W, FL US","28.919694","-81.999504","23.8","2021-07-21","0.03"
"US1FLCH0038","PORT CHARLOTTE 2.6 NNE, FL US","27.019368","-82.090123","6.4","2021-07-05",
"US1FLCH0038","PORT CHARLOTTE 2.6 NNE, FL US","27.019368","-82.090123","6.4","2021-07-06","0.00"
"US1FLCH0038","PORT CHARLOTTE 2.6 NNE, FL US","27.019368","-82.090123","6.4","2021-07-07","6.71"
"US1FLCH0038","PORT CHARLOTTE 2.6 NNE, FL US","27.019368","-82.090123","6.4","2021-07-08","0.00"
"US1FLCH0038","PORT CHARLOTTE 2.6 NNE, FL US","27.019368","-82.090123","6.4","2021-07-09","0.00"
"US1FLCH0038","PORT CHARLOTTE 2.6 NNE, FL US","27.019368","-82.090123","6.4","2021-07-10","0.00"
"US1FLCH0038","PORT CHARLOTTE 2.6 NNE, FL US","27.019368","-82.090123","6.4","2021-07-11","0.57"
"US1FLCH0038","PORT CHARLOTTE 2.6 NNE, FL US","27.019368","-82.090123","6.4","2021-07-12","0.30"
"US1FLCH0038","PORT CHARLOTTE 2.6 NNE, FL US","27.019368","-82.090123","6.4","2021-07-13","0.72"
"US1FLCH0038","PORT CHARLOTTE 2.6 NNE, FL US","27.019368","-82.090123","6.4","2021-07-14","0.05"
"US1FLCH0038","PORT CHARLOTTE 2.6 NNE, FL US","27.019368","-82.090123","6.4","2021-07-15","0.36"
"US1FLCH0038","PORT CHARLOTTE 2.6 NNE, FL US","27.019368","-82.090123","6.4","2021-07-16","0.00"
"US1FLCH0038","PORT CHARLOTTE 2.6 NNE, FL US","27.019368","-82.090123","6.4","2021-07-17","0.00"
"US1FLCH0038","PORT CHARLOTTE 2.6 NNE, FL US","27.019368","-82.090123","6.4","2021-07-18","0.99"
"US1FLCH0038","PORT CHARLOTTE 2.6 NNE, FL US","27.019368","-82.090123","6.4","2021-07-19","0.08"
"US1FLCH0038","PORT CHARLOTTE 2.6 NNE, FL US","27.019368","-82.090123","6.4","2021-07-20","0.00"
"US1FLCH0038","PORT CHARLOTTE 2.6 NNE, FL US","27.019368","-82.090123","6.4","2021-07-21","0.00"
"US1FLCH0037","PORT CHARLOTTE 3.7 NE, FL US","27.023098","-82.066335","7.0","2021-07-07","5.14"
"US1FLCH0037","PORT CHARLOTTE 3.7 NE, FL US","27.023098","-82.066335","7.0","2021-07-08","0.10"
"US1FLCH0037","PORT CHARLOTTE 3.7 NE, FL US","27.023098","-82.066335","7.0","2021-07-11","0.93"
"US1FLCH0037","PORT CHARLOTTE 3.7 NE, FL US","27.023098","-82.066335","7.0","2021-07-12","0.59"
"US1FLCH0037","PORT CHARLOTTE 3.7 NE, FL US","27.023098","-82.066335","7.0","2021-07-13","0.65"
"US1FLCH0037","PORT CHARLOTTE 3.7 NE, FL US","27.023098","-82.066335","7.0","2021-07-14","0.04"
"US1FLCH0037","PORT CHARLOTTE 3.7 NE, FL US","27.023098","-82.066335","7.0","2021-07-15","0.35"
"US1FLCH0037","PORT CHARLOTTE 3.7 NE, FL US","27.023098","-82.066335","7.0","2021-07-17","0.50"
"US1FLCH0037","PORT CHARLOTTE 3.7 NE, FL US","27.023098","-82.066335","7.0","2021-07-18","0.26"
"US1FLCH0037","PORT CHARLOTTE 3.7 NE, FL US","27.023098","-82.066335","7.0","2021-07-19","0.04"
"US1FLBW0099","WESTON 2.8 SE, FL US","26.07204","-80.3679",,"2021-07-04","0.00"
"US1FLBW0099","WESTON 2.8 SE, FL US","26.07204","-80.3679",,"2021-07-05","0.00"
"US1FLBW0099","WESTON 2.8 SE, FL US","26.07204","-80.3679",,"2021-07-06","0.93"
"US1FLBW0099","WESTON 2.8 SE, FL US","26.07204","-80.3679",,"2021-07-07","0.35"
"US1FLBW0099","WESTON 2.8 SE, FL US","26.07204","-80.3679",,"2021-07-08","0.00"
"US1FLBW0099","WESTON 2.8 SE, FL US","26.07204","-80.3679",,"2021-07-09","0.07"
"US1FLBW0099","WESTON 2.8 SE, FL US","26.07204","-80.3679",,"2021-07-10","0.01"
"US1FLBW0099","WESTON 2.8 SE, FL US","26.07204","-80.3679",,"2021-07-11","0.18"
"US1FLBW0099","WESTON 2.8 SE, FL US","26.07204","-80.3679",,"2021-07-12","0.47"
"US1FLBW0099","WESTON 2.8 SE, FL US","26.07204","-80.3679",,"2021-07-13","0.56"
"US1FLBW0099","WESTON 2.8 SE, FL US","26.07204","-80.3679",,"2021-07-14","0.91"
"US1FLBW0099","WESTON 2.8 SE, FL US","26.07204","-80.3679",,"2021-07-15","0.00"
"US1FLBW0099","WESTON 2.8 SE, FL US","26.07204","-80.3679",,"2021-07-16","0.07"
"US1FLBW0099","WESTON 2.8 SE, FL US","26.07204","-80.3679",,"2021-07-17","0.26"
"US1FLBW0099","WESTON 2.8 SE, FL US","26.07204","-80.3679",,"2021-07-18","0.04"
"US1FLBW0099","WESTON 2.8 SE, FL US","26.07204","-80.3679",,"2021-07-19","0.02"
"US1FLBW0099","WESTON 2.8 SE, FL US","26.07204","-80.3679",,"2021-07-20","0.02"
"US1FLBW0099","WESTON 2.8 SE, FL US","26.07204","-80.3679",,"2021-07-21","0.80"
"US1FLES0054","PENSACOLA 6.4 N, FL US","30.5366","-87.207","34.7","2021-07-04","0.02"
"US1FLES0054","PENSACOLA 6.4 N, FL US","30.5366","-87.207","34.7","2021-07-05","1.08"
"US1FLES0054","PENSACOLA 6.4 N, FL US","30.5366","-87.207","34.7","2021-07-06","0.48"
"US1FLES0054","PENSACOLA 6.4 N, FL US","30.5366","-87.207","34.7","2021-07-07","0.59"
"US1FLES0054","PENSACOLA 6.4 N, FL US","30.5366","-87.207","34.7","2021-07-08","0.00"
"US1FLES0054","PENSACOLA 6.4 N, FL US","30.5366","-87.207","34.7","2021-07-09","0.00"
"US1FLES0054","PENSACOLA 6.4 N, FL US","30.5366","-87.207","34.7","2021-07-10","0.79"
"US1FLES0054","PENSACOLA 6.4 N, FL US","30.5366","-87.207","34.7","2021-07-11","0.68"
"US1FLES0054","PENSACOLA 6.4 N, FL US","30.5366","-87.207","34.7","2021-07-12","0.42"
"US1FLES0054","PENSACOLA 6.4 N, FL US","30.5366","-87.207","34.7","2021-07-13","0.78"
"US1FLES0054","PENSACOLA 6.4 N, FL US","30.5366","-87.207","34.7","2021-07-15","0.00"
"US1FLES0054","PENSACOLA 6.4 N, FL US","30.5366","-87.207","34.7","2021-07-16","0.00"
"US1FLES0054","PENSACOLA 6.4 N, FL US","30.5366","-87.207","34.7","2021-07-17","0.42"
"US1FLES0054","PENSACOLA 6.4 N, FL US","30.5366","-87.207","34.7","2021-07-18","0.01"
"US1FLES0054","PENSACOLA 6.4 N, FL US","30.5366","-87.207","34.7","2021-07-19","0.11"
"US1FLES0054","PENSACOLA 6.4 N, FL US","30.5366","-87.207","34.7","2021-07-20","0.75"
"US1FLES0054","PENSACOLA 6.4 N, FL US","30.5366","-87.207","34.7","2021-07-21","0.46"
"USR0000FNAV","NAVAL LIVE OAKS FLORIDA, FL US","30.3664","-87.1375","4.6","2021-07-04",
"USR0000FNAV","NAVAL LIVE OAKS FLORIDA, FL US","30.3664","-87.1375","4.6","2021-07-05",
"USR0000FNAV","NAVAL LIVE OAKS FLORIDA, FL US","30.3664","-87.1375","4.6","2021-07-06",
"USR0000FNAV","NAVAL LIVE OAKS FLORIDA, FL US","30.3664","-87.1375","4.6","2021-07-07",
"USR0000FNAV","NAVAL LIVE OAKS FLORIDA, FL US","30.3664","-87.1375","4.6","2021-07-08",
"USR0000FNAV","NAVAL LIVE OAKS FLORIDA, FL US","30.3664","-87.1375","4.6","2021-07-09",
"USR0000FNAV","NAVAL LIVE OAKS FLORIDA, FL US","30.3664","-87.1375","4.6","2021-07-10",
"USR0000FNAV","NAVAL LIVE OAKS FLORIDA, FL US","30.3664","-87.1375","4.6","2021-07-11",
"USR0000FNAV","NAVAL LIVE OAKS FLORIDA, FL US","30.3664","-87.1375","4.6","2021-07-12",
"USR0000FNAV","NAVAL LIVE OAKS FLORIDA, FL US","30.3664","-87.1375","4.6","2021-07-13",
"USR0000FNAV","NAVAL LIVE OAKS FLORIDA, FL US","30.3664","-87.1375","4.6","2021-07-14",
"USR0000FNAV","NAVAL LIVE OAKS FLORIDA, FL US","30.3664","-87.1375","4.6","2021-07-15",
"USR0000FNAV","NAVAL LIVE OAKS FLORIDA, FL US","30.3664","-87.1375","4.6","2021-07-16",
"USR0000FNAV","NAVAL LIVE OAKS FLORIDA, FL US","30.3664","-87.1375","4.6","2021-07-17",
"USR0000FNAV","NAVAL LIVE OAKS FLORIDA, FL US","30.3664","-87.1375","4.6","2021-07-18",
"USR0000FNAV","NAVAL LIVE OAKS FLORIDA, FL US","30.3664","-87.1375","4.6","2021-07-19",
"USR0000FNAV","NAVAL LIVE OAKS FLORIDA, FL US","30.3664","-87.1375","4.6","2021-07-20",
"USR0000FNAV","NAVAL LIVE OAKS FLORIDA, FL US","30.3664","-87.1375","4.6","2021-07-21",
"US1FLES0055","PENSACOLA 12.4 WNW, FL US","30.507376","-87.383898","36.0","2021-07-04","0.00"
"US1FLES0055","PENSACOLA 12.4 WNW, FL US","30.507376","-87.383898","36.0","2021-07-05","0.07"
"US1FLES0055","PENSACOLA 12.4 WNW, FL US","30.507376","-87.383898","36.0","2021-07-06","0.23"
"US1FLES0055","PENSACOLA 12.4 WNW, FL US","30.507376","-87.383898","36.0","2021-07-07","0.67"
"US1FLES0055","PENSACOLA 12.4 WNW, FL US","30.507376","-87.383898","36.0","2021-07-08","0.02"
"US1FLES0055","PENSACOLA 12.4 WNW, FL US","30.507376","-87.383898","36.0","2021-07-09","0.00"
"US1FLES0055","PENSACOLA 12.4 WNW, FL US","30.507376","-87.383898","36.0","2021-07-10","0.35"
"US1FLES0055","PENSACOLA 12.4 WNW, FL US","30.507376","-87.383898","36.0","2021-07-11","1.31"
"US1FLES0055","PENSACOLA 12.4 WNW, FL US","30.507376","-87.383898","36.0","2021-07-12","0.31"
"US1FLES0055","PENSACOLA 12.4 WNW, FL US","30.507376","-87.383898","36.0","2021-07-13","0.48"
"US1FLES0055","PENSACOLA 12.4 WNW, FL US","30.507376","-87.383898","36.0","2021-07-14","0.02"
"US1FLES0055","PENSACOLA 12.4 WNW, FL US","30.507376","-87.383898","36.0","2021-07-15","0.00"
"US1FLES0055","PENSACOLA 12.4 WNW, FL US","30.507376","-87.383898","36.0","2021-07-16","0.06"
"US1FLES0055","PENSACOLA 12.4 WNW, FL US","30.507376","-87.383898","36.0","2021-07-17","3.36"
"US1FLES0055","PENSACOLA 12.4 WNW, FL US","30.507376","-87.383898","36.0","2021-07-18","0.00"
"US1FLES0055","PENSACOLA 12.4 WNW, FL US","30.507376","-87.383898","36.0","2021-07-19","0.48"
"US1FLES0055","PENSACOLA 12.4 WNW, FL US","30.507376","-87.383898","36.0","2021-07-20","0.98"
"US1FLES0055","PENSACOLA 12.4 WNW, FL US","30.507376","-87.383898","36.0","2021-07-21","0.86"
"US1FLBW0095","PLANTATION 1.9 SE, FL US","26.106931","-80.23944","1.8","2021-07-04",
"US1FLBW0095","PLANTATION 1.9 SE, FL US","26.106931","-80.23944","1.8","2021-07-07",
"US1FLBW0095","PLANTATION 1.9 SE, FL US","26.106931","-80.23944","1.8","2021-07-10",
"US1FLBW0095","PLANTATION 1.9 SE, FL US","26.106931","-80.23944","1.8","2021-07-11","0.10"
"US1FLBW0095","PLANTATION 1.9 SE, FL US","26.106931","-80.23944","1.8","2021-07-14","0.36"
"US1FLBW0095","PLANTATION 1.9 SE, FL US","26.106931","-80.23944","1.8","2021-07-15","0.22"
"US1FLBW0095","PLANTATION 1.9 SE, FL US","26.106931","-80.23944","1.8","2021-07-16","0.16"
"US1FLBW0095","PLANTATION 1.9 SE, FL US","26.106931","-80.23944","1.8","2021-07-17","0.53"
"US1FLBW0095","PLANTATION 1.9 SE, FL US","26.106931","-80.23944","1.8","2021-07-19","0.02"
"US1FLBW0095","PLANTATION 1.9 SE, FL US","26.106931","-80.23944","1.8","2021-07-21","0.85"
"US1FLES0053","PENSACOLA 4.7 N, FL US","30.512522","-87.181047","27.7","2021-07-04","0.51"
"US1FLES0053","PENSACOLA 4.7 N, FL US","30.512522","-87.181047","27.7","2021-07-05","0.88"
"US1FLES0053","PENSACOLA 4.7 N, FL US","30.512522","-87.181047","27.7","2021-07-06","0.73"
"US1FLES0053","PENSACOLA 4.7 N, FL US","30.512522","-87.181047","27.7","2021-07-19",
"US1FLES0053","PENSACOLA 4.7 N, FL US","30.512522","-87.181047","27.7","2021-07-21","1.34"
"USC00084802","LAKELAND 2, FL US","27.99437","-82.01378","42.4","2021-07-04","0.50"
"USC00084802","LAKELAND 2, FL US","27.99437","-82.01378","42.4","2021-07-05","0.01"
"USC00084802","LAKELAND 2, FL US","27.99437","-82.01378","42.4","2021-07-06","1.03"
"USC00084802","LAKELAND 2, FL US","27.99437","-82.01378","42.4","2021-07-07","3.76"
"USC00084802","LAKELAND 2, FL US","27.99437","-82.01378","42.4","2021-07-08","0.14"
"USC00084802","LAKELAND 2, FL US","27.99437","-82.01378","42.4","2021-07-09","0.01"
"USC00084802","LAKELAND 2, FL US","27.99437","-82.01378","42.4","2021-07-10","0.05"
"USC00084802","LAKELAND 2, FL US","27.99437","-82.01378","42.4","2021-07-11","0.50"
"USC00084802","LAKELAND 2, FL US","27.99437","-82.01378","42.4","2021-07-12","0.03"
"USC00084802","LAKELAND 2, FL US","27.99437","-82.01378","42.4","2021-07-13","0.00"
"USC00084802","LAKELAND 2, FL US","27.99437","-82.01378","42.4","2021-07-14","0.60"
"USC00084802","LAKELAND 2, FL US","27.99437","-82.01378","42.4","2021-07-15","0.00"
"USC00084802","LAKELAND 2, FL US","27.99437","-82.01378","42.4","2021-07-16","0.00"
"USC00084802","LAKELAND 2, FL US","27.99437","-82.01378","42.4","2021-07-17","0.00"
"USC00084802","LAKELAND 2, FL US","27.99437","-82.01378","42.4","2021-07-18","0.00"
"USC00084802","LAKELAND 2, FL US","27.99437","-82.01378","42.4","2021-07-19","0.10"
"USC00084802","LAKELAND 2, FL US","27.99437","-82.01378","42.4","2021-07-20","0.31"
"USC00084802","LAKELAND 2, FL US","27.99437","-82.01378","42.4","2021-07-21","0.11"
"US1FLBV0089","SATELLITE BEACH 0.7 ESE, FL US","28.162773","-80.59136","3.0","2021-07-04","0.02"
"US1FLBV0089","SATELLITE BEACH 0.7 ESE, FL US","28.162773","-80.59136","3.0","2021-07-05","1.55"
"US1FLBV0089","SATELLITE BEACH 0.7 ESE, FL US","28.162773","-80.59136","3.0","2021-07-06","0.22"
"US1FLBV0089","SATELLITE BEACH 0.7 ESE, FL US","28.162773","-80.59136","3.0","2021-07-07","0.14"
"US1FLBV0089","SATELLITE BEACH 0.7 ESE, FL US","28.162773","-80.59136","3.0","2021-07-08","0.05"
"US1FLBV0089","SATELLITE BEACH 0.7 ESE, FL US","28.162773","-80.59136","3.0","2021-07-09","0.01"
"US1FLBV0089","SATELLITE BEACH 0.7 ESE, FL US","28.162773","-80.59136","3.0","2021-07-10","0.24"
"US1FLBV0089","SATELLITE BEACH 0.7 ESE, FL US","28.162773","-80.59136","3.0","2021-07-11","0.00"
"US1FLBV0089","SATELLITE BEACH 0.7 ESE, FL US","28.162773","-80.59136","3.0","2021-07-12","0.00"
"US1FLBV0089","SATELLITE BEACH 0.7 ESE, FL US","28.162773","-80.59136","3.0","2021-07-13","0.09"
"US1FLBV0089","SATELLITE BEACH 0.7 ESE, FL US","28.162773","-80.59136","3.0","2021-07-14","0.05"
"US1FLBV0089","SATELLITE BEACH 0.7 ESE, FL US","28.162773","-80.59136","3.0","2021-07-15","0.00"
"US1FLBV0089","SATELLITE BEACH 0.7 ESE, FL US","28.162773","-80.59136","3.0","2021-07-16","0.00"
"US1FLBV0089","SATELLITE BEACH 0.7 ESE, FL US","28.162773","-80.59136","3.0","2021-07-17","0.00"
"US1FLBV0089","SATELLITE BEACH 0.7 ESE, FL US","28.162773","-80.59136","3.0","2021-07-18","0.00"
"US1FLBV0089","SATELLITE BEACH 0.7 ESE, FL US","28.162773","-80.59136","3.0","2021-07-19","0.00"
"US1FLBV0089","SATELLITE BEACH 0.7 ESE, FL US","28.162773","-80.59136","3.0","2021-07-20","0.00"
"US1FLBV0089","SATELLITE BEACH 0.7 ESE, FL US","28.162773","-80.59136","3.0","2021-07-21","0.24"
"US1FLBV0085","COCOA 4.6 NW, FL US","28.4247","-80.8018","8.5","2021-07-06",
"US1FLBV0085","COCOA 4.6 NW, FL US","28.4247","-80.8018","8.5","2021-07-08","0.47"
"US1FLBV0085","COCOA 4.6 NW, FL US","28.4247","-80.8018","8.5","2021-07-09","0.14"
"US1FLBV0085","COCOA 4.6 NW, FL US","28.4247","-80.8018","8.5","2021-07-10","0.30"
"US1FLBV0085","COCOA 4.6 NW, FL US","28.4247","-80.8018","8.5","2021-07-11","1.44"
"US1FLBV0085","COCOA 4.6 NW, FL US","28.4247","-80.8018","8.5","2021-07-12","0.11"
"US1FLBV0085","COCOA 4.6 NW, FL US","28.4247","-80.8018","8.5","2021-07-13","0.87"
"US1FLBV0085","COCOA 4.6 NW, FL US","28.4247","-80.8018","8.5","2021-07-15","0.41"
"US1FLBV0085","COCOA 4.6 NW, FL US","28.4247","-80.8018","8.5","2021-07-20","0.55"
"US1FLBV0085","COCOA 4.6 NW, FL US","28.4247","-80.8018","8.5","2021-07-21","0.31"
"US1FLCH0040","NORTH PORT 5.4 SW, FL US","26.987012","-82.24624","0.9","2021-07-04","0.00"
"US1FLCH0040","NORTH PORT 5.4 SW, FL US","26.987012","-82.24624","0.9","2021-07-05","0.00"
"US1FLCH0040","NORTH PORT 5.4 SW, FL US","26.987012","-82.24624","0.9","2021-07-06","0.00"
"US1FLCH0040","NORTH PORT 5.4 SW, FL US","26.987012","-82.24624","0.9","2021-07-07","8.45"
"US1FLCH0040","NORTH PORT 5.4 SW, FL US","26.987012","-82.24624","0.9","2021-07-08","0.03"
"US1FLCH0040","NORTH PORT 5.4 SW, FL US","26.987012","-82.24624","0.9","2021-07-09","0.00"
"US1FLCH0040","NORTH PORT 5.4 SW, FL US","26.987012","-82.24624","0.9","2021-07-10","0.00"
"US1FLCH0040","NORTH PORT 5.4 SW, FL US","26.987012","-82.24624","0.9","2021-07-11","0.38"
"US1FLCH0040","NORTH PORT 5.4 SW, FL US","26.987012","-82.24624","0.9","2021-07-12","0.30"
"US1FLCH0040","NORTH PORT 5.4 SW, FL US","26.987012","-82.24624","0.9","2021-07-13","0.05"
"US1FLCH0040","NORTH PORT 5.4 SW, FL US","26.987012","-82.24624","0.9","2021-07-14","0.19"
"US1FLCH0040","NORTH PORT 5.4 SW, FL US","26.987012","-82.24624","0.9","2021-07-15","0.40"
"US1FLCH0040","NORTH PORT 5.4 SW, FL US","26.987012","-82.24624","0.9","2021-07-16","0.03"
"US1FLCH0040","NORTH PORT 5.4 SW, FL US","26.987012","-82.24624","0.9","2021-07-17","0.14"
"US1FLCH0040","NORTH PORT 5.4 SW, FL US","26.987012","-82.24624","0.9","2021-07-18","2.33"
"US1FLCH0040","NORTH PORT 5.4 SW, FL US","26.987012","-82.24624","0.9","2021-07-19","0.01"
"US1FLCH0040","NORTH PORT 5.4 SW, FL US","26.987012","-82.24624","0.9","2021-07-20","0.00"
"US1FLCH0040","NORTH PORT 5.4 SW, FL US","26.987012","-82.24624","0.9","2021-07-21","0.05"
"US1FLCH0029","PORT CHARLOTTE 9.3 SW, FL US","26.89659","-82.22205","1.8","2021-07-10","0.00"
"US1FLCH0029","PORT CHARLOTTE 9.3 SW, FL US","26.89659","-82.22205","1.8","2021-07-11","0.66"
"US1FLCH0029","PORT CHARLOTTE 9.3 SW, FL US","26.89659","-82.22205","1.8","2021-07-12","0.00"
"US1FLCH0029","PORT CHARLOTTE 9.3 SW, FL US","26.89659","-82.22205","1.8","2021-07-13","0.03"
"US1FLCH0029","PORT CHARLOTTE 9.3 SW, FL US","26.89659","-82.22205","1.8","2021-07-14","1.49"
"US1FLCH0029","PORT CHARLOTTE 9.3 SW, FL US","26.89659","-82.22205","1.8","2021-07-15","0.46"
"US1FLCH0029","PORT CHARLOTTE 9.3 SW, FL US","26.89659","-82.22205","1.8","2021-07-16","0.00"
"US1FLCH0029","PORT CHARLOTTE 9.3 SW, FL US","26.89659","-82.22205","1.8","2021-07-17","0.17"
"US1FLCH0029","PORT CHARLOTTE 9.3 SW, FL US","26.89659","-82.22205","1.8","2021-07-18","3.42"
"US1FLCH0029","PORT CHARLOTTE 9.3 SW, FL US","26.89659","-82.22205","1.8","2021-07-19","0.42"
"US1FLCH0029","PORT CHARLOTTE 9.3 SW, FL US","26.89659","-82.22205","1.8","2021-07-20","0.00"
"US1FLCH0029","PORT CHARLOTTE 9.3 SW, FL US","26.89659","-82.22205","1.8","2021-07-21","0.00"
"US1FLES0048","PENSACOLA 2.4 SW, FL US","30.42412","-87.22232","25.6","2021-07-04","0.28"
"US1FLES0048","PENSACOLA 2.4 SW, FL US","30.42412","-87.22232","25.6","2021-07-06","1.82"
"US1FLES0048","PENSACOLA 2.4 SW, FL US","30.42412","-87.22232","25.6","2021-07-07","0.84"
"US1FLBV0078","COCOA 5.1 NW, FL US","28.42102","-80.81711","10.4","2021-07-07","0.14"
"US1FLBV0078","COCOA 5.1 NW, FL US","28.42102","-80.81711","10.4","2021-07-08","0.22"
"US1FLBV0078","COCOA 5.1 NW, FL US","28.42102","-80.81711","10.4","2021-07-09","0.02"
"US1FLBV0078","COCOA 5.1 NW, FL US","28.42102","-80.81711","10.4","2021-07-10","0.42"
"US1FLBV0078","COCOA 5.1 NW, FL US","28.42102","-80.81711","10.4","2021-07-11","1.92"
"US1FLBV0078","COCOA 5.1 NW, FL US","28.42102","-80.81711","10.4","2021-07-12","0.18"
"US1FLBV0078","COCOA 5.1 NW, FL US","28.42102","-80.81711","10.4","2021-07-13","1.10"
"US1FLBV0078","COCOA 5.1 NW, FL US","28.42102","-80.81711","10.4","2021-07-14","0.01"
"US1FLBV0078","COCOA 5.1 NW, FL US","28.42102","-80.81711","10.4","2021-07-15","0.31"
"US1FLBV0078","COCOA 5.1 NW, FL US","28.42102","-80.81711","10.4","2021-07-16","0.00"
"US1FLBV0078","COCOA 5.1 NW, FL US","28.42102","-80.81711","10.4","2021-07-17","0.00"
"US1FLBV0078","COCOA 5.1 NW, FL US","28.42102","-80.81711","10.4","2021-07-18","0.00"
"US1FLBV0078","COCOA 5.1 NW, FL US","28.42102","-80.81711","10.4","2021-07-19","0.00"
"US1FLBV0078","COCOA 5.1 NW, FL US","28.42102","-80.81711","10.4","2021-07-20","0.41"
"US1FLBV0078","COCOA 5.1 NW, FL US","28.42102","-80.81711","10.4","2021-07-21","0.28"
"US1FLOR0072","UNION PARK 3.1 SE, FL US","28.5381","-81.19318","30.8","2021-07-04","1.10"
"US1FLOR0072","UNION PARK 3.1 SE, FL US","28.5381","-81.19318","30.8","2021-07-05","0.20"
"US1FLOR0072","UNION PARK 3.1 SE, FL US","28.5381","-81.19318","30.8","2021-07-06","0.00"
"US1FLOR0072","UNION PARK 3.1 SE, FL US","28.5381","-81.19318","30.8","2021-07-07","0.80"
"US1FLOR0072","UNION PARK 3.1 SE, FL US","28.5381","-81.19318","30.8","2021-07-08","0.08"
"US1FLOR0072","UNION PARK 3.1 SE, FL US","28.5381","-81.19318","30.8","2021-07-09","0.67"
"US1FLOR0072","UNION PARK 3.1 SE, FL US","28.5381","-81.19318","30.8","2021-07-10","0.44"
"US1FLOR0072","UNION PARK 3.1 SE, FL US","28.5381","-81.19318","30.8","2021-07-11","0.00"
"US1FLOR0072","UNION PARK 3.1 SE, FL US","28.5381","-81.19318","30.8","2021-07-12","0.00"
"US1FLOR0072","UNION PARK 3.1 SE, FL US","28.5381","-81.19318","30.8","2021-07-13","1.02"
"US1FLOR0072","UNION PARK 3.1 SE, FL US","28.5381","-81.19318","30.8","2021-07-14","0.02"
"US1FLOR0072","UNION PARK 3.1 SE, FL US","28.5381","-81.19318","30.8","2021-07-15","0.65"
"US1FLOR0072","UNION PARK 3.1 SE, FL US","28.5381","-81.19318","30.8","2021-07-16","0.00"
"US1FLOR0072","UNION PARK 3.1 SE, FL US","28.5381","-81.19318","30.8","2021-07-17","0.00"
"US1FLOR0072","UNION PARK 3.1 SE, FL US","28.5381","-81.19318","30.8","2021-07-18","0.00"
"US1FLOR0072","UNION PARK 3.1 SE, FL US","28.5381","-81.19318","30.8","2021-07-19","0.04"
"US1FLOR0072","UNION PARK 3.1 SE, FL US","28.5381","-81.19318","30.8","2021-07-20","0.32"
"US1FLOR0072","UNION PARK 3.1 SE, FL US","28.5381","-81.19318","30.8","2021-07-21","0.33"
"US1FLCH0034","ENGLEWOOD 2.4 SE, FL US","26.93531","-82.32599","2.1","2021-07-04","0.00"
"US1FLCH0034","ENGLEWOOD 2.4 SE, FL US","26.93531","-82.32599","2.1","2021-07-05","0.00"
"US1FLCH0034","ENGLEWOOD 2.4 SE, FL US","26.93531","-82.32599","2.1","2021-07-06","0.08"
"US1FLCH0034","ENGLEWOOD 2.4 SE, FL US","26.93531","-82.32599","2.1","2021-07-07","5.40"
"US1FLCH0034","ENGLEWOOD 2.4 SE, FL US","26.93531","-82.32599","2.1","2021-07-08","0.02"
"US1FLCH0034","ENGLEWOOD 2.4 SE, FL US","26.93531","-82.32599","2.1","2021-07-09","0.00"
"US1FLCH0034","ENGLEWOOD 2.4 SE, FL US","26.93531","-82.32599","2.1","2021-07-10","0.00"
"US1FLCH0034","ENGLEWOOD 2.4 SE, FL US","26.93531","-82.32599","2.1","2021-07-11","0.16"
"US1FLCH0034","ENGLEWOOD 2.4 SE, FL US","26.93531","-82.32599","2.1","2021-07-12","0.76"
"US1FLCH0034","ENGLEWOOD 2.4 SE, FL US","26.93531","-82.32599","2.1","2021-07-13","0.50"
"US1FLCH0034","ENGLEWOOD 2.4 SE, FL US","26.93531","-82.32599","2.1","2021-07-14","0.12"
"US1FLCH0034","ENGLEWOOD 2.4 SE, FL US","26.93531","-82.32599","2.1","2021-07-15","0.06"
"US1FLCH0034","ENGLEWOOD 2.4 SE, FL US","26.93531","-82.32599","2.1","2021-07-16","0.01"
"US1FLCH0034","ENGLEWOOD 2.4 SE, FL US","26.93531","-82.32599","2.1","2021-07-17","0.15"
"US1FLCH0034","ENGLEWOOD 2.4 SE, FL US","26.93531","-82.32599","2.1","2021-07-18","1.20"
"US1FLCH0034","ENGLEWOOD 2.4 SE, FL US","26.93531","-82.32599","2.1","2021-07-19","0.03"
"US1FLCH0034","ENGLEWOOD 2.4 SE, FL US","26.93531","-82.32599","2.1","2021-07-20","0.00"
"US1FLCH0034","ENGLEWOOD 2.4 SE, FL US","26.93531","-82.32599","2.1","2021-07-21","0.00"
"US1FLOR0071","BITHLO 7.8 S, FL US","28.45892","-81.08823","24.1","2021-07-04","0.34"
"US1FLOR0071","BITHLO 7.8 S, FL US","28.45892","-81.08823","24.1","2021-07-05","0.19"
"US1FLOR0071","BITHLO 7.8 S, FL US","28.45892","-81.08823","24.1","2021-07-06","0.01"
"US1FLOR0071","BITHLO 7.8 S, FL US","28.45892","-81.08823","24.1","2021-07-07","0.61"
"US1FLOR0071","BITHLO 7.8 S, FL US","28.45892","-81.08823","24.1","2021-07-08","0.07"
"US1FLOR0071","BITHLO 7.8 S, FL US","28.45892","-81.08823","24.1","2021-07-09","0.18"
"US1FLOR0071","BITHLO 7.8 S, FL US","28.45892","-81.08823","24.1","2021-07-10","0.78"
"US1FLOR0071","BITHLO 7.8 S, FL US","28.45892","-81.08823","24.1","2021-07-16","0.00"
"US1FLOR0071","BITHLO 7.8 S, FL US","28.45892","-81.08823","24.1","2021-07-17","0.00"
"US1FLOR0071","BITHLO 7.8 S, FL US","28.45892","-81.08823","24.1","2021-07-18","0.00"
"US1FLCH0030","PORT CHARLOTTE 4.0 WSW, FL US","26.963381","-82.168039","2.4","2021-07-07","6.90"
"US1FLCH0030","PORT CHARLOTTE 4.0 WSW, FL US","26.963381","-82.168039","2.4","2021-07-18","0.87"
"US1FLBV0072","PALM BAY 3.2 S, FL US","27.939933","-80.669107","7.3","2021-07-04","0.15"
"US1FLBV0072","PALM BAY 3.2 S, FL US","27.939933","-80.669107","7.3","2021-07-05","0.00"
"US1FLBV0072","PALM BAY 3.2 S, FL US","27.939933","-80.669107","7.3","2021-07-06","0.66"
"US1FLBV0072","PALM BAY 3.2 S, FL US","27.939933","-80.669107","7.3","2021-07-07","0.12"
"US1FLBV0072","PALM BAY 3.2 S, FL US","27.939933","-80.669107","7.3","2021-07-08","0.06"
"US1FLBV0072","PALM BAY 3.2 S, FL US","27.939933","-80.669107","7.3","2021-07-09","0.61"
"US1FLBV0072","PALM BAY 3.2 S, FL US","27.939933","-80.669107","7.3","2021-07-10","0.08"
"US1FLBV0072","PALM BAY 3.2 S, FL US","27.939933","-80.669107","7.3","2021-07-11","0.02"
"US1FLBV0072","PALM BAY 3.2 S, FL US","27.939933","-80.669107","7.3","2021-07-12","2.17"
"US1FLBV0072","PALM BAY 3.2 S, FL US","27.939933","-80.669107","7.3","2021-07-13","0.40"
"US1FLBV0072","PALM BAY 3.2 S, FL US","27.939933","-80.669107","7.3","2021-07-14","0.12"
"US1FLBV0072","PALM BAY 3.2 S, FL US","27.939933","-80.669107","7.3","2021-07-18",
"US1FLBV0072","PALM BAY 3.2 S, FL US","27.939933","-80.669107","7.3","2021-07-19","0.00"
"US1FLBV0072","PALM BAY 3.2 S, FL US","27.939933","-80.669107","7.3","2021-07-20","0.00"
"US1FLBV0072","PALM BAY 3.2 S, FL US","27.939933","-80.669107","7.3","2021-07-21","0.02"
"US1FLBV0073","TITUSVILLE 0.9 SW, FL US","28.5808","-80.83114","8.8","2021-07-06",
"US1FLBV0073","TITUSVILLE 0.9 SW, FL US","28.5808","-80.83114","8.8","2021-07-07","0.48"
"US1FLBV0073","TITUSVILLE 0.9 SW, FL US","28.5808","-80.83114","8.8","2021-07-11",
"US1FLBV0073","TITUSVILLE 0.9 SW, FL US","28.5808","-80.83114","8.8","2021-07-16",
"US1FLBV0073","TITUSVILLE 0.9 SW, FL US","28.5808","-80.83114","8.8","2021-07-17","0.00"
"US1FLBV0073","TITUSVILLE 0.9 SW, FL US","28.5808","-80.83114","8.8","2021-07-18","0.00"
"US1FLLV0014","WILLISTON 6.9 NW, FL US","29.442021","-82.535997","21.0","2021-07-04","0.85"
"US1FLLV0014","WILLISTON 6.9 NW, FL US","29.442021","-82.535997","21.0","2021-07-05","0.79"
"US1FLLV0014","WILLISTON 6.9 NW, FL US","29.442021","-82.535997","21.0","2021-07-06","0.02"
"US1FLLV0014","WILLISTON 6.9 NW, FL US","29.442021","-82.535997","21.0","2021-07-07","0.68"
"US1FLLV0015","INGLIS 0.6 N, FL US","29.04094","-82.65981","10.4","2021-07-04","1.51"
"US1FLLV0015","INGLIS 0.6 N, FL US","29.04094","-82.65981","10.4","2021-07-05","0.66"
"US1FLLV0015","INGLIS 0.6 N, FL US","29.04094","-82.65981","10.4","2021-07-06","0.06"
"US1FLLV0015","INGLIS 0.6 N, FL US","29.04094","-82.65981","10.4","2021-07-07","1.87"
"US1FLLV0015","INGLIS 0.6 N, FL US","29.04094","-82.65981","10.4","2021-07-08","3.79"
"US1FLLV0015","INGLIS 0.6 N, FL US","29.04094","-82.65981","10.4","2021-07-09","0.02"
"US1FLLV0015","INGLIS 0.6 N, FL US","29.04094","-82.65981","10.4","2021-07-10","0.00"
"US1FLLV0015","INGLIS 0.6 N, FL US","29.04094","-82.65981","10.4","2021-07-11","0.00"
"US1FLLV0015","INGLIS 0.6 N, FL US","29.04094","-82.65981","10.4","2021-07-12","0.02"
"US1FLLV0015","INGLIS 0.6 N, FL US","29.04094","-82.65981","10.4","2021-07-13","0.12"
"US1FLLV0015","INGLIS 0.6 N, FL US","29.04094","-82.65981","10.4","2021-07-14","0.00"
"US1FLLV0015","INGLIS 0.6 N, FL US","29.04094","-82.65981","10.4","2021-07-15","0.07"
"US1FLLV0015","INGLIS 0.6 N, FL US","29.04094","-82.65981","10.4","2021-07-16","0.00"
"US1FLLV0015","INGLIS 0.6 N, FL US","29.04094","-82.65981","10.4","2021-07-17","0.00"
"US1FLLV0015","INGLIS 0.6 N, FL US","29.04094","-82.65981","10.4","2021-07-18","0.00"
"US1FLLV0015","INGLIS 0.6 N, FL US","29.04094","-82.65981","10.4","2021-07-19","0.00"
"US1FLLV0015","INGLIS 0.6 N, FL US","29.04094","-82.65981","10.4","2021-07-20","0.00"
"US1FLLV0015","INGLIS 0.6 N, FL US","29.04094","-82.65981","10.4","2021-07-21","0.00"
"US1FLCY0007","KEYSTONE HEIGHTS 3.5 ENE, FL US","29.798056","-81.978811","39.0","2021-07-04","0.00"
"US1FLCY0007","KEYSTONE HEIGHTS 3.5 ENE, FL US","29.798056","-81.978811","39.0","2021-07-05","0.20"
"US1FLCY0007","KEYSTONE HEIGHTS 3.5 ENE, FL US","29.798056","-81.978811","39.0","2021-07-06","0.00"
"US1FLCY0007","KEYSTONE HEIGHTS 3.5 ENE, FL US","29.798056","-81.978811","39.0","2021-07-07","0.15"
"US1FLCY0007","KEYSTONE HEIGHTS 3.5 ENE, FL US","29.798056","-81.978811","39.0","2021-07-08","3.80"
"US1FLCY0007","KEYSTONE HEIGHTS 3.5 ENE, FL US","29.798056","-81.978811","39.0","2021-07-09","0.68"
"US1FLCY0007","KEYSTONE HEIGHTS 3.5 ENE, FL US","29.798056","-81.978811","39.0","2021-07-10","0.23"
"US1FLCY0007","KEYSTONE HEIGHTS 3.5 ENE, FL US","29.798056","-81.978811","39.0","2021-07-11","0.00"
"US1FLCY0007","KEYSTONE HEIGHTS 3.5 ENE, FL US","29.798056","-81.978811","39.0","2021-07-12","0.03"
"US1FLCY0007","KEYSTONE HEIGHTS 3.5 ENE, FL US","29.798056","-81.978811","39.0","2021-07-13","0.05"
"US1FLCY0007","KEYSTONE HEIGHTS 3.5 ENE, FL US","29.798056","-81.978811","39.0","2021-07-14","0.00"
"US1FLCY0007","KEYSTONE HEIGHTS 3.5 ENE, FL US","29.798056","-81.978811","39.0","2021-07-15","0.00"
"US1FLCY0007","KEYSTONE HEIGHTS 3.5 ENE, FL US","29.798056","-81.978811","39.0","2021-07-16","0.00"
"US1FLCY0007","KEYSTONE HEIGHTS 3.5 ENE, FL US","29.798056","-81.978811","39.0","2021-07-17","0.00"
"US1FLCY0007","KEYSTONE HEIGHTS 3.5 ENE, FL US","29.798056","-81.978811","39.0","2021-07-18","0.00"
"US1FLCY0007","KEYSTONE HEIGHTS 3.5 ENE, FL US","29.798056","-81.978811","39.0","2021-07-19","0.03"
"US1FLCY0007","KEYSTONE HEIGHTS 3.5 ENE, FL US","29.798056","-81.978811","39.0","2021-07-20","0.25"
"US1FLCY0007","KEYSTONE HEIGHTS 3.5 ENE, FL US","29.798056","-81.978811","39.0","2021-07-21","0.23"
"US1FLCY0001","FLEMING ISLAND 1.7 SE, FL US","30.0785","-81.6956","3.0","2021-07-04","0.00"
"US1FLCY0001","FLEMING ISLAND 1.7 SE, FL US","30.0785","-81.6956","3.0","2021-07-05","0.06"
"US1FLCY0001","FLEMING ISLAND 1.7 SE, FL US","30.0785","-81.6956","3.0","2021-07-06","0.00"
"US1FLCY0001","FLEMING ISLAND 1.7 SE, FL US","30.0785","-81.6956","3.0","2021-07-07","0.00"
"US1FLCY0001","FLEMING ISLAND 1.7 SE, FL US","30.0785","-81.6956","3.0","2021-07-08","1.98"
"US1FLCY0001","FLEMING ISLAND 1.7 SE, FL US","30.0785","-81.6956","3.0","2021-07-09","0.00"
"US1FLCY0001","FLEMING ISLAND 1.7 SE, FL US","30.0785","-81.6956","3.0","2021-07-10","0.00"
"US1FLCY0001","FLEMING ISLAND 1.7 SE, FL US","30.0785","-81.6956","3.0","2021-07-11","0.00"
"US1FLCY0001","FLEMING ISLAND 1.7 SE, FL US","30.0785","-81.6956","3.0","2021-07-12","0.03"
"US1FLCY0001","FLEMING ISLAND 1.7 SE, FL US","30.0785","-81.6956","3.0","2021-07-13","0.09"
"US1FLCY0001","FLEMING ISLAND 1.7 SE, FL US","30.0785","-81.6956","3.0","2021-07-14","0.52"
"US1FLCY0001","FLEMING ISLAND 1.7 SE, FL US","30.0785","-81.6956","3.0","2021-07-15","0.00"
"US1FLCY0001","FLEMING ISLAND 1.7 SE, FL US","30.0785","-81.6956","3.0","2021-07-16","0.29"
"US1FLCY0001","FLEMING ISLAND 1.7 SE, FL US","30.0785","-81.6956","3.0","2021-07-17","0.00"
"US1FLCY0001","FLEMING ISLAND 1.7 SE, FL US","30.0785","-81.6956","3.0","2021-07-18","0.00"
"US1FLCY0001","FLEMING ISLAND 1.7 SE, FL US","30.0785","-81.6956","3.0","2021-07-19","0.00"
"US1FLCY0001","FLEMING ISLAND 1.7 SE, FL US","30.0785","-81.6956","3.0","2021-07-20","1.88"
"US1FLCY0001","FLEMING ISLAND 1.7 SE, FL US","30.0785","-81.6956","3.0","2021-07-21","0.00"
"US1FLCY0003","KEYSTONE HEIGHTS 6.9 ENE, FL US","29.81717","-81.92745","35.1","2021-07-04","0.00"
"US1FLCY0003","KEYSTONE HEIGHTS 6.9 ENE, FL US","29.81717","-81.92745","35.1","2021-07-05","0.15"
"US1FLCY0003","KEYSTONE HEIGHTS 6.9 ENE, FL US","29.81717","-81.92745","35.1","2021-07-06","0.00"
"US1FLCY0003","KEYSTONE HEIGHTS 6.9 ENE, FL US","29.81717","-81.92745","35.1","2021-07-07","0.10"
"US1FLCY0003","KEYSTONE HEIGHTS 6.9 ENE, FL US","29.81717","-81.92745","35.1","2021-07-08","3.00"
"US1FLCY0003","KEYSTONE HEIGHTS 6.9 ENE, FL US","29.81717","-81.92745","35.1","2021-07-09","0.26"
"US1FLCY0003","KEYSTONE HEIGHTS 6.9 ENE, FL US","29.81717","-81.92745","35.1","2021-07-10","0.22"
"US1FLCY0003","KEYSTONE HEIGHTS 6.9 ENE, FL US","29.81717","-81.92745","35.1","2021-07-11","0.00"
"US1FLCY0003","KEYSTONE HEIGHTS 6.9 ENE, FL US","29.81717","-81.92745","35.1","2021-07-12","0.04"
"US1FLCY0003","KEYSTONE HEIGHTS 6.9 ENE, FL US","29.81717","-81.92745","35.1","2021-07-13","0.06"
"US1FLCY0003","KEYSTONE HEIGHTS 6.9 ENE, FL US","29.81717","-81.92745","35.1","2021-07-14","0.04"
"US1FLCY0003","KEYSTONE HEIGHTS 6.9 ENE, FL US","29.81717","-81.92745","35.1","2021-07-15","0.00"
"US1FLCY0003","KEYSTONE HEIGHTS 6.9 ENE, FL US","29.81717","-81.92745","35.1","2021-07-16","0.00"
"US1FLCY0003","KEYSTONE HEIGHTS 6.9 ENE, FL US","29.81717","-81.92745","35.1","2021-07-17","0.00"
"US1FLCY0003","KEYSTONE HEIGHTS 6.9 ENE, FL US","29.81717","-81.92745","35.1","2021-07-18","0.00"
"US1FLCY0003","KEYSTONE HEIGHTS 6.9 ENE, FL US","29.81717","-81.92745","35.1","2021-07-19","0.02"
"US1FLCY0003","KEYSTONE HEIGHTS 6.9 ENE, FL US","29.81717","-81.92745","35.1","2021-07-20","0.13"
"US1FLCY0003","KEYSTONE HEIGHTS 6.9 ENE, FL US","29.81717","-81.92745","35.1","2021-07-21","0.64"
"US1FLPN0009","ST. PETERSBURG 2.3 SSE, FL US","27.725489","-82.632544","7.0","2021-07-04","0.51"
"US1FLPN0009","ST. PETERSBURG 2.3 SSE, FL US","27.725489","-82.632544","7.0","2021-07-05","0.00"
"US1FLPN0009","ST. PETERSBURG 2.3 SSE, FL US","27.725489","-82.632544","7.0","2021-07-06","0.24"
"US1FLPN0009","ST. PETERSBURG 2.3 SSE, FL US","27.725489","-82.632544","7.0","2021-07-07","2.35"
"US1FLPN0009","ST. PETERSBURG 2.3 SSE, FL US","27.725489","-82.632544","7.0","2021-07-08","1.22"
"US1FLPN0009","ST. PETERSBURG 2.3 SSE, FL US","27.725489","-82.632544","7.0","2021-07-09","0.02"
"US1FLPN0009","ST. PETERSBURG 2.3 SSE, FL US","27.725489","-82.632544","7.0","2021-07-10","0.00"
"US1FLPN0009","ST. PETERSBURG 2.3 SSE, FL US","27.725489","-82.632544","7.0","2021-07-11","0.00"
"US1FLPN0009","ST. PETERSBURG 2.3 SSE, FL US","27.725489","-82.632544","7.0","2021-07-12","0.01"
"US1FLPN0009","ST. PETERSBURG 2.3 SSE, FL US","27.725489","-82.632544","7.0","2021-07-13","0.32"
"US1FLPN0009","ST. PETERSBURG 2.3 SSE, FL US","27.725489","-82.632544","7.0","2021-07-14","0.37"
"US1FLPN0009","ST. PETERSBURG 2.3 SSE, FL US","27.725489","-82.632544","7.0","2021-07-15","0.00"
"US1FLPN0009","ST. PETERSBURG 2.3 SSE, FL US","27.725489","-82.632544","7.0","2021-07-16","0.00"
"US1FLPN0009","ST. PETERSBURG 2.3 SSE, FL US","27.725489","-82.632544","7.0","2021-07-17","0.09"
"US1FLPN0009","ST. PETERSBURG 2.3 SSE, FL US","27.725489","-82.632544","7.0","2021-07-18","0.00"
"US1FLPN0009","ST. PETERSBURG 2.3 SSE, FL US","27.725489","-82.632544","7.0","2021-07-19","0.00"
"US1FLPN0009","ST. PETERSBURG 2.3 SSE, FL US","27.725489","-82.632544","7.0","2021-07-20","0.00"
"US1FLPN0009","ST. PETERSBURG 2.3 SSE, FL US","27.725489","-82.632544","7.0","2021-07-21","0.00"
"US1FLHB0069","RIVERVIEW 2.1 W, FL US","27.8658","-82.3507","13.1","2021-07-04","2.28"
"US1FLHB0069","RIVERVIEW 2.1 W, FL US","27.8658","-82.3507","13.1","2021-07-05","0.00"
"US1FLHB0069","RIVERVIEW 2.1 W, FL US","27.8658","-82.3507","13.1","2021-07-06","1.28"
"US1FLHB0069","RIVERVIEW 2.1 W, FL US","27.8658","-82.3507","13.1","2021-07-07","2.54"
"US1FLHB0069","RIVERVIEW 2.1 W, FL US","27.8658","-82.3507","13.1","2021-07-08","0.84"
"US1FLHB0069","RIVERVIEW 2.1 W, FL US","27.8658","-82.3507","13.1","2021-07-09","0.00"
"US1FLHB0069","RIVERVIEW 2.1 W, FL US","27.8658","-82.3507","13.1","2021-07-10","0.00"
"US1FLHB0069","RIVERVIEW 2.1 W, FL US","27.8658","-82.3507","13.1","2021-07-11","0.46"
"US1FLHB0069","RIVERVIEW 2.1 W, FL US","27.8658","-82.3507","13.1","2021-07-12","0.00"
"US1FLHB0069","RIVERVIEW 2.1 W, FL US","27.8658","-82.3507","13.1","2021-07-13","0.54"
"US1FLHB0069","RIVERVIEW 2.1 W, FL US","27.8658","-82.3507","13.1","2021-07-14","0.00"
"US1FLHB0069","RIVERVIEW 2.1 W, FL US","27.8658","-82.3507","13.1","2021-07-15","0.11"
"US1FLHB0069","RIVERVIEW 2.1 W, FL US","27.8658","-82.3507","13.1","2021-07-16","0.00"
"US1FLHB0069","RIVERVIEW 2.1 W, FL US","27.8658","-82.3507","13.1","2021-07-17","0.00"
"US1FLHB0069","RIVERVIEW 2.1 W, FL US","27.8658","-82.3507","13.1","2021-07-18","0.00"
"US1FLHB0069","RIVERVIEW 2.1 W, FL US","27.8658","-82.3507","13.1","2021-07-19","0.02"
"US1FLHB0069","RIVERVIEW 2.1 W, FL US","27.8658","-82.3507","13.1","2021-07-20","0.01"
"US1FLHB0069","RIVERVIEW 2.1 W, FL US","27.8658","-82.3507","13.1","2021-07-21","0.00"
"US1FLLV0017","CHIEFLAND 1.4 NNW, FL US","29.499052","-82.866648","10.7","2021-07-04","1.03"
"US1FLLV0017","CHIEFLAND 1.4 NNW, FL US","29.499052","-82.866648","10.7","2021-07-05","0.34"
"US1FLLV0017","CHIEFLAND 1.4 NNW, FL US","29.499052","-82.866648","10.7","2021-07-06","0.12"
"US1FLLV0017","CHIEFLAND 1.4 NNW, FL US","29.499052","-82.866648","10.7","2021-07-07","4.42"
"US1FLLV0017","CHIEFLAND 1.4 NNW, FL US","29.499052","-82.866648","10.7","2021-07-08","1.16"
"US1FLLV0017","CHIEFLAND 1.4 NNW, FL US","29.499052","-82.866648","10.7","2021-07-09","0.00"
"US1FLLV0017","CHIEFLAND 1.4 NNW, FL US","29.499052","-82.866648","10.7","2021-07-10","0.08"
"US1FLLV0017","CHIEFLAND 1.4 NNW, FL US","29.499052","-82.866648","10.7","2021-07-11","0.00"
"US1FLLV0017","CHIEFLAND 1.4 NNW, FL US","29.499052","-82.866648","10.7","2021-07-12","0.00"
"US1FLLV0017","CHIEFLAND 1.4 NNW, FL US","29.499052","-82.866648","10.7","2021-07-13","0.00"
"US1FLLV0017","CHIEFLAND 1.4 NNW, FL US","29.499052","-82.866648","10.7","2021-07-14","0.00"
"US1FLLV0017","CHIEFLAND 1.4 NNW, FL US","29.499052","-82.866648","10.7","2021-07-15","0.00"
"US1FLLV0017","CHIEFLAND 1.4 NNW, FL US","29.499052","-82.866648","10.7","2021-07-16","0.00"
"US1FLLV0017","CHIEFLAND 1.4 NNW, FL US","29.499052","-82.866648","10.7","2021-07-17","0.00"
"US1FLLV0017","CHIEFLAND 1.4 NNW, FL US","29.499052","-82.866648","10.7","2021-07-18","0.00"
"US1FLLV0017","CHIEFLAND 1.4 NNW, FL US","29.499052","-82.866648","10.7","2021-07-19","0.00"
"US1FLLV0017","CHIEFLAND 1.4 NNW, FL US","29.499052","-82.866648","10.7","2021-07-20","0.00"
"US1FLLV0017","CHIEFLAND 1.4 NNW, FL US","29.499052","-82.866648","10.7","2021-07-21","0.22"
"US1FLHB0060","VALRICO 2.8 SSE, FL US","27.905798","-82.241059","23.2","2021-07-04","2.52"
"US1FLHB0060","VALRICO 2.8 SSE, FL US","27.905798","-82.241059","23.2","2021-07-05","0.01"
"US1FLHB0060","VALRICO 2.8 SSE, FL US","27.905798","-82.241059","23.2","2021-07-06","0.77"
"US1FLHB0060","VALRICO 2.8 SSE, FL US","27.905798","-82.241059","23.2","2021-07-08","0.40"
"US1FLHB0060","VALRICO 2.8 SSE, FL US","27.905798","-82.241059","23.2","2021-07-12","0.04"
"US1FLHB0060","VALRICO 2.8 SSE, FL US","27.905798","-82.241059","23.2","2021-07-13","0.43"
"US1FLHB0060","VALRICO 2.8 SSE, FL US","27.905798","-82.241059","23.2","2021-07-14","0.02"
"US1FLHB0060","VALRICO 2.8 SSE, FL US","27.905798","-82.241059","23.2","2021-07-15","1.15"
"US1FLHB0060","VALRICO 2.8 SSE, FL US","27.905798","-82.241059","23.2","2021-07-16","0.00"
"US1FLHB0060","VALRICO 2.8 SSE, FL US","27.905798","-82.241059","23.2","2021-07-17","0.00"
"US1FLHB0060","VALRICO 2.8 SSE, FL US","27.905798","-82.241059","23.2","2021-07-18","0.00"
"US1FLHB0060","VALRICO 2.8 SSE, FL US","27.905798","-82.241059","23.2","2021-07-19","0.10"
"US1FLHB0060","VALRICO 2.8 SSE, FL US","27.905798","-82.241059","23.2","2021-07-20","0.48"
"US1FLHB0060","VALRICO 2.8 SSE, FL US","27.905798","-82.241059","23.2","2021-07-21","0.01"
"US1FLPN0017","SOUTH PASADENA 0.6 E, FL US","27.753206","-82.730923","0.6","2021-07-04","0.86"
"US1FLPN0017","SOUTH PASADENA 0.6 E, FL US","27.753206","-82.730923","0.6","2021-07-06","0.34"
"US1FLPN0017","SOUTH PASADENA 0.6 E, FL US","27.753206","-82.730923","0.6","2021-07-07","0.84"
"US1FLPN0017","SOUTH PASADENA 0.6 E, FL US","27.753206","-82.730923","0.6","2021-07-08","0.32"
"US1FLPN0017","SOUTH PASADENA 0.6 E, FL US","27.753206","-82.730923","0.6","2021-07-09","0.00"
"US1FLPN0017","SOUTH PASADENA 0.6 E, FL US","27.753206","-82.730923","0.6","2021-07-11","0.00"
"US1FLPN0017","SOUTH PASADENA 0.6 E, FL US","27.753206","-82.730923","0.6","2021-07-14","0.00"
"US1FLPN0017","SOUTH PASADENA 0.6 E, FL US","27.753206","-82.730923","0.6","2021-07-15","0.00"
"US1FLPN0017","SOUTH PASADENA 0.6 E, FL US","27.753206","-82.730923","0.6","2021-07-17","0.12"
"US1FLPN0017","SOUTH PASADENA 0.6 E, FL US","27.753206","-82.730923","0.6","2021-07-18","0.18"
"US1FLMT0001","PALM CITY 4.0 SW, FL US","27.1222","-80.3169","11.9","2021-07-04","0.02"
"US1FLMT0001","PALM CITY 4.0 SW, FL US","27.1222","-80.3169","11.9","2021-07-06","1.22"
"US1FLMT0001","PALM CITY 4.0 SW, FL US","27.1222","-80.3169","11.9","2021-07-07","0.25"
"US1FLMT0001","PALM CITY 4.0 SW, FL US","27.1222","-80.3169","11.9","2021-07-09","0.00"
"US1FLMT0001","PALM CITY 4.0 SW, FL US","27.1222","-80.3169","11.9","2021-07-10","0.04"
"US1FLMT0001","PALM CITY 4.0 SW, FL US","27.1222","-80.3169","11.9","2021-07-11","0.02"
"US1FLMT0001","PALM CITY 4.0 SW, FL US","27.1222","-80.3169","11.9","2021-07-12","0.05"
"US1FLMT0001","PALM CITY 4.0 SW, FL US","27.1222","-80.3169","11.9","2021-07-13","0.34"
"US1FLMT0001","PALM CITY 4.0 SW, FL US","27.1222","-80.3169","11.9","2021-07-14","0.10"
"US1FLMT0001","PALM CITY 4.0 SW, FL US","27.1222","-80.3169","11.9","2021-07-15","0.01"
"US1FLMT0001","PALM CITY 4.0 SW, FL US","27.1222","-80.3169","11.9","2021-07-16","0.12"
"US1FLMT0001","PALM CITY 4.0 SW, FL US","27.1222","-80.3169","11.9","2021-07-17","0.00"
"US1FLMT0001","PALM CITY 4.0 SW, FL US","27.1222","-80.3169","11.9","2021-07-18","0.31"
"US1FLMT0001","PALM CITY 4.0 SW, FL US","27.1222","-80.3169","11.9","2021-07-19","0.03"
"US1FLMT0001","PALM CITY 4.0 SW, FL US","27.1222","-80.3169","11.9","2021-07-20","0.04"
"US1FLMT0001","PALM CITY 4.0 SW, FL US","27.1222","-80.3169","11.9","2021-07-21","0.00"
"US1FLJK0002","ALFORD 0.6 SSE, FL US","30.6871579","-85.3929456","41.5","2021-07-04","0.00"
"US1FLJK0002","ALFORD 0.6 SSE, FL US","30.6871579","-85.3929456","41.5","2021-07-05","0.00"
"US1FLJK0002","ALFORD 0.6 SSE, FL US","30.6871579","-85.3929456","41.5","2021-07-06","0.00"
"US1FLJK0002","ALFORD 0.6 SSE, FL US","30.6871579","-85.3929456","41.5","2021-07-07","0.60"
"US1FLJK0002","ALFORD 0.6 SSE, FL US","30.6871579","-85.3929456","41.5","2021-07-08","0.18"
"US1FLJK0002","ALFORD 0.6 SSE, FL US","30.6871579","-85.3929456","41.5","2021-07-09","0.00"
"US1FLJK0002","ALFORD 0.6 SSE, FL US","30.6871579","-85.3929456","41.5","2021-07-10","0.48"
"US1FLJK0002","ALFORD 0.6 SSE, FL US","30.6871579","-85.3929456","41.5","2021-07-11","0.45"
"US1FLJK0002","ALFORD 0.6 SSE, FL US","30.6871579","-85.3929456","41.5","2021-07-12","0.50"
"US1FLJK0002","ALFORD 0.6 SSE, FL US","30.6871579","-85.3929456","41.5","2021-07-13","0.65"
"US1FLJK0002","ALFORD 0.6 SSE, FL US","30.6871579","-85.3929456","41.5","2021-07-14","0.00"
"US1FLJK0002","ALFORD 0.6 SSE, FL US","30.6871579","-85.3929456","41.5","2021-07-15","0.00"
"US1FLJK0002","ALFORD 0.6 SSE, FL US","30.6871579","-85.3929456","41.5","2021-07-16","0.00"
"US1FLJK0002","ALFORD 0.6 SSE, FL US","30.6871579","-85.3929456","41.5","2021-07-17","0.65"
"US1FLJK0002","ALFORD 0.6 SSE, FL US","30.6871579","-85.3929456","41.5","2021-07-18","0.00"
"US1FLJK0002","ALFORD 0.6 SSE, FL US","30.6871579","-85.3929456","41.5","2021-07-19","0.45"
"US1FLJK0002","ALFORD 0.6 SSE, FL US","30.6871579","-85.3929456","41.5","2021-07-20","0.98"
"US1FLJK0002","ALFORD 0.6 SSE, FL US","30.6871579","-85.3929456","41.5","2021-07-21","0.70"
"US1FLMT0021","PALM CITY 3.1 NW, FL US","27.1976051330566","-80.2998504638672","4.0","2021-07-04","0.02"
"US1FLMT0021","PALM CITY 3.1 NW, FL US","27.1976051330566","-80.2998504638672","4.0","2021-07-05","0.37"
"US1FLMT0021","PALM CITY 3.1 NW, FL US","27.1976051330566","-80.2998504638672","4.0","2021-07-06","1.13"
"US1FLMT0021","PALM CITY 3.1 NW, FL US","27.1976051330566","-80.2998504638672","4.0","2021-07-07","0.18"
"US1FLMT0021","PALM CITY 3.1 NW, FL US","27.1976051330566","-80.2998504638672","4.0","2021-07-08","0.00"
"US1FLMT0021","PALM CITY 3.1 NW, FL US","27.1976051330566","-80.2998504638672","4.0","2021-07-09","0.00"
"USR0000FCEN","CENTRAL FLORIDA, FL US","29.105","-81.63","18.6","2021-07-04",
"USR0000FCEN","CENTRAL FLORIDA, FL US","29.105","-81.63","18.6","2021-07-05",
"USR0000FCEN","CENTRAL FLORIDA, FL US","29.105","-81.63","18.6","2021-07-06",
"USR0000FCEN","CENTRAL FLORIDA, FL US","29.105","-81.63","18.6","2021-07-07",
"USR0000FCEN","CENTRAL FLORIDA, FL US","29.105","-81.63","18.6","2021-07-08",
"USR0000FCEN","CENTRAL FLORIDA, FL US","29.105","-81.63","18.6","2021-07-09",
"USR0000FCEN","CENTRAL FLORIDA, FL US","29.105","-81.63","18.6","2021-07-10",
"USR0000FCEN","CENTRAL FLORIDA, FL US","29.105","-81.63","18.6","2021-07-11",
"USR0000FCEN","CENTRAL FLORIDA, FL US","29.105","-81.63","18.6","2021-07-12",
"USR0000FCEN","CENTRAL FLORIDA, FL US","29.105","-81.63","18.6","2021-07-13",
"USR0000FCEN","CENTRAL FLORIDA, FL US","29.105","-81.63","18.6","2021-07-14",
"USR0000FCEN","CENTRAL FLORIDA, FL US","29.105","-81.63","18.6","2021-07-15",
"USR0000FCEN","CENTRAL FLORIDA, FL US","29.105","-81.63","18.6","2021-07-16",
"USR0000FCEN","CENTRAL FLORIDA, FL US","29.105","-81.63","18.6","2021-07-17",
"USR0000FCEN","CENTRAL FLORIDA, FL US","29.105","-81.63","18.6","2021-07-18",
"USR0000FCEN","CENTRAL FLORIDA, FL US","29.105","-81.63","18.6","2021-07-19",
"USR0000FCEN","CENTRAL FLORIDA, FL US","29.105","-81.63","18.6","2021-07-20",
"USR0000FCEN","CENTRAL FLORIDA, FL US","29.105","-81.63","18.6","2021-07-21",
"US1FLJK0006","MARIANNA 0.8 NNE, FL US","30.78471","-85.23235","43.0","2021-07-11",
"US1FLJK0006","MARIANNA 0.8 NNE, FL US","30.78471","-85.23235","43.0","2021-07-12","0.03"
"US1FLJK0006","MARIANNA 0.8 NNE, FL US","30.78471","-85.23235","43.0","2021-07-13","0.01"
"US1FLJK0006","MARIANNA 0.8 NNE, FL US","30.78471","-85.23235","43.0","2021-07-14","0.02"
"US1FLJK0006","MARIANNA 0.8 NNE, FL US","30.78471","-85.23235","43.0","2021-07-18","0.01"
"US1FLJK0006","MARIANNA 0.8 NNE, FL US","30.78471","-85.23235","43.0","2021-07-19","0.03"
"US1FLJK0006","MARIANNA 0.8 NNE, FL US","30.78471","-85.23235","43.0","2021-07-20","0.89"
"US1FLJK0006","MARIANNA 0.8 NNE, FL US","30.78471","-85.23235","43.0","2021-07-21","0.72"
"USC00081544","CHIPLEY, FL US","30.7806","-85.5503","39.6","2021-07-04","0.00"
"USC00081544","CHIPLEY, FL US","30.7806","-85.5503","39.6","2021-07-05","0.00"
"USC00081544","CHIPLEY, FL US","30.7806","-85.5503","39.6","2021-07-08","0.00"
"USC00081544","CHIPLEY, FL US","30.7806","-85.5503","39.6","2021-07-09","0.03"
"USC00081544","CHIPLEY, FL US","30.7806","-85.5503","39.6","2021-07-10","1.10"
"USC00081544","CHIPLEY, FL US","30.7806","-85.5503","39.6","2021-07-17","0.02"
"USC00081544","CHIPLEY, FL US","30.7806","-85.5503","39.6","2021-07-18","0.00"
"USC00081544","CHIPLEY, FL US","30.7806","-85.5503","39.6","2021-07-19","0.07"
"USC00081544","CHIPLEY, FL US","30.7806","-85.5503","39.6","2021-07-21","0.65"
"US1FLPN0006","SOUTH PASADENA 1.0 NE, FL US","27.763511","-82.73149","3.7","2021-07-04","0.58"
"US1FLPN0006","SOUTH PASADENA 1.0 NE, FL US","27.763511","-82.73149","3.7","2021-07-05","0.00"
"US1FLPN0006","SOUTH PASADENA 1.0 NE, FL US","27.763511","-82.73149","3.7","2021-07-06","0.00"
"US1FLPN0006","SOUTH PASADENA 1.0 NE, FL US","27.763511","-82.73149","3.7","2021-07-07","2.19"
"US1FLPN0006","SOUTH PASADENA 1.0 NE, FL US","27.763511","-82.73149","3.7","2021-07-08","0.43"
"US1FLPN0006","SOUTH PASADENA 1.0 NE, FL US","27.763511","-82.73149","3.7","2021-07-09","0.00"
"US1FLPN0006","SOUTH PASADENA 1.0 NE, FL US","27.763511","-82.73149","3.7","2021-07-10","0.00"
"US1FLPN0006","SOUTH PASADENA 1.0 NE, FL US","27.763511","-82.73149","3.7","2021-07-11","0.12"
"US1FLPN0006","SOUTH PASADENA 1.0 NE, FL US","27.763511","-82.73149","3.7","2021-07-12","0.02"
"US1FLPN0006","SOUTH PASADENA 1.0 NE, FL US","27.763511","-82.73149","3.7","2021-07-13","0.00"
"US1FLPN0006","SOUTH PASADENA 1.0 NE, FL US","27.763511","-82.73149","3.7","2021-07-14","0.01"
"US1FLPN0006","SOUTH PASADENA 1.0 NE, FL US","27.763511","-82.73149","3.7","2021-07-15","0.01"
"US1FLPN0006","SOUTH PASADENA 1.0 NE, FL US","27.763511","-82.73149","3.7","2021-07-16","0.00"
"US1FLPN0006","SOUTH PASADENA 1.0 NE, FL US","27.763511","-82.73149","3.7","2021-07-17","0.13"
"US1FLPN0006","SOUTH PASADENA 1.0 NE, FL US","27.763511","-82.73149","3.7","2021-07-18","0.35"
"US1FLPN0006","SOUTH PASADENA 1.0 NE, FL US","27.763511","-82.73149","3.7","2021-07-19","0.00"
"US1FLPN0006","SOUTH PASADENA 1.0 NE, FL US","27.763511","-82.73149","3.7","2021-07-20","0.00"
"US1FLPN0006","SOUTH PASADENA 1.0 NE, FL US","27.763511","-82.73149","3.7","2021-07-21","0.00"
"USC00081306","CAPE FLORIDA, FL US","25.6719","-80.1566","1.8","2021-07-04","0.00"
"USC00081306","CAPE FLORIDA, FL US","25.6719","-80.1566","1.8","2021-07-05","0.00"
"USC00081306","CAPE FLORIDA, FL US","25.6719","-80.1566","1.8","2021-07-06","4.23"
"USC00081306","CAPE FLORIDA, FL US","25.6719","-80.1566","1.8","2021-07-07","0.24"
"USC00081306","CAPE FLORIDA, FL US","25.6719","-80.1566","1.8","2021-07-08","0.00"
"USC00081306","CAPE FLORIDA, FL US","25.6719","-80.1566","1.8","2021-07-09","0.00"
"USC00081306","CAPE FLORIDA, FL US","25.6719","-80.1566","1.8","2021-07-10","0.00"
"USC00081306","CAPE FLORIDA, FL US","25.6719","-80.1566","1.8","2021-07-11","0.71"
"USC00081306","CAPE FLORIDA, FL US","25.6719","-80.1566","1.8","2021-07-12","0.43"
"USC00081306","CAPE FLORIDA, FL US","25.6719","-80.1566","1.8","2021-07-13","0.86"
"USC00081306","CAPE FLORIDA, FL US","25.6719","-80.1566","1.8","2021-07-14","1.18"
"USC00081306","CAPE FLORIDA, FL US","25.6719","-80.1566","1.8","2021-07-15","0.14"
"USC00081306","CAPE FLORIDA, FL US","25.6719","-80.1566","1.8","2021-07-16","0.09"
"USC00081306","CAPE FLORIDA, FL US","25.6719","-80.1566","1.8","2021-07-17","0.00"
"USC00081306","CAPE FLORIDA, FL US","25.6719","-80.1566","1.8","2021-07-18","0.00"
"USC00081306","CAPE FLORIDA, FL US","25.6719","-80.1566","1.8","2021-07-19","0.00"
"USC00081306","CAPE FLORIDA, FL US","25.6719","-80.1566","1.8","2021-07-20","0.00"
"USC00081306","CAPE FLORIDA, FL US","25.6719","-80.1566","1.8","2021-07-21","0.00"
"US1FLMT0019","JENSEN BEACH 2.2 NW, FL US","27.2541","-80.260388","4.3","2021-07-05",
"US1FLMT0019","JENSEN BEACH 2.2 NW, FL US","27.2541","-80.260388","4.3","2021-07-06","0.46"
"US1FLMT0019","JENSEN BEACH 2.2 NW, FL US","27.2541","-80.260388","4.3","2021-07-07","0.00"
"US1FLMT0019","JENSEN BEACH 2.2 NW, FL US","27.2541","-80.260388","4.3","2021-07-10","0.00"
"US1FLMT0019","JENSEN BEACH 2.2 NW, FL US","27.2541","-80.260388","4.3","2021-07-11","0.02"
"US1FLMT0019","JENSEN BEACH 2.2 NW, FL US","27.2541","-80.260388","4.3","2021-07-12","0.25"
"US1FLMT0019","JENSEN BEACH 2.2 NW, FL US","27.2541","-80.260388","4.3","2021-07-13","0.15"
"US1FLMT0019","JENSEN BEACH 2.2 NW, FL US","27.2541","-80.260388","4.3","2021-07-14","0.00"
"US1FLMT0019","JENSEN BEACH 2.2 NW, FL US","27.2541","-80.260388","4.3","2021-07-16","0.00"
"US1FLMT0019","JENSEN BEACH 2.2 NW, FL US","27.2541","-80.260388","4.3","2021-07-17","0.28"
"US1FLMT0019","JENSEN BEACH 2.2 NW, FL US","27.2541","-80.260388","4.3","2021-07-19","0.00"
"US1FLMT0019","JENSEN BEACH 2.2 NW, FL US","27.2541","-80.260388","4.3","2021-07-20","0.00"
"US1FLMT0018","STUART 1.0 ESE, FL US","27.188296","-80.227921","4.0","2021-07-04","0.05"
"US1FLMT0018","STUART 1.0 ESE, FL US","27.188296","-80.227921","4.0","2021-07-05","0.36"
"US1FLMT0018","STUART 1.0 ESE, FL US","27.188296","-80.227921","4.0","2021-07-06","0.19"
"US1FLMT0018","STUART 1.0 ESE, FL US","27.188296","-80.227921","4.0","2021-07-07","0.04"
"US1FLMT0018","STUART 1.0 ESE, FL US","27.188296","-80.227921","4.0","2021-07-08","0.00"
"US1FLMT0016","CANAL POINT 9.9 NNE, FL US","26.993","-80.5739","7.0","2021-07-05",
"US1FLMT0016","CANAL POINT 9.9 NNE, FL US","26.993","-80.5739","7.0","2021-07-06","2.20"
"US1FLMT0016","CANAL POINT 9.9 NNE, FL US","26.993","-80.5739","7.0","2021-07-07","0.06"
"US1FLMT0016","CANAL POINT 9.9 NNE, FL US","26.993","-80.5739","7.0","2021-07-08","0.01"
"US1FLMT0016","CANAL POINT 9.9 NNE, FL US","26.993","-80.5739","7.0","2021-07-09","0.02"
"US1FLMT0016","CANAL POINT 9.9 NNE, FL US","26.993","-80.5739","7.0","2021-07-12",
"US1FLMT0016","CANAL POINT 9.9 NNE, FL US","26.993","-80.5739","7.0","2021-07-13","0.17"
"US1FLMT0016","CANAL POINT 9.9 NNE, FL US","26.993","-80.5739","7.0","2021-07-14","0.18"
"US1FLMT0016","CANAL POINT 9.9 NNE, FL US","26.993","-80.5739","7.0","2021-07-15","0.01"
"US1FLMT0016","CANAL POINT 9.9 NNE, FL US","26.993","-80.5739","7.0","2021-07-16","0.17"
"US1FLMT0016","CANAL POINT 9.9 NNE, FL US","26.993","-80.5739","7.0","2021-07-19",
"US1FLMT0016","CANAL POINT 9.9 NNE, FL US","26.993","-80.5739","7.0","2021-07-20","0.54"
"US1FLMT0016","CANAL POINT 9.9 NNE, FL US","26.993","-80.5739","7.0","2021-07-21","0.01"
"US1FLSW0008","LIVE OAK 10.0 W, FL US","30.30671","-83.15325","24.4","2021-07-04","0.03"
"US1FLSW0008","LIVE OAK 10.0 W, FL US","30.30671","-83.15325","24.4","2021-07-05","0.02"
"US1FLSW0008","LIVE OAK 10.0 W, FL US","30.30671","-83.15325","24.4","2021-07-06","0.01"
"US1FLSW0008","LIVE OAK 10.0 W, FL US","30.30671","-83.15325","24.4","2021-07-07","1.40"
"US1FLSW0008","LIVE OAK 10.0 W, FL US","30.30671","-83.15325","24.4","2021-07-08","2.35"
"US1FLSW0008","LIVE OAK 10.0 W, FL US","30.30671","-83.15325","24.4","2021-07-09","0.00"
"US1FLSW0008","LIVE OAK 10.0 W, FL US","30.30671","-83.15325","24.4","2021-07-10","0.12"
"US1FLSW0008","LIVE OAK 10.0 W, FL US","30.30671","-83.15325","24.4","2021-07-11","0.01"
"US1FLSW0008","LIVE OAK 10.0 W, FL US","30.30671","-83.15325","24.4","2021-07-12","0.00"
"US1FLSW0008","LIVE OAK 10.0 W, FL US","30.30671","-83.15325","24.4","2021-07-14",
"US1FLSW0008","LIVE OAK 10.0 W, FL US","30.30671","-83.15325","24.4","2021-07-15","0.01"
"US1FLSW0008","LIVE OAK 10.0 W, FL US","30.30671","-83.15325","24.4","2021-07-16","0.00"
"US1FLSW0008","LIVE OAK 10.0 W, FL US","30.30671","-83.15325","24.4","2021-07-17","0.00"
"US1FLSW0008","LIVE OAK 10.0 W, FL US","30.30671","-83.15325","24.4","2021-07-19",
"US1FLSW0008","LIVE OAK 10.0 W, FL US","30.30671","-83.15325","24.4","2021-07-20","0.83"
"US1FLCY0024","KEYSTONE HEIGHTS 1.8 ESE, FL US","29.7667770385742","-82.0078811645508","35.7","2021-07-04","0.26"
"US1FLCY0024","KEYSTONE HEIGHTS 1.8 ESE, FL US","29.7667770385742","-82.0078811645508","35.7","2021-07-05","0.06"
"US1FLCY0024","KEYSTONE HEIGHTS 1.8 ESE, FL US","29.7667770385742","-82.0078811645508","35.7","2021-07-07","0.79"
"US1FLCY0024","KEYSTONE HEIGHTS 1.8 ESE, FL US","29.7667770385742","-82.0078811645508","35.7","2021-07-08","3.10"
"US1FLCY0024","KEYSTONE HEIGHTS 1.8 ESE, FL US","29.7667770385742","-82.0078811645508","35.7","2021-07-09","0.04"
"US1FLCY0024","KEYSTONE HEIGHTS 1.8 ESE, FL US","29.7667770385742","-82.0078811645508","35.7","2021-07-10","0.27"
"US1FLCY0024","KEYSTONE HEIGHTS 1.8 ESE, FL US","29.7667770385742","-82.0078811645508","35.7","2021-07-12","0.03"
"US1FLCY0024","KEYSTONE HEIGHTS 1.8 ESE, FL US","29.7667770385742","-82.0078811645508","35.7","2021-07-14","0.07"
"US1FLCY0025","ORANGE PARK 4.1 WSW, FL US","30.144849","-81.766778","24.4","2021-07-05",
"US1FLCY0025","ORANGE PARK 4.1 WSW, FL US","30.144849","-81.766778","24.4","2021-07-06","0.00"
"US1FLCY0025","ORANGE PARK 4.1 WSW, FL US","30.144849","-81.766778","24.4","2021-07-07","0.00"
"US1FLCY0025","ORANGE PARK 4.1 WSW, FL US","30.144849","-81.766778","24.4","2021-07-08","2.45"
"US1FLCY0025","ORANGE PARK 4.1 WSW, FL US","30.144849","-81.766778","24.4","2021-07-09","0.00"
"US1FLCY0025","ORANGE PARK 4.1 WSW, FL US","30.144849","-81.766778","24.4","2021-07-10","0.00"
"US1FLCY0025","ORANGE PARK 4.1 WSW, FL US","30.144849","-81.766778","24.4","2021-07-11","0.00"
"US1FLCY0025","ORANGE PARK 4.1 WSW, FL US","30.144849","-81.766778","24.4","2021-07-12","0.70"
"US1FLCY0025","ORANGE PARK 4.1 WSW, FL US","30.144849","-81.766778","24.4","2021-07-13","0.00"
"US1FLCY0025","ORANGE PARK 4.1 WSW, FL US","30.144849","-81.766778","24.4","2021-07-14","0.39"
"US1FLCY0025","ORANGE PARK 4.1 WSW, FL US","30.144849","-81.766778","24.4","2021-07-15","0.00"
"US1FLCY0025","ORANGE PARK 4.1 WSW, FL US","30.144849","-81.766778","24.4","2021-07-16","0.03"
"US1FLCY0025","ORANGE PARK 4.1 WSW, FL US","30.144849","-81.766778","24.4","2021-07-17","0.00"
"US1FLCY0025","ORANGE PARK 4.1 WSW, FL US","30.144849","-81.766778","24.4","2021-07-18","0.00"
"US1FLHB0044","RUSKIN 1.8 ESE, FL US","27.705656","-82.400519","17.1","2021-07-04","1.12"
"US1FLHB0044","RUSKIN 1.8 ESE, FL US","27.705656","-82.400519","17.1","2021-07-05","0.00"
"US1FLHB0044","RUSKIN 1.8 ESE, FL US","27.705656","-82.400519","17.1","2021-07-06","0.01"
"US1FLHB0044","RUSKIN 1.8 ESE, FL US","27.705656","-82.400519","17.1","2021-07-07","1.76"
"US1FLHB0044","RUSKIN 1.8 ESE, FL US","27.705656","-82.400519","17.1","2021-07-08","0.34"
"US1FLHB0044","RUSKIN 1.8 ESE, FL US","27.705656","-82.400519","17.1","2021-07-09","0.19"
"US1FLHB0044","RUSKIN 1.8 ESE, FL US","27.705656","-82.400519","17.1","2021-07-10","0.00"
"US1FLHB0044","RUSKIN 1.8 ESE, FL US","27.705656","-82.400519","17.1","2021-07-11","0.03"
"US1FLHB0044","RUSKIN 1.8 ESE, FL US","27.705656","-82.400519","17.1","2021-07-12","0.01"
"US1FLHB0044","RUSKIN 1.8 ESE, FL US","27.705656","-82.400519","17.1","2021-07-13","0.34"
"US1FLHB0044","RUSKIN 1.8 ESE, FL US","27.705656","-82.400519","17.1","2021-07-14","0.16"
"US1FLHB0044","RUSKIN 1.8 ESE, FL US","27.705656","-82.400519","17.1","2021-07-15","0.01"
"US1FLHB0044","RUSKIN 1.8 ESE, FL US","27.705656","-82.400519","17.1","2021-07-16","0.00"
"US1FLHB0044","RUSKIN 1.8 ESE, FL US","27.705656","-82.400519","17.1","2021-07-17","0.00"
"US1FLHB0044","RUSKIN 1.8 ESE, FL US","27.705656","-82.400519","17.1","2021-07-18","0.05"
"US1FLHB0044","RUSKIN 1.8 ESE, FL US","27.705656","-82.400519","17.1","2021-07-19","0.00"
"US1FLHB0044","RUSKIN 1.8 ESE, FL US","27.705656","-82.400519","17.1","2021-07-20","0.02"
"US1FLHB0044","RUSKIN 1.8 ESE, FL US","27.705656","-82.400519","17.1","2021-07-21","0.01"
"USC00080236","ARCHBOLD BIO STATION, FL US","27.18181","-81.35098","41.5","2021-07-04","1.25"
"USC00080236","ARCHBOLD BIO STATION, FL US","27.18181","-81.35098","41.5","2021-07-05","0.00"
"USC00080236","ARCHBOLD BIO STATION, FL US","27.18181","-81.35098","41.5","2021-07-06","1.16"
"USC00080236","ARCHBOLD BIO STATION, FL US","27.18181","-81.35098","41.5","2021-07-07","0.76"
"USC00080236","ARCHBOLD BIO STATION, FL US","27.18181","-81.35098","41.5","2021-07-08","1.13"
"USC00080236","ARCHBOLD BIO STATION, FL US","27.18181","-81.35098","41.5","2021-07-09","1.00"
"USC00080236","ARCHBOLD BIO STATION, FL US","27.18181","-81.35098","41.5","2021-07-10","0.45"
"USC00080236","ARCHBOLD BIO STATION, FL US","27.18181","-81.35098","41.5","2021-07-11","0.96"
"USC00080236","ARCHBOLD BIO STATION, FL US","27.18181","-81.35098","41.5","2021-07-12","0.00"
"USC00080236","ARCHBOLD BIO STATION, FL US","27.18181","-81.35098","41.5","2021-07-13","0.17"
"USC00080236","ARCHBOLD BIO STATION, FL US","27.18181","-81.35098","41.5","2021-07-14","0.19"
"USC00080236","ARCHBOLD BIO STATION, FL US","27.18181","-81.35098","41.5","2021-07-15","0.18"
"USC00080236","ARCHBOLD BIO STATION, FL US","27.18181","-81.35098","41.5","2021-07-16","0.00"
"USC00080236","ARCHBOLD BIO STATION, FL US","27.18181","-81.35098","41.5","2021-07-17","0.00"
"USC00080236","ARCHBOLD BIO STATION, FL US","27.18181","-81.35098","41.5","2021-07-18","0.05"
"USC00080236","ARCHBOLD BIO STATION, FL US","27.18181","-81.35098","41.5","2021-07-19","0.00"
"USC00080236","ARCHBOLD BIO STATION, FL US","27.18181","-81.35098","41.5","2021-07-20","0.08"
"USC00080236","ARCHBOLD BIO STATION, FL US","27.18181","-81.35098","41.5","2021-07-21","0.13"
"USC00080478","BARTOW 1 SE, FL US","27.88634","-81.83255","34.1","2021-07-04","1.52"
"USC00080478","BARTOW 1 SE, FL US","27.88634","-81.83255","34.1","2021-07-05","0.00"
"USC00080478","BARTOW 1 SE, FL US","27.88634","-81.83255","34.1","2021-07-06","1.43"
"USC00080478","BARTOW 1 SE, FL US","27.88634","-81.83255","34.1","2021-07-07","3.04"
"USC00080478","BARTOW 1 SE, FL US","27.88634","-81.83255","34.1","2021-07-08","0.00"
"USC00080478","BARTOW 1 SE, FL US","27.88634","-81.83255","34.1","2021-07-09","0.02"
"USC00080478","BARTOW 1 SE, FL US","27.88634","-81.83255","34.1","2021-07-10","0.00"
"USC00080478","BARTOW 1 SE, FL US","27.88634","-81.83255","34.1","2021-07-11","1.11"
"USC00080478","BARTOW 1 SE, FL US","27.88634","-81.83255","34.1","2021-07-12","0.14"
"USC00080478","BARTOW 1 SE, FL US","27.88634","-81.83255","34.1","2021-07-13","0.24"
"USC00080478","BARTOW 1 SE, FL US","27.88634","-81.83255","34.1","2021-07-14","0.38"
"USC00080478","BARTOW 1 SE, FL US","27.88634","-81.83255","34.1","2021-07-15","0.11"
"USC00080478","BARTOW 1 SE, FL US","27.88634","-81.83255","34.1","2021-07-16","0.00"
"USC00080478","BARTOW 1 SE, FL US","27.88634","-81.83255","34.1","2021-07-17","0.00"
"USC00080478","BARTOW 1 SE, FL US","27.88634","-81.83255","34.1","2021-07-18","0.00"
"USC00080478","BARTOW 1 SE, FL US","27.88634","-81.83255","34.1","2021-07-19","0.02"
"USC00080478","BARTOW 1 SE, FL US","27.88634","-81.83255","34.1","2021-07-20","0.47"
"USC00080478","BARTOW 1 SE, FL US","27.88634","-81.83255","34.1","2021-07-21","0.00"
"US1FLHB0048","GREATER NORTHDALE 0.4 ENE, FL US","28.107081","-82.513162","25.9","2021-07-04","0.90"
"US1FLHB0048","GREATER NORTHDALE 0.4 ENE, FL US","28.107081","-82.513162","25.9","2021-07-05","0.00"
"US1FLHB0048","GREATER NORTHDALE 0.4 ENE, FL US","28.107081","-82.513162","25.9","2021-07-06","0.18"
"US1FLHB0048","GREATER NORTHDALE 0.4 ENE, FL US","28.107081","-82.513162","25.9","2021-07-07","4.32"
"US1FLHB0048","GREATER NORTHDALE 0.4 ENE, FL US","28.107081","-82.513162","25.9","2021-07-08","0.08"
"US1FLHB0048","GREATER NORTHDALE 0.4 ENE, FL US","28.107081","-82.513162","25.9","2021-07-09","0.40"
"US1FLHB0048","GREATER NORTHDALE 0.4 ENE, FL US","28.107081","-82.513162","25.9","2021-07-10","0.00"
"US1FLHB0048","GREATER NORTHDALE 0.4 ENE, FL US","28.107081","-82.513162","25.9","2021-07-11","0.53"
"US1FLHB0048","GREATER NORTHDALE 0.4 ENE, FL US","28.107081","-82.513162","25.9","2021-07-12","0.00"
"US1FLHB0048","GREATER NORTHDALE 0.4 ENE, FL US","28.107081","-82.513162","25.9","2021-07-13","1.01"
"US1FLHB0048","GREATER NORTHDALE 0.4 ENE, FL US","28.107081","-82.513162","25.9","2021-07-14","0.18"
"US1FLHB0048","GREATER NORTHDALE 0.4 ENE, FL US","28.107081","-82.513162","25.9","2021-07-15","1.44"
"US1FLHB0048","GREATER NORTHDALE 0.4 ENE, FL US","28.107081","-82.513162","25.9","2021-07-16","0.00"
"US1FLHB0048","GREATER NORTHDALE 0.4 ENE, FL US","28.107081","-82.513162","25.9","2021-07-17","0.00"
"US1FLHB0048","GREATER NORTHDALE 0.4 ENE, FL US","28.107081","-82.513162","25.9","2021-07-18","0.00"
"US1FLHB0048","GREATER NORTHDALE 0.4 ENE, FL US","28.107081","-82.513162","25.9","2021-07-19","0.00"
"US1FLHB0048","GREATER NORTHDALE 0.4 ENE, FL US","28.107081","-82.513162","25.9","2021-07-20","0.70"
"US1FLHB0048","GREATER NORTHDALE 0.4 ENE, FL US","28.107081","-82.513162","25.9","2021-07-21","0.00"
"US1FLPN0035","GULFPORT 0.9 NNW, FL US","27.758823","-82.71644","5.8","2021-07-04","0.82"
"US1FLPN0035","GULFPORT 0.9 NNW, FL US","27.758823","-82.71644","5.8","2021-07-05","0.10"
"US1FLPN0035","GULFPORT 0.9 NNW, FL US","27.758823","-82.71644","5.8","2021-07-06","0.47"
"US1FLPN0035","GULFPORT 0.9 NNW, FL US","27.758823","-82.71644","5.8","2021-07-07","2.51"
"US1FLPN0035","GULFPORT 0.9 NNW, FL US","27.758823","-82.71644","5.8","2021-07-08","0.37"
"US1FLPN0035","GULFPORT 0.9 NNW, FL US","27.758823","-82.71644","5.8","2021-07-09","0.11"
"US1FLPN0035","GULFPORT 0.9 NNW, FL US","27.758823","-82.71644","5.8","2021-07-10","0.00"
"US1FLPN0035","GULFPORT 0.9 NNW, FL US","27.758823","-82.71644","5.8","2021-07-11","0.20"
"US1FLPN0035","GULFPORT 0.9 NNW, FL US","27.758823","-82.71644","5.8","2021-07-12","0.05"
"US1FLPN0035","GULFPORT 0.9 NNW, FL US","27.758823","-82.71644","5.8","2021-07-13","0.00"
"US1FLPN0035","GULFPORT 0.9 NNW, FL US","27.758823","-82.71644","5.8","2021-07-14","0.00"
"US1FLPN0035","GULFPORT 0.9 NNW, FL US","27.758823","-82.71644","5.8","2021-07-15","0.00"
"US1FLPN0035","GULFPORT 0.9 NNW, FL US","27.758823","-82.71644","5.8","2021-07-16","0.10"
"US1FLPN0035","GULFPORT 0.9 NNW, FL US","27.758823","-82.71644","5.8","2021-07-17","0.13"
"US1FLPN0035","GULFPORT 0.9 NNW, FL US","27.758823","-82.71644","5.8","2021-07-18","0.15"
"US1FLPN0035","GULFPORT 0.9 NNW, FL US","27.758823","-82.71644","5.8","2021-07-19","0.00"
"US1FLPN0035","GULFPORT 0.9 NNW, FL US","27.758823","-82.71644","5.8","2021-07-20","0.00"
"US1FLPN0035","GULFPORT 0.9 NNW, FL US","27.758823","-82.71644","5.8","2021-07-21","0.00"
"US1FLPN0034","ST. PETERSBURG 3.2 NNW, FL US","27.803252","-82.65457","15.2","2021-07-04","0.95"
"US1FLPN0034","ST. PETERSBURG 3.2 NNW, FL US","27.803252","-82.65457","15.2","2021-07-05","0.01"
"US1FLPN0034","ST. PETERSBURG 3.2 NNW, FL US","27.803252","-82.65457","15.2","2021-07-06","0.04"
"US1FLPN0034","ST. PETERSBURG 3.2 NNW, FL US","27.803252","-82.65457","15.2","2021-07-07","2.73"
"US1FLPN0034","ST. PETERSBURG 3.2 NNW, FL US","27.803252","-82.65457","15.2","2021-07-08","0.10"
"US1FLPN0034","ST. PETERSBURG 3.2 NNW, FL US","27.803252","-82.65457","15.2","2021-07-09","0.00"
"US1FLPN0034","ST. PETERSBURG 3.2 NNW, FL US","27.803252","-82.65457","15.2","2021-07-10","0.00"
"US1FLPN0034","ST. PETERSBURG 3.2 NNW, FL US","27.803252","-82.65457","15.2","2021-07-11","0.85"
"US1FLPN0034","ST. PETERSBURG 3.2 NNW, FL US","27.803252","-82.65457","15.2","2021-07-12","0.00"
"US1FLPN0034","ST. PETERSBURG 3.2 NNW, FL US","27.803252","-82.65457","15.2","2021-07-13","0.03"
"US1FLPN0034","ST. PETERSBURG 3.2 NNW, FL US","27.803252","-82.65457","15.2","2021-07-14","0.08"
"US1FLPN0034","ST. PETERSBURG 3.2 NNW, FL US","27.803252","-82.65457","15.2","2021-07-15","0.02"
"US1FLPN0034","ST. PETERSBURG 3.2 NNW, FL US","27.803252","-82.65457","15.2","2021-07-16","0.00"
"US1FLPN0034","ST. PETERSBURG 3.2 NNW, FL US","27.803252","-82.65457","15.2","2021-07-17","0.00"
"US1FLPN0034","ST. PETERSBURG 3.2 NNW, FL US","27.803252","-82.65457","15.2","2021-07-18","0.00"
"US1FLPN0034","ST. PETERSBURG 3.2 NNW, FL US","27.803252","-82.65457","15.2","2021-07-19","0.00"
"US1FLPN0034","ST. PETERSBURG 3.2 NNW, FL US","27.803252","-82.65457","15.2","2021-07-20","0.00"
"US1FLPN0034","ST. PETERSBURG 3.2 NNW, FL US","27.803252","-82.65457","15.2","2021-07-21","0.00"
"US1FLPN0036","DUNEDIN 2.8 ESE, FL US","28.034694","-82.764528","20.1","2021-07-04","2.25"
"US1FLPN0036","DUNEDIN 2.8 ESE, FL US","28.034694","-82.764528","20.1","2021-07-05","0.00"
"US1FLPN0036","DUNEDIN 2.8 ESE, FL US","28.034694","-82.764528","20.1","2021-07-06","0.02"
"US1FLPN0036","DUNEDIN 2.8 ESE, FL US","28.034694","-82.764528","20.1","2021-07-07","2.91"
"US1FLPN0036","DUNEDIN 2.8 ESE, FL US","28.034694","-82.764528","20.1","2021-07-08","0.16"
"US1FLPN0036","DUNEDIN 2.8 ESE, FL US","28.034694","-82.764528","20.1","2021-07-09","0.14"
"US1FLPN0036","DUNEDIN 2.8 ESE, FL US","28.034694","-82.764528","20.1","2021-07-10","0.00"
"US1FLPN0036","DUNEDIN 2.8 ESE, FL US","28.034694","-82.764528","20.1","2021-07-11","0.22"
"US1FLPN0036","DUNEDIN 2.8 ESE, FL US","28.034694","-82.764528","20.1","2021-07-12","0.01"
"US1FLPN0036","DUNEDIN 2.8 ESE, FL US","28.034694","-82.764528","20.1","2021-07-13","0.14"
"US1FLPN0036","DUNEDIN 2.8 ESE, FL US","28.034694","-82.764528","20.1","2021-07-14","0.32"
"US1FLPN0036","DUNEDIN 2.8 ESE, FL US","28.034694","-82.764528","20.1","2021-07-15","0.09"
"US1FLPN0036","DUNEDIN 2.8 ESE, FL US","28.034694","-82.764528","20.1","2021-07-16","0.01"
"US1FLPN0036","DUNEDIN 2.8 ESE, FL US","28.034694","-82.764528","20.1","2021-07-17","0.45"
"US1FLPN0036","DUNEDIN 2.8 ESE, FL US","28.034694","-82.764528","20.1","2021-07-18","1.30"
"US1FLPN0036","DUNEDIN 2.8 ESE, FL US","28.034694","-82.764528","20.1","2021-07-19","0.00"
"US1FLPN0036","DUNEDIN 2.8 ESE, FL US","28.034694","-82.764528","20.1","2021-07-20","0.00"
"US1FLPN0036","DUNEDIN 2.8 ESE, FL US","28.034694","-82.764528","20.1","2021-07-21","0.00"
"USR0000FCHE","CHEKIKA FLORIDA, FL US","25.625","-80.5797","1.5","2021-07-04",
"USR0000FCHE","CHEKIKA FLORIDA, FL US","25.625","-80.5797","1.5","2021-07-05",
"USR0000FCHE","CHEKIKA FLORIDA, FL US","25.625","-80.5797","1.5","2021-07-06",
"USR0000FCHE","CHEKIKA FLORIDA, FL US","25.625","-80.5797","1.5","2021-07-07",
"USR0000FCHE","CHEKIKA FLORIDA, FL US","25.625","-80.5797","1.5","2021-07-08",
"USR0000FCHE","CHEKIKA FLORIDA, FL US","25.625","-80.5797","1.5","2021-07-09",
"USR0000FCHE","CHEKIKA FLORIDA, FL US","25.625","-80.5797","1.5","2021-07-10",
"USR0000FCHE","CHEKIKA FLORIDA, FL US","25.625","-80.5797","1.5","2021-07-11",
"USR0000FCHE","CHEKIKA FLORIDA, FL US","25.625","-80.5797","1.5","2021-07-12",
"USR0000FCHE","CHEKIKA FLORIDA, FL US","25.625","-80.5797","1.5","2021-07-13",
"USR0000FCHE","CHEKIKA FLORIDA, FL US","25.625","-80.5797","1.5","2021-07-14",
"USR0000FCHE","CHEKIKA FLORIDA, FL US","25.625","-80.5797","1.5","2021-07-15",
"USR0000FCHE","CHEKIKA FLORIDA, FL US","25.625","-80.5797","1.5","2021-07-16",
"USR0000FCHE","CHEKIKA FLORIDA, FL US","25.625","-80.5797","1.5","2021-07-17",
"USR0000FCHE","CHEKIKA FLORIDA, FL US","25.625","-80.5797","1.5","2021-07-18",
"USR0000FCHE","CHEKIKA FLORIDA, FL US","25.625","-80.5797","1.5","2021-07-19",
"USR0000FCHE","CHEKIKA FLORIDA, FL US","25.625","-80.5797","1.5","2021-07-20",
"USR0000FCHE","CHEKIKA FLORIDA, FL US","25.625","-80.5797","1.5","2021-07-21",
"US1FLHB0040","UNIVERSITY WEST 2.0 WNW, FL US","28.082426","-82.464012","25.9","2021-07-04","1.20"
"US1FLHB0040","UNIVERSITY WEST 2.0 WNW, FL US","28.082426","-82.464012","25.9","2021-07-05","0.01"
"US1FLHB0040","UNIVERSITY WEST 2.0 WNW, FL US","28.082426","-82.464012","25.9","2021-07-06","0.30"
"US1FLHB0040","UNIVERSITY WEST 2.0 WNW, FL US","28.082426","-82.464012","25.9","2021-07-07","2.28"
"US1FLHB0040","UNIVERSITY WEST 2.0 WNW, FL US","28.082426","-82.464012","25.9","2021-07-08","0.12"
"US1FLHB0040","UNIVERSITY WEST 2.0 WNW, FL US","28.082426","-82.464012","25.9","2021-07-09","0.90"
"US1FLHB0040","UNIVERSITY WEST 2.0 WNW, FL US","28.082426","-82.464012","25.9","2021-07-10","0.00"
"US1FLHB0040","UNIVERSITY WEST 2.0 WNW, FL US","28.082426","-82.464012","25.9","2021-07-11","0.11"
"US1FLHB0040","UNIVERSITY WEST 2.0 WNW, FL US","28.082426","-82.464012","25.9","2021-07-12","0.02"
"US1FLHB0040","UNIVERSITY WEST 2.0 WNW, FL US","28.082426","-82.464012","25.9","2021-07-13","0.39"
"US1FLHB0040","UNIVERSITY WEST 2.0 WNW, FL US","28.082426","-82.464012","25.9","2021-07-14","0.21"
"US1FLHB0040","UNIVERSITY WEST 2.0 WNW, FL US","28.082426","-82.464012","25.9","2021-07-15","0.77"
"US1FLHB0040","UNIVERSITY WEST 2.0 WNW, FL US","28.082426","-82.464012","25.9","2021-07-17","0.00"
"US1FLHB0040","UNIVERSITY WEST 2.0 WNW, FL US","28.082426","-82.464012","25.9","2021-07-18","0.00"
"US1FLHB0040","UNIVERSITY WEST 2.0 WNW, FL US","28.082426","-82.464012","25.9","2021-07-19","0.00"
"US1FLHB0040","UNIVERSITY WEST 2.0 WNW, FL US","28.082426","-82.464012","25.9","2021-07-20","0.00"
"US1FLHB0040","UNIVERSITY WEST 2.0 WNW, FL US","28.082426","-82.464012","25.9","2021-07-21","0.00"
"US1FLSW0011","LIVE OAK 5.1 SSE, FL US","30.233036","-82.938886","39.3","2021-07-04","0.00"
"US1FLSW0011","LIVE OAK 5.1 SSE, FL US","30.233036","-82.938886","39.3","2021-07-05","0.00"
"US1FLSW0011","LIVE OAK 5.1 SSE, FL US","30.233036","-82.938886","39.3","2021-07-06","0.00"
"US1FLSW0011","LIVE OAK 5.1 SSE, FL US","30.233036","-82.938886","39.3","2021-07-07","1.00"
"US1FLSW0011","LIVE OAK 5.1 SSE, FL US","30.233036","-82.938886","39.3","2021-07-08","5.50"
"US1FLSW0011","LIVE OAK 5.1 SSE, FL US","30.233036","-82.938886","39.3","2021-07-09","0.00"
"US1FLSW0011","LIVE OAK 5.1 SSE, FL US","30.233036","-82.938886","39.3","2021-07-10","2.00"
"US1FLSW0011","LIVE OAK 5.1 SSE, FL US","30.233036","-82.938886","39.3","2021-07-11","0.00"
"US1FLSW0011","LIVE OAK 5.1 SSE, FL US","30.233036","-82.938886","39.3","2021-07-12","0.00"
"US1FLSW0011","LIVE OAK 5.1 SSE, FL US","30.233036","-82.938886","39.3","2021-07-13","0.00"
"US1FLSW0011","LIVE OAK 5.1 SSE, FL US","30.233036","-82.938886","39.3","2021-07-14","0.00"
"US1FLSW0011","LIVE OAK 5.1 SSE, FL US","30.233036","-82.938886","39.3","2021-07-15","0.00"
"US1FLSW0011","LIVE OAK 5.1 SSE, FL US","30.233036","-82.938886","39.3","2021-07-16","0.00"
"US1FLSW0011","LIVE OAK 5.1 SSE, FL US","30.233036","-82.938886","39.3","2021-07-17","0.00"
"US1FLSW0011","LIVE OAK 5.1 SSE, FL US","30.233036","-82.938886","39.3","2021-07-18","0.00"
"US1FLSW0011","LIVE OAK 5.1 SSE, FL US","30.233036","-82.938886","39.3","2021-07-19","0.30"
"US1FLSW0011","LIVE OAK 5.1 SSE, FL US","30.233036","-82.938886","39.3","2021-07-20","0.60"
"US1FLSW0011","LIVE OAK 5.1 SSE, FL US","30.233036","-82.938886","39.3","2021-07-21","0.75"
"US1FLCY0039","ORANGE PARK 2.5 WSW, FL US","30.15172","-81.742435","20.1","2021-07-04","0.01"
"US1FLCY0039","ORANGE PARK 2.5 WSW, FL US","30.15172","-81.742435","20.1","2021-07-05","0.02"
"US1FLCY0039","ORANGE PARK 2.5 WSW, FL US","30.15172","-81.742435","20.1","2021-07-06","0.00"
"US1FLCY0039","ORANGE PARK 2.5 WSW, FL US","30.15172","-81.742435","20.1","2021-07-07","0.00"
"US1FLCY0039","ORANGE PARK 2.5 WSW, FL US","30.15172","-81.742435","20.1","2021-07-08","2.16"
"US1FLCY0039","ORANGE PARK 2.5 WSW, FL US","30.15172","-81.742435","20.1","2021-07-10","0.00"
"US1FLCY0039","ORANGE PARK 2.5 WSW, FL US","30.15172","-81.742435","20.1","2021-07-11","0.00"
"US1FLCY0039","ORANGE PARK 2.5 WSW, FL US","30.15172","-81.742435","20.1","2021-07-21",
"US1FLCY0038","KEYSTONE HEIGHTS 10.1 ENE, FL US","29.859338","-81.891603","41.5","2021-07-04","0.03"
"US1FLCY0038","KEYSTONE HEIGHTS 10.1 ENE, FL US","29.859338","-81.891603","41.5","2021-07-05","0.04"
"US1FLCY0038","KEYSTONE HEIGHTS 10.1 ENE, FL US","29.859338","-81.891603","41.5","2021-07-06","0.00"
"US1FLCY0038","KEYSTONE HEIGHTS 10.1 ENE, FL US","29.859338","-81.891603","41.5","2021-07-07","0.36"
"US1FLCY0038","KEYSTONE HEIGHTS 10.1 ENE, FL US","29.859338","-81.891603","41.5","2021-07-08","2.94"
"US1FLCY0038","KEYSTONE HEIGHTS 10.1 ENE, FL US","29.859338","-81.891603","41.5","2021-07-09","0.35"
"US1FLCY0038","KEYSTONE HEIGHTS 10.1 ENE, FL US","29.859338","-81.891603","41.5","2021-07-10","0.68"
"US1FLCY0038","KEYSTONE HEIGHTS 10.1 ENE, FL US","29.859338","-81.891603","41.5","2021-07-11","0.00"
"US1FLCY0038","KEYSTONE HEIGHTS 10.1 ENE, FL US","29.859338","-81.891603","41.5","2021-07-12","0.09"
"US1FLCY0038","KEYSTONE HEIGHTS 10.1 ENE, FL US","29.859338","-81.891603","41.5","2021-07-13","0.49"
"US1FLCY0038","KEYSTONE HEIGHTS 10.1 ENE, FL US","29.859338","-81.891603","41.5","2021-07-14","0.08"
"US1FLCY0038","KEYSTONE HEIGHTS 10.1 ENE, FL US","29.859338","-81.891603","41.5","2021-07-15","0.00"
"US1FLCY0038","KEYSTONE HEIGHTS 10.1 ENE, FL US","29.859338","-81.891603","41.5","2021-07-16","0.00"
"US1FLCY0038","KEYSTONE HEIGHTS 10.1 ENE, FL US","29.859338","-81.891603","41.5","2021-07-17","0.00"
"US1FLCY0038","KEYSTONE HEIGHTS 10.1 ENE, FL US","29.859338","-81.891603","41.5","2021-07-18","0.00"
"US1FLCY0038","KEYSTONE HEIGHTS 10.1 ENE, FL US","29.859338","-81.891603","41.5","2021-07-19","0.04"
"US1FLCY0038","KEYSTONE HEIGHTS 10.1 ENE, FL US","29.859338","-81.891603","41.5","2021-07-20","0.10"
"US1FLCY0038","KEYSTONE HEIGHTS 10.1 ENE, FL US","29.859338","-81.891603","41.5","2021-07-21","0.60"
"US1FLLV0004","BRONSON 3.0 SE, FL US","29.42081","-82.60151","27.1","2021-07-04","1.33"
"US1FLLV0004","BRONSON 3.0 SE, FL US","29.42081","-82.60151","27.1","2021-07-05","0.44"
"US1FLLV0004","BRONSON 3.0 SE, FL US","29.42081","-82.60151","27.1","2021-07-06","0.02"
"US1FLLV0004","BRONSON 3.0 SE, FL US","29.42081","-82.60151","27.1","2021-07-07","0.91"
"US1FLLV0004","BRONSON 3.0 SE, FL US","29.42081","-82.60151","27.1","2021-07-08","7.15"
"US1FLLV0004","BRONSON 3.0 SE, FL US","29.42081","-82.60151","27.1","2021-07-09","0.00"
"US1FLLV0004","BRONSON 3.0 SE, FL US","29.42081","-82.60151","27.1","2021-07-10","2.32"
"US1FLLV0004","BRONSON 3.0 SE, FL US","29.42081","-82.60151","27.1","2021-07-11","0.05"
"US1FLLV0004","BRONSON 3.0 SE, FL US","29.42081","-82.60151","27.1","2021-07-12","0.48"
"US1FLLV0004","BRONSON 3.0 SE, FL US","29.42081","-82.60151","27.1","2021-07-13","0.28"
"US1FLLV0004","BRONSON 3.0 SE, FL US","29.42081","-82.60151","27.1","2021-07-14","0.00"
"US1FLLV0004","BRONSON 3.0 SE, FL US","29.42081","-82.60151","27.1","2021-07-15","0.00"
"US1FLLV0004","BRONSON 3.0 SE, FL US","29.42081","-82.60151","27.1","2021-07-16","0.00"
"US1FLLV0004","BRONSON 3.0 SE, FL US","29.42081","-82.60151","27.1","2021-07-17","0.00"
"US1FLLV0004","BRONSON 3.0 SE, FL US","29.42081","-82.60151","27.1","2021-07-18","0.00"
"US1FLLV0004","BRONSON 3.0 SE, FL US","29.42081","-82.60151","27.1","2021-07-19","0.07"
"US1FLLV0004","BRONSON 3.0 SE, FL US","29.42081","-82.60151","27.1","2021-07-20","0.29"
"US1FLLV0004","BRONSON 3.0 SE, FL US","29.42081","-82.60151","27.1","2021-07-21","0.06"
"US1FLLV0001","DUNNELLON 10.1 NW, FL US","29.15689","-82.561089","18.9","2021-07-05","0.18"
"US1FLLV0001","DUNNELLON 10.1 NW, FL US","29.15689","-82.561089","18.9","2021-07-06","0.06"
"US1FLLV0001","DUNNELLON 10.1 NW, FL US","29.15689","-82.561089","18.9","2021-07-07","6.68"
"US1FLLV0001","DUNNELLON 10.1 NW, FL US","29.15689","-82.561089","18.9","2021-07-08","0.12"
"US1FLLV0001","DUNNELLON 10.1 NW, FL US","29.15689","-82.561089","18.9","2021-07-11",
"US1FLLV0001","DUNNELLON 10.1 NW, FL US","29.15689","-82.561089","18.9","2021-07-12","0.15"
"US1FLLV0001","DUNNELLON 10.1 NW, FL US","29.15689","-82.561089","18.9","2021-07-13","0.10"
"US1FLLV0001","DUNNELLON 10.1 NW, FL US","29.15689","-82.561089","18.9","2021-07-14","0.00"
"US1FLLV0001","DUNNELLON 10.1 NW, FL US","29.15689","-82.561089","18.9","2021-07-15","0.00"
"US1FLLV0001","DUNNELLON 10.1 NW, FL US","29.15689","-82.561089","18.9","2021-07-16","0.00"
"US1FLLV0001","DUNNELLON 10.1 NW, FL US","29.15689","-82.561089","18.9","2021-07-17","0.00"
"US1FLLV0001","DUNNELLON 10.1 NW, FL US","29.15689","-82.561089","18.9","2021-07-18","0.00"
"US1FLLV0001","DUNNELLON 10.1 NW, FL US","29.15689","-82.561089","18.9","2021-07-19","0.00"
"US1FLLV0001","DUNNELLON 10.1 NW, FL US","29.15689","-82.561089","18.9","2021-07-20","0.32"
"US1FLLV0001","DUNNELLON 10.1 NW, FL US","29.15689","-82.561089","18.9","2021-07-21","0.00"
"US1FLCY0037","FLEMING ISLAND 2.2 S, FL US","30.06164","-81.71337","4.9","2021-07-04","0.03"
"US1FLCY0037","FLEMING ISLAND 2.2 S, FL US","30.06164","-81.71337","4.9","2021-07-05","0.07"
"US1FLCY0037","FLEMING ISLAND 2.2 S, FL US","30.06164","-81.71337","4.9","2021-07-06","0.00"
"US1FLCY0037","FLEMING ISLAND 2.2 S, FL US","30.06164","-81.71337","4.9","2021-07-07","0.00"
"US1FLCY0037","FLEMING ISLAND 2.2 S, FL US","30.06164","-81.71337","4.9","2021-07-08","2.07"
"US1FLCY0037","FLEMING ISLAND 2.2 S, FL US","30.06164","-81.71337","4.9","2021-07-09","0.00"
"US1FLCY0037","FLEMING ISLAND 2.2 S, FL US","30.06164","-81.71337","4.9","2021-07-10","0.03"
"US1FLCY0037","FLEMING ISLAND 2.2 S, FL US","30.06164","-81.71337","4.9","2021-07-11","0.00"
"US1FLCY0037","FLEMING ISLAND 2.2 S, FL US","30.06164","-81.71337","4.9","2021-07-12","0.06"
"US1FLCY0037","FLEMING ISLAND 2.2 S, FL US","30.06164","-81.71337","4.9","2021-07-13","0.05"
"US1FLCY0037","FLEMING ISLAND 2.2 S, FL US","30.06164","-81.71337","4.9","2021-07-14","0.60"
"US1FLCY0037","FLEMING ISLAND 2.2 S, FL US","30.06164","-81.71337","4.9","2021-07-15","0.03"
"US1FLCY0037","FLEMING ISLAND 2.2 S, FL US","30.06164","-81.71337","4.9","2021-07-16","0.05"
"US1FLCY0037","FLEMING ISLAND 2.2 S, FL US","30.06164","-81.71337","4.9","2021-07-17","0.00"
"US1FLCY0037","FLEMING ISLAND 2.2 S, FL US","30.06164","-81.71337","4.9","2021-07-18","0.00"
"US1FLCY0037","FLEMING ISLAND 2.2 S, FL US","30.06164","-81.71337","4.9","2021-07-19","0.00"
"US1FLCY0037","FLEMING ISLAND 2.2 S, FL US","30.06164","-81.71337","4.9","2021-07-20","1.54"
"US1FLCY0037","FLEMING ISLAND 2.2 S, FL US","30.06164","-81.71337","4.9","2021-07-21","0.02"
"US1FLSW0014","SUWANNEE SPRINGS 0.9 S, FL US","30.379973","-82.936585","29.9","2021-07-04","0.04"
"US1FLSW0014","SUWANNEE SPRINGS 0.9 S, FL US","30.379973","-82.936585","29.9","2021-07-05","0.00"
"US1FLSW0014","SUWANNEE SPRINGS 0.9 S, FL US","30.379973","-82.936585","29.9","2021-07-06","0.00"
"US1FLSW0014","SUWANNEE SPRINGS 0.9 S, FL US","30.379973","-82.936585","29.9","2021-07-07","1.12"
"US1FLSW0014","SUWANNEE SPRINGS 0.9 S, FL US","30.379973","-82.936585","29.9","2021-07-08","3.66"
"US1FLSW0014","SUWANNEE SPRINGS 0.9 S, FL US","30.379973","-82.936585","29.9","2021-07-09","0.00"
"US1FLSW0014","SUWANNEE SPRINGS 0.9 S, FL US","30.379973","-82.936585","29.9","2021-07-10","0.34"
"US1FLSW0014","SUWANNEE SPRINGS 0.9 S, FL US","30.379973","-82.936585","29.9","2021-07-11","0.00"
"US1FLSW0014","SUWANNEE SPRINGS 0.9 S, FL US","30.379973","-82.936585","29.9","2021-07-12","0.00"
"US1FLSW0014","SUWANNEE SPRINGS 0.9 S, FL US","30.379973","-82.936585","29.9","2021-07-13","0.41"
"US1FLSW0014","SUWANNEE SPRINGS 0.9 S, FL US","30.379973","-82.936585","29.9","2021-07-14","0.05"
"US1FLSW0014","SUWANNEE SPRINGS 0.9 S, FL US","30.379973","-82.936585","29.9","2021-07-15","0.00"
"US1FLSW0014","SUWANNEE SPRINGS 0.9 S, FL US","30.379973","-82.936585","29.9","2021-07-16","0.00"
"US1FLSW0014","SUWANNEE SPRINGS 0.9 S, FL US","30.379973","-82.936585","29.9","2021-07-17","0.00"
"US1FLSW0014","SUWANNEE SPRINGS 0.9 S, FL US","30.379973","-82.936585","29.9","2021-07-18","0.00"
"US1FLSW0014","SUWANNEE SPRINGS 0.9 S, FL US","30.379973","-82.936585","29.9","2021-07-19","1.83"
"US1FLSW0014","SUWANNEE SPRINGS 0.9 S, FL US","30.379973","-82.936585","29.9","2021-07-20","0.34"
"US1FLSW0014","SUWANNEE SPRINGS 0.9 S, FL US","30.379973","-82.936585","29.9","2021-07-21","0.61"
"US1FLHB0055","TAMPA 5.0 NNE, FL US","28.0126","-82.4155","15.8","2021-07-04","2.91"
"US1FLHB0055","TAMPA 5.0 NNE, FL US","28.0126","-82.4155","15.8","2021-07-05","0.00"
"US1FLHB0055","TAMPA 5.0 NNE, FL US","28.0126","-82.4155","15.8","2021-07-06","0.91"
"US1FLHB0055","TAMPA 5.0 NNE, FL US","28.0126","-82.4155","15.8","2021-07-07","1.94"
"US1FLHB0055","TAMPA 5.0 NNE, FL US","28.0126","-82.4155","15.8","2021-07-08","0.31"
"US1FLHB0055","TAMPA 5.0 NNE, FL US","28.0126","-82.4155","15.8","2021-07-09","0.11"
"US1FLHB0055","TAMPA 5.0 NNE, FL US","28.0126","-82.4155","15.8","2021-07-10","0.00"
"US1FLHB0055","TAMPA 5.0 NNE, FL US","28.0126","-82.4155","15.8","2021-07-11","0.00"
"US1FLHB0055","TAMPA 5.0 NNE, FL US","28.0126","-82.4155","15.8","2021-07-12","0.00"
"US1FLHB0055","TAMPA 5.0 NNE, FL US","28.0126","-82.4155","15.8","2021-07-13","0.71"
"US1FLHB0055","TAMPA 5.0 NNE, FL US","28.0126","-82.4155","15.8","2021-07-14","0.00"
"US1FLHB0055","TAMPA 5.0 NNE, FL US","28.0126","-82.4155","15.8","2021-07-15","0.52"
"US1FLHB0055","TAMPA 5.0 NNE, FL US","28.0126","-82.4155","15.8","2021-07-16","0.00"
"US1FLHB0055","TAMPA 5.0 NNE, FL US","28.0126","-82.4155","15.8","2021-07-17","0.00"
"US1FLHB0055","TAMPA 5.0 NNE, FL US","28.0126","-82.4155","15.8","2021-07-18","0.00"
"US1FLHB0055","TAMPA 5.0 NNE, FL US","28.0126","-82.4155","15.8","2021-07-19","0.08"
"US1FLHB0055","TAMPA 5.0 NNE, FL US","28.0126","-82.4155","15.8","2021-07-20","0.00"
"US1FLHB0055","TAMPA 5.0 NNE, FL US","28.0126","-82.4155","15.8","2021-07-21","0.00"
"USC00083986","HILLSBOROUGH RVR ST PARK, FL US","28.1469","-82.2276","16.2","2021-07-04","1.70"
"USC00083986","HILLSBOROUGH RVR ST PARK, FL US","28.1469","-82.2276","16.2","2021-07-05","1.69"
"USC00083986","HILLSBOROUGH RVR ST PARK, FL US","28.1469","-82.2276","16.2","2021-07-07","2.83"
"USC00083986","HILLSBOROUGH RVR ST PARK, FL US","28.1469","-82.2276","16.2","2021-07-08","0.00"
"USC00083986","HILLSBOROUGH RVR ST PARK, FL US","28.1469","-82.2276","16.2","2021-07-09","0.10"
"USC00083986","HILLSBOROUGH RVR ST PARK, FL US","28.1469","-82.2276","16.2","2021-07-10","0.15"
"USC00083986","HILLSBOROUGH RVR ST PARK, FL US","28.1469","-82.2276","16.2","2021-07-11","0.00"
"USC00083986","HILLSBOROUGH RVR ST PARK, FL US","28.1469","-82.2276","16.2","2021-07-12","0.00"
"USC00083986","HILLSBOROUGH RVR ST PARK, FL US","28.1469","-82.2276","16.2","2021-07-13","0.02"
"USC00083986","HILLSBOROUGH RVR ST PARK, FL US","28.1469","-82.2276","16.2","2021-07-14","0.30"
"USC00083986","HILLSBOROUGH RVR ST PARK, FL US","28.1469","-82.2276","16.2","2021-07-16","0.00"
"USC00083986","HILLSBOROUGH RVR ST PARK, FL US","28.1469","-82.2276","16.2","2021-07-17","0.00"
"USC00083986","HILLSBOROUGH RVR ST PARK, FL US","28.1469","-82.2276","16.2","2021-07-18","0.00"
"USC00083986","HILLSBOROUGH RVR ST PARK, FL US","28.1469","-82.2276","16.2","2021-07-19","0.00"
"USC00083986","HILLSBOROUGH RVR ST PARK, FL US","28.1469","-82.2276","16.2","2021-07-20","0.05"
"USC00083986","HILLSBOROUGH RVR ST PARK, FL US","28.1469","-82.2276","16.2","2021-07-21","0.00"
"US1FLHB0051","LUTZ 2.2 SSE, FL US","28.11046","-82.446","25.9","2021-07-04","0.68"
"US1FLHB0051","LUTZ 2.2 SSE, FL US","28.11046","-82.446","25.9","2021-07-05","0.00"
"US1FLHB0051","LUTZ 2.2 SSE, FL US","28.11046","-82.446","25.9","2021-07-06","0.06"
"US1FLHB0051","LUTZ 2.2 SSE, FL US","28.11046","-82.446","25.9","2021-07-07","2.26"
"US1FLHB0051","LUTZ 2.2 SSE, FL US","28.11046","-82.446","25.9","2021-07-08","0.90"
"US1FLHB0051","LUTZ 2.2 SSE, FL US","28.11046","-82.446","25.9","2021-07-09","0.59"
"US1FLHB0051","LUTZ 2.2 SSE, FL US","28.11046","-82.446","25.9","2021-07-10","0.00"
"US1FLHB0051","LUTZ 2.2 SSE, FL US","28.11046","-82.446","25.9","2021-07-11","0.05"
"US1FLHB0051","LUTZ 2.2 SSE, FL US","28.11046","-82.446","25.9","2021-07-12","0.02"
"US1FLHB0051","LUTZ 2.2 SSE, FL US","28.11046","-82.446","25.9","2021-07-13","0.24"
"US1FLHB0051","LUTZ 2.2 SSE, FL US","28.11046","-82.446","25.9","2021-07-14","0.19"
"US1FLHB0051","LUTZ 2.2 SSE, FL US","28.11046","-82.446","25.9","2021-07-15","1.66"
"US1FLHB0051","LUTZ 2.2 SSE, FL US","28.11046","-82.446","25.9","2021-07-16","0.00"
"US1FLHB0051","LUTZ 2.2 SSE, FL US","28.11046","-82.446","25.9","2021-07-17","0.00"
"US1FLHB0051","LUTZ 2.2 SSE, FL US","28.11046","-82.446","25.9","2021-07-18","0.00"
"US1FLHB0051","LUTZ 2.2 SSE, FL US","28.11046","-82.446","25.9","2021-07-19","0.21"
"US1FLHB0051","LUTZ 2.2 SSE, FL US","28.11046","-82.446","25.9","2021-07-20","0.00"
"US1FLHB0051","LUTZ 2.2 SSE, FL US","28.11046","-82.446","25.9","2021-07-21","0.00"
"US1FLNS0017","FERNANDINA BEACH 2.3 S, FL US","30.62435","-81.442733","4.0","2021-07-04","0.06"
"US1FLNS0017","FERNANDINA BEACH 2.3 S, FL US","30.62435","-81.442733","4.0","2021-07-05","0.46"
"US1FLNS0017","FERNANDINA BEACH 2.3 S, FL US","30.62435","-81.442733","4.0","2021-07-06","2.83"
"US1FLNS0017","FERNANDINA BEACH 2.3 S, FL US","30.62435","-81.442733","4.0","2021-07-07","0.01"
"US1FLNS0017","FERNANDINA BEACH 2.3 S, FL US","30.62435","-81.442733","4.0","2021-07-08","2.05"
"US1FLNS0017","FERNANDINA BEACH 2.3 S, FL US","30.62435","-81.442733","4.0","2021-07-09","0.00"
"US1FLNS0017","FERNANDINA BEACH 2.3 S, FL US","30.62435","-81.442733","4.0","2021-07-10","0.16"
"US1FLNS0017","FERNANDINA BEACH 2.3 S, FL US","30.62435","-81.442733","4.0","2021-07-11","0.00"
"US1FLNS0017","FERNANDINA BEACH 2.3 S, FL US","30.62435","-81.442733","4.0","2021-07-13","0.00"
"US1FLNS0017","FERNANDINA BEACH 2.3 S, FL US","30.62435","-81.442733","4.0","2021-07-14","0.00"
"US1FLNS0017","FERNANDINA BEACH 2.3 S, FL US","30.62435","-81.442733","4.0","2021-07-15","0.00"
"US1FLNS0017","FERNANDINA BEACH 2.3 S, FL US","30.62435","-81.442733","4.0","2021-07-16","0.00"
"US1FLNS0017","FERNANDINA BEACH 2.3 S, FL US","30.62435","-81.442733","4.0","2021-07-17","0.00"
"US1FLNS0017","FERNANDINA BEACH 2.3 S, FL US","30.62435","-81.442733","4.0","2021-07-18","0.00"
"US1FLNS0017","FERNANDINA BEACH 2.3 S, FL US","30.62435","-81.442733","4.0","2021-07-19","0.00"
"US1FLNS0017","FERNANDINA BEACH 2.3 S, FL US","30.62435","-81.442733","4.0","2021-07-20","1.88"
"US1FLNS0017","FERNANDINA BEACH 2.3 S, FL US","30.62435","-81.442733","4.0","2021-07-21","0.21"
"US1FLNS0014","FERNANDINA BEACH 6.3 SW, FL US","30.597876","-81.528411","6.4","2021-07-04","0.03"
"US1FLNS0014","FERNANDINA BEACH 6.3 SW, FL US","30.597876","-81.528411","6.4","2021-07-05","0.12"
"US1FLNS0014","FERNANDINA BEACH 6.3 SW, FL US","30.597876","-81.528411","6.4","2021-07-06","0.48"
"US1FLNS0014","FERNANDINA BEACH 6.3 SW, FL US","30.597876","-81.528411","6.4","2021-07-07","0.00"
"US1FLNS0014","FERNANDINA BEACH 6.3 SW, FL US","30.597876","-81.528411","6.4","2021-07-08","3.40"
"US1FLNS0014","FERNANDINA BEACH 6.3 SW, FL US","30.597876","-81.528411","6.4","2021-07-09","0.00"
"US1FLNS0014","FERNANDINA BEACH 6.3 SW, FL US","30.597876","-81.528411","6.4","2021-07-10","0.06"
"US1FLNS0014","FERNANDINA BEACH 6.3 SW, FL US","30.597876","-81.528411","6.4","2021-07-11","0.00"
"US1FLNS0014","FERNANDINA BEACH 6.3 SW, FL US","30.597876","-81.528411","6.4","2021-07-12","0.30"
"US1FLNS0014","FERNANDINA BEACH 6.3 SW, FL US","30.597876","-81.528411","6.4","2021-07-13","0.00"
"US1FLNS0014","FERNANDINA BEACH 6.3 SW, FL US","30.597876","-81.528411","6.4","2021-07-14","0.00"
"US1FLNS0014","FERNANDINA BEACH 6.3 SW, FL US","30.597876","-81.528411","6.4","2021-07-15","0.00"
"US1FLNS0014","FERNANDINA BEACH 6.3 SW, FL US","30.597876","-81.528411","6.4","2021-07-16","0.00"
"US1FLNS0014","FERNANDINA BEACH 6.3 SW, FL US","30.597876","-81.528411","6.4","2021-07-17","0.00"
"US1FLNS0014","FERNANDINA BEACH 6.3 SW, FL US","30.597876","-81.528411","6.4","2021-07-18","0.00"
"US1FLNS0014","FERNANDINA BEACH 6.3 SW, FL US","30.597876","-81.528411","6.4","2021-07-19","0.00"
"US1FLNS0014","FERNANDINA BEACH 6.3 SW, FL US","30.597876","-81.528411","6.4","2021-07-20","1.60"
"US1FLNS0014","FERNANDINA BEACH 6.3 SW, FL US","30.597876","-81.528411","6.4","2021-07-21","0.02"
"US1FLDX0003","OLD TOWN 4.9 NW, FL US","29.657909","-83.033173","11.0","2021-07-04","2.16"
"US1FLDX0003","OLD TOWN 4.9 NW, FL US","29.657909","-83.033173","11.0","2021-07-05","1.49"
"US1FLDX0003","OLD TOWN 4.9 NW, FL US","29.657909","-83.033173","11.0","2021-07-06","0.03"
"US1FLDX0003","OLD TOWN 4.9 NW, FL US","29.657909","-83.033173","11.0","2021-07-07","0.98"
"US1FLDX0003","OLD TOWN 4.9 NW, FL US","29.657909","-83.033173","11.0","2021-07-08","1.86"
"US1FLDX0003","OLD TOWN 4.9 NW, FL US","29.657909","-83.033173","11.0","2021-07-10",
"US1FLDX0003","OLD TOWN 4.9 NW, FL US","29.657909","-83.033173","11.0","2021-07-21","0.84"
"USC00084621","KISSIMMEE PRAIRIE PRESERVE, FL US","27.6038","-81.053","21.9","2021-07-04","0.33"
"USC00084621","KISSIMMEE PRAIRIE PRESERVE, FL US","27.6038","-81.053","21.9","2021-07-05","0.00"
"USC00084621","KISSIMMEE PRAIRIE PRESERVE, FL US","27.6038","-81.053","21.9","2021-07-06","0.37"
"USC00084621","KISSIMMEE PRAIRIE PRESERVE, FL US","27.6038","-81.053","21.9","2021-07-07","0.65"
"USC00084621","KISSIMMEE PRAIRIE PRESERVE, FL US","27.6038","-81.053","21.9","2021-07-08","0.00"
"USC00084621","KISSIMMEE PRAIRIE PRESERVE, FL US","27.6038","-81.053","21.9","2021-07-09","0.00"
"USC00084621","KISSIMMEE PRAIRIE PRESERVE, FL US","27.6038","-81.053","21.9","2021-07-19",
"USC00084621","KISSIMMEE PRAIRIE PRESERVE, FL US","27.6038","-81.053","21.9","2021-07-20","0.00"
"USC00084621","KISSIMMEE PRAIRIE PRESERVE, FL US","27.6038","-81.053","21.9","2021-07-21","0.00"
"USC00084625","KISSIMMEE 2, FL US","28.2763","-81.424","18.3","2021-07-04","0.60"
"USC00084625","KISSIMMEE 2, FL US","28.2763","-81.424","18.3","2021-07-05","1.26"
"USC00084625","KISSIMMEE 2, FL US","28.2763","-81.424","18.3","2021-07-06",
"USC00084625","KISSIMMEE 2, FL US","28.2763","-81.424","18.3","2021-07-07","1.70"
"USC00084625","KISSIMMEE 2, FL US","28.2763","-81.424","18.3","2021-07-08","0.00"
"USC00084625","KISSIMMEE 2, FL US","28.2763","-81.424","18.3","2021-07-09","0.60"
"USC00084625","KISSIMMEE 2, FL US","28.2763","-81.424","18.3","2021-07-10","0.00"
"USC00084625","KISSIMMEE 2, FL US","28.2763","-81.424","18.3","2021-07-11","0.00"
"USC00084625","KISSIMMEE 2, FL US","28.2763","-81.424","18.3","2021-07-12","0.00"
"USC00084625","KISSIMMEE 2, FL US","28.2763","-81.424","18.3","2021-07-13","0.60"
"USC00084625","KISSIMMEE 2, FL US","28.2763","-81.424","18.3","2021-07-14","0.00"
"USC00084625","KISSIMMEE 2, FL US","28.2763","-81.424","18.3","2021-07-15",
"USC00084625","KISSIMMEE 2, FL US","28.2763","-81.424","18.3","2021-07-16","0.00"
"USC00084625","KISSIMMEE 2, FL US","28.2763","-81.424","18.3","2021-07-17","0.00"
"USC00084625","KISSIMMEE 2, FL US","28.2763","-81.424","18.3","2021-07-18","0.00"
"USC00084625","KISSIMMEE 2, FL US","28.2763","-81.424","18.3","2021-07-19",
"USC00084625","KISSIMMEE 2, FL US","28.2763","-81.424","18.3","2021-07-20","0.00"
"USC00084625","KISSIMMEE 2, FL US","28.2763","-81.424","18.3","2021-07-21",
"US1FLDX0002","CROSS CITY 4.7 E, FL US","29.644008","-83.047261","11.3","2021-07-04","2.11"
"US1FLDX0002","CROSS CITY 4.7 E, FL US","29.644008","-83.047261","11.3","2021-07-05","0.79"
"US1FLDX0002","CROSS CITY 4.7 E, FL US","29.644008","-83.047261","11.3","2021-07-06","0.00"
"US1FLDX0002","CROSS CITY 4.7 E, FL US","29.644008","-83.047261","11.3","2021-07-07","1.67"
"US1FLDX0002","CROSS CITY 4.7 E, FL US","29.644008","-83.047261","11.3","2021-07-08","1.16"
"US1FLDX0002","CROSS CITY 4.7 E, FL US","29.644008","-83.047261","11.3","2021-07-09","0.00"
"US1FLDX0002","CROSS CITY 4.7 E, FL US","29.644008","-83.047261","11.3","2021-07-10","0.00"
"US1FLDX0002","CROSS CITY 4.7 E, FL US","29.644008","-83.047261","11.3","2021-07-11","0.00"
"US1FLDX0002","CROSS CITY 4.7 E, FL US","29.644008","-83.047261","11.3","2021-07-12","0.00"
"US1FLDX0002","CROSS CITY 4.7 E, FL US","29.644008","-83.047261","11.3","2021-07-13","0.16"
"US1FLDX0002","CROSS CITY 4.7 E, FL US","29.644008","-83.047261","11.3","2021-07-14","0.95"
"US1FLCY0042","GREEN COVE SPRINGS 2.6 WNW, FL US","30.00567","-81.71777","20.4","2021-07-05","0.05"
"US1FLCY0042","GREEN COVE SPRINGS 2.6 WNW, FL US","30.00567","-81.71777","20.4","2021-07-06","0.00"
"US1FLCY0042","GREEN COVE SPRINGS 2.6 WNW, FL US","30.00567","-81.71777","20.4","2021-07-07","0.01"
"US1FLCY0042","GREEN COVE SPRINGS 2.6 WNW, FL US","30.00567","-81.71777","20.4","2021-07-08","1.95"
"US1FLCY0042","GREEN COVE SPRINGS 2.6 WNW, FL US","30.00567","-81.71777","20.4","2021-07-09","0.14"
"US1FLCY0042","GREEN COVE SPRINGS 2.6 WNW, FL US","30.00567","-81.71777","20.4","2021-07-12","0.29"
"US1FLCY0042","GREEN COVE SPRINGS 2.6 WNW, FL US","30.00567","-81.71777","20.4","2021-07-13","0.05"
"US1FLCY0042","GREEN COVE SPRINGS 2.6 WNW, FL US","30.00567","-81.71777","20.4","2021-07-14","0.10"
"US1FLCY0042","GREEN COVE SPRINGS 2.6 WNW, FL US","30.00567","-81.71777","20.4","2021-07-15","0.00"
"US1FLCY0042","GREEN COVE SPRINGS 2.6 WNW, FL US","30.00567","-81.71777","20.4","2021-07-18","0.00"
"US1FLCY0042","GREEN COVE SPRINGS 2.6 WNW, FL US","30.00567","-81.71777","20.4","2021-07-19","0.01"
"US1FLCY0042","GREEN COVE SPRINGS 2.6 WNW, FL US","30.00567","-81.71777","20.4","2021-07-20","1.95"
"US1FLNS0022","FERNANDINA BEACH 1.5 S, FL US","30.6364","-81.449","5.8","2021-07-04","0.08"
"US1FLNS0022","FERNANDINA BEACH 1.5 S, FL US","30.6364","-81.449","5.8","2021-07-05","0.34"
"US1FLNS0022","FERNANDINA BEACH 1.5 S, FL US","30.6364","-81.449","5.8","2021-07-06","2.35"
"US1FLNS0022","FERNANDINA BEACH 1.5 S, FL US","30.6364","-81.449","5.8","2021-07-07","0.00"
"US1FLNS0022","FERNANDINA BEACH 1.5 S, FL US","30.6364","-81.449","5.8","2021-07-08","2.30"
"US1FLNS0022","FERNANDINA BEACH 1.5 S, FL US","30.6364","-81.449","5.8","2021-07-09","0.00"
"US1FLNS0022","FERNANDINA BEACH 1.5 S, FL US","30.6364","-81.449","5.8","2021-07-10","0.06"
"US1FLNS0022","FERNANDINA BEACH 1.5 S, FL US","30.6364","-81.449","5.8","2021-07-11","0.00"
"US1FLNS0022","FERNANDINA BEACH 1.5 S, FL US","30.6364","-81.449","5.8","2021-07-12","0.00"
"US1FLNS0022","FERNANDINA BEACH 1.5 S, FL US","30.6364","-81.449","5.8","2021-07-13","0.00"
"US1FLNS0022","FERNANDINA BEACH 1.5 S, FL US","30.6364","-81.449","5.8","2021-07-14","0.00"
"US1FLNS0022","FERNANDINA BEACH 1.5 S, FL US","30.6364","-81.449","5.8","2021-07-15","0.00"
"US1FLNS0022","FERNANDINA BEACH 1.5 S, FL US","30.6364","-81.449","5.8","2021-07-16","0.00"
"US1FLNS0022","FERNANDINA BEACH 1.5 S, FL US","30.6364","-81.449","5.8","2021-07-17","0.00"
"US1FLNS0022","FERNANDINA BEACH 1.5 S, FL US","30.6364","-81.449","5.8","2021-07-18","0.00"
"US1FLNS0022","FERNANDINA BEACH 1.5 S, FL US","30.6364","-81.449","5.8","2021-07-19","0.00"
"US1FLNS0022","FERNANDINA BEACH 1.5 S, FL US","30.6364","-81.449","5.8","2021-07-20","1.17"
"US1FLNS0022","FERNANDINA BEACH 1.5 S, FL US","30.6364","-81.449","5.8","2021-07-21","0.11"
"US1FLCY0041","PENNEY FARMS 0.1 E, FL US","29.980955","-81.810151","29.9","2021-07-04","0.02"
"US1FLCY0041","PENNEY FARMS 0.1 E, FL US","29.980955","-81.810151","29.9","2021-07-05","0.10"
"US1FLCY0041","PENNEY FARMS 0.1 E, FL US","29.980955","-81.810151","29.9","2021-07-06","0.02"
"US1FLCY0041","PENNEY FARMS 0.1 E, FL US","29.980955","-81.810151","29.9","2021-07-07","0.03"
"US1FLCY0041","PENNEY FARMS 0.1 E, FL US","29.980955","-81.810151","29.9","2021-07-08","3.85"
"US1FLCY0041","PENNEY FARMS 0.1 E, FL US","29.980955","-81.810151","29.9","2021-07-09","0.05"
"US1FLCY0041","PENNEY FARMS 0.1 E, FL US","29.980955","-81.810151","29.9","2021-07-10","0.30"
"US1FLCY0041","PENNEY FARMS 0.1 E, FL US","29.980955","-81.810151","29.9","2021-07-11","0.02"
"US1FLCY0041","PENNEY FARMS 0.1 E, FL US","29.980955","-81.810151","29.9","2021-07-12","0.06"
"US1FLCY0041","PENNEY FARMS 0.1 E, FL US","29.980955","-81.810151","29.9","2021-07-13","0.12"
"US1FLCY0041","PENNEY FARMS 0.1 E, FL US","29.980955","-81.810151","29.9","2021-07-14","0.05"
"US1FLCY0041","PENNEY FARMS 0.1 E, FL US","29.980955","-81.810151","29.9","2021-07-15","0.01"
"US1FLCY0041","PENNEY FARMS 0.1 E, FL US","29.980955","-81.810151","29.9","2021-07-16","0.00"
"US1FLCY0041","PENNEY FARMS 0.1 E, FL US","29.980955","-81.810151","29.9","2021-07-17","0.00"
"US1FLCY0041","PENNEY FARMS 0.1 E, FL US","29.980955","-81.810151","29.9","2021-07-18","0.00"
"US1FLCY0041","PENNEY FARMS 0.1 E, FL US","29.980955","-81.810151","29.9","2021-07-19","0.00"
"US1FLCY0041","PENNEY FARMS 0.1 E, FL US","29.980955","-81.810151","29.9","2021-07-21","0.03"
"US1FLNS0023","CALLAHAN 4.0 S, FL US","30.504532","-81.82145","5.8","2021-07-04","0.02"
"US1FLNS0023","CALLAHAN 4.0 S, FL US","30.504532","-81.82145","5.8","2021-07-05","1.54"
"US1FLNS0023","CALLAHAN 4.0 S, FL US","30.504532","-81.82145","5.8","2021-07-06","1.24"
"US1FLNS0023","CALLAHAN 4.0 S, FL US","30.504532","-81.82145","5.8","2021-07-07","0.01"
"US1FLNS0023","CALLAHAN 4.0 S, FL US","30.504532","-81.82145","5.8","2021-07-08","3.67"
"US1FLNS0023","CALLAHAN 4.0 S, FL US","30.504532","-81.82145","5.8","2021-07-09","0.00"
"US1FLNS0023","CALLAHAN 4.0 S, FL US","30.504532","-81.82145","5.8","2021-07-10","0.03"
"US1FLNS0023","CALLAHAN 4.0 S, FL US","30.504532","-81.82145","5.8","2021-07-11","0.00"
"US1FLNS0023","CALLAHAN 4.0 S, FL US","30.504532","-81.82145","5.8","2021-07-12","0.07"
"US1FLNS0023","CALLAHAN 4.0 S, FL US","30.504532","-81.82145","5.8","2021-07-13","0.01"
"US1FLNS0023","CALLAHAN 4.0 S, FL US","30.504532","-81.82145","5.8","2021-07-14","0.04"
"US1FLNS0023","CALLAHAN 4.0 S, FL US","30.504532","-81.82145","5.8","2021-07-15","0.00"
"US1FLNS0023","CALLAHAN 4.0 S, FL US","30.504532","-81.82145","5.8","2021-07-16","0.00"
"US1FLNS0023","CALLAHAN 4.0 S, FL US","30.504532","-81.82145","5.8","2021-07-17","0.00"
"US1FLNS0023","CALLAHAN 4.0 S, FL US","30.504532","-81.82145","5.8","2021-07-18","0.00"
"US1FLNS0023","CALLAHAN 4.0 S, FL US","30.504532","-81.82145","5.8","2021-07-19","0.13"
"US1FLNS0023","CALLAHAN 4.0 S, FL US","30.504532","-81.82145","5.8","2021-07-20","0.01"
"US1FLNS0023","CALLAHAN 4.0 S, FL US","30.504532","-81.82145","5.8","2021-07-21","0.11"
"US1FLNS0021","FERNANDINA BEACH 2.4 S, FL US","30.622806","-81.452376","3.7","2021-07-04","0.07"
"US1FLNS0021","FERNANDINA BEACH 2.4 S, FL US","30.622806","-81.452376","3.7","2021-07-05","0.50"
"US1FLNS0021","FERNANDINA BEACH 2.4 S, FL US","30.622806","-81.452376","3.7","2021-07-06","2.77"
"US1FLNS0021","FERNANDINA BEACH 2.4 S, FL US","30.622806","-81.452376","3.7","2021-07-07","0.02"
"US1FLNS0021","FERNANDINA BEACH 2.4 S, FL US","30.622806","-81.452376","3.7","2021-07-08","2.15"
"US1FLNS0021","FERNANDINA BEACH 2.4 S, FL US","30.622806","-81.452376","3.7","2021-07-09","0.00"
"US1FLNS0021","FERNANDINA BEACH 2.4 S, FL US","30.622806","-81.452376","3.7","2021-07-10","0.15"
"US1FLNS0021","FERNANDINA BEACH 2.4 S, FL US","30.622806","-81.452376","3.7","2021-07-11","0.00"
"US1FLNS0021","FERNANDINA BEACH 2.4 S, FL US","30.622806","-81.452376","3.7","2021-07-12","0.00"
"US1FLNS0021","FERNANDINA BEACH 2.4 S, FL US","30.622806","-81.452376","3.7","2021-07-13","0.01"
"US1FLNS0021","FERNANDINA BEACH 2.4 S, FL US","30.622806","-81.452376","3.7","2021-07-14","0.00"
"US1FLNS0021","FERNANDINA BEACH 2.4 S, FL US","30.622806","-81.452376","3.7","2021-07-15","0.00"
"US1FLNS0021","FERNANDINA BEACH 2.4 S, FL US","30.622806","-81.452376","3.7","2021-07-16","0.00"
"US1FLNS0021","FERNANDINA BEACH 2.4 S, FL US","30.622806","-81.452376","3.7","2021-07-17","0.00"
"US1FLNS0021","FERNANDINA BEACH 2.4 S, FL US","30.622806","-81.452376","3.7","2021-07-18","0.00"
"US1FLNS0021","FERNANDINA BEACH 2.4 S, FL US","30.622806","-81.452376","3.7","2021-07-19","0.00"
"US1FLNS0021","FERNANDINA BEACH 2.4 S, FL US","30.622806","-81.452376","3.7","2021-07-20","1.54"
"US1FLNS0021","FERNANDINA BEACH 2.4 S, FL US","30.622806","-81.452376","3.7","2021-07-21","0.05"
"US1FLCY0057","FLEMING ISLAND 1.3 NE, FL US","30.1054","-81.7027","4.9","2021-07-05","0.17"
"US1FLCY0057","FLEMING ISLAND 1.3 NE, FL US","30.1054","-81.7027","4.9","2021-07-08","2.73"
"US1FLCY0057","FLEMING ISLAND 1.3 NE, FL US","30.1054","-81.7027","4.9","2021-07-13","0.15"
"US1FLCY0057","FLEMING ISLAND 1.3 NE, FL US","30.1054","-81.7027","4.9","2021-07-14","0.46"
"US1FLCY0057","FLEMING ISLAND 1.3 NE, FL US","30.1054","-81.7027","4.9","2021-07-20","0.72"
"US1FLHN0007","SPRING HILL 3.3 SE, FL US","28.44753","-82.52357","25.0","2021-07-04","1.24"
"US1FLHN0007","SPRING HILL 3.3 SE, FL US","28.44753","-82.52357","25.0","2021-07-05","0.00"
"US1FLHN0007","SPRING HILL 3.3 SE, FL US","28.44753","-82.52357","25.0","2021-07-07","3.10"
"US1FLHN0007","SPRING HILL 3.3 SE, FL US","28.44753","-82.52357","25.0","2021-07-08","0.48"
"US1FLHN0007","SPRING HILL 3.3 SE, FL US","28.44753","-82.52357","25.0","2021-07-17",
"US1FLHN0007","SPRING HILL 3.3 SE, FL US","28.44753","-82.52357","25.0","2021-07-18","0.00"
"US1FLHN0007","SPRING HILL 3.3 SE, FL US","28.44753","-82.52357","25.0","2021-07-19","0.00"
"US1FLHN0007","SPRING HILL 3.3 SE, FL US","28.44753","-82.52357","25.0","2021-07-20","0.26"
"US1FLHN0007","SPRING HILL 3.3 SE, FL US","28.44753","-82.52357","25.0","2021-07-21","0.33"
"US1FLCY0056","KEYSTONE HEIGHTS 1.0 E, FL US","29.780083","-82.016571","53.0","2021-07-05",
"US1FLCY0056","KEYSTONE HEIGHTS 1.0 E, FL US","29.780083","-82.016571","53.0","2021-07-11",
"US1FLCY0056","KEYSTONE HEIGHTS 1.0 E, FL US","29.780083","-82.016571","53.0","2021-07-20",
"US1FLCY0056","KEYSTONE HEIGHTS 1.0 E, FL US","29.780083","-82.016571","53.0","2021-07-21","0.60"
"US1FLHN0008","WEEKI WACHEE 3.0 N, FL US","28.558567","-82.578133","7.9","2021-07-04","2.09"
"US1FLHN0008","WEEKI WACHEE 3.0 N, FL US","28.558567","-82.578133","7.9","2021-07-05","0.01"
"US1FLHN0008","WEEKI WACHEE 3.0 N, FL US","28.558567","-82.578133","7.9","2021-07-06","0.00"
"US1FLHN0008","WEEKI WACHEE 3.0 N, FL US","28.558567","-82.578133","7.9","2021-07-07","3.48"
"US1FLHN0008","WEEKI WACHEE 3.0 N, FL US","28.558567","-82.578133","7.9","2021-07-08","1.18"
"US1FLHN0008","WEEKI WACHEE 3.0 N, FL US","28.558567","-82.578133","7.9","2021-07-09","0.36"
"US1FLHN0008","WEEKI WACHEE 3.0 N, FL US","28.558567","-82.578133","7.9","2021-07-10","0.00"
"US1FLHN0008","WEEKI WACHEE 3.0 N, FL US","28.558567","-82.578133","7.9","2021-07-11","0.00"
"US1FLHN0008","WEEKI WACHEE 3.0 N, FL US","28.558567","-82.578133","7.9","2021-07-12","1.45"
"US1FLHN0008","WEEKI WACHEE 3.0 N, FL US","28.558567","-82.578133","7.9","2021-07-13","0.50"
"US1FLHN0008","WEEKI WACHEE 3.0 N, FL US","28.558567","-82.578133","7.9","2021-07-14","0.01"
"US1FLHN0008","WEEKI WACHEE 3.0 N, FL US","28.558567","-82.578133","7.9","2021-07-15","0.06"
"US1FLHN0008","WEEKI WACHEE 3.0 N, FL US","28.558567","-82.578133","7.9","2021-07-16","0.01"
"US1FLHN0008","WEEKI WACHEE 3.0 N, FL US","28.558567","-82.578133","7.9","2021-07-17","0.03"
"USR0000FCAC","CACHE FLORIDA, FL US","25.3903","-80.6803","1.5","2021-07-04",
"USR0000FCAC","CACHE FLORIDA, FL US","25.3903","-80.6803","1.5","2021-07-05",
"USR0000FCAC","CACHE FLORIDA, FL US","25.3903","-80.6803","1.5","2021-07-06",
"USR0000FCAC","CACHE FLORIDA, FL US","25.3903","-80.6803","1.5","2021-07-07",
"USR0000FCAC","CACHE FLORIDA, FL US","25.3903","-80.6803","1.5","2021-07-08",
"USR0000FCAC","CACHE FLORIDA, FL US","25.3903","-80.6803","1.5","2021-07-09",
"USR0000FCAC","CACHE FLORIDA, FL US","25.3903","-80.6803","1.5","2021-07-10",
"USR0000FCAC","CACHE FLORIDA, FL US","25.3903","-80.6803","1.5","2021-07-11",
"USR0000FCAC","CACHE FLORIDA, FL US","25.3903","-80.6803","1.5","2021-07-12",
"USR0000FCAC","CACHE FLORIDA, FL US","25.3903","-80.6803","1.5","2021-07-13",
"USR0000FCAC","CACHE FLORIDA, FL US","25.3903","-80.6803","1.5","2021-07-14",
"USR0000FCAC","CACHE FLORIDA, FL US","25.3903","-80.6803","1.5","2021-07-15",
"USR0000FCAC","CACHE FLORIDA, FL US","25.3903","-80.6803","1.5","2021-07-16",
"USR0000FCAC","CACHE FLORIDA, FL US","25.3903","-80.6803","1.5","2021-07-17",
"USR0000FCAC","CACHE FLORIDA, FL US","25.3903","-80.6803","1.5","2021-07-18",
"USR0000FCAC","CACHE FLORIDA, FL US","25.3903","-80.6803","1.5","2021-07-19",
"USR0000FCAC","CACHE FLORIDA, FL US","25.3903","-80.6803","1.5","2021-07-20",
"USR0000FCAC","CACHE FLORIDA, FL US","25.3903","-80.6803","1.5","2021-07-21",
"US1FLCY0055","FLEMING ISLAND 1.3 NW, FL US","30.10802","-81.7321","5.8","2021-07-04","0.03"
"US1FLCY0055","FLEMING ISLAND 1.3 NW, FL US","30.10802","-81.7321","5.8","2021-07-05","0.16"
"US1FLCY0055","FLEMING ISLAND 1.3 NW, FL US","30.10802","-81.7321","5.8","2021-07-06","0.03"
"US1FLCY0055","FLEMING ISLAND 1.3 NW, FL US","30.10802","-81.7321","5.8","2021-07-07","0.00"
"US1FLCY0055","FLEMING ISLAND 1.3 NW, FL US","30.10802","-81.7321","5.8","2021-07-08","1.04"
"US1FLCY0055","FLEMING ISLAND 1.3 NW, FL US","30.10802","-81.7321","5.8","2021-07-09","0.02"
"US1FLCY0055","FLEMING ISLAND 1.3 NW, FL US","30.10802","-81.7321","5.8","2021-07-10","0.00"
"US1FLCY0055","FLEMING ISLAND 1.3 NW, FL US","30.10802","-81.7321","5.8","2021-07-11","0.00"
"US1FLCY0055","FLEMING ISLAND 1.3 NW, FL US","30.10802","-81.7321","5.8","2021-07-12","0.03"
"US1FLCY0055","FLEMING ISLAND 1.3 NW, FL US","30.10802","-81.7321","5.8","2021-07-13","0.03"
"US1FLCY0055","FLEMING ISLAND 1.3 NW, FL US","30.10802","-81.7321","5.8","2021-07-14","0.57"
"US1FLCY0055","FLEMING ISLAND 1.3 NW, FL US","30.10802","-81.7321","5.8","2021-07-15","0.00"
"US1FLCY0055","FLEMING ISLAND 1.3 NW, FL US","30.10802","-81.7321","5.8","2021-07-16","0.42"
"US1FLCY0055","FLEMING ISLAND 1.3 NW, FL US","30.10802","-81.7321","5.8","2021-07-17","0.00"
"US1FLCY0055","FLEMING ISLAND 1.3 NW, FL US","30.10802","-81.7321","5.8","2021-07-18","0.00"
"US1FLCY0055","FLEMING ISLAND 1.3 NW, FL US","30.10802","-81.7321","5.8","2021-07-19","0.00"
"US1FLCY0055","FLEMING ISLAND 1.3 NW, FL US","30.10802","-81.7321","5.8","2021-07-20","0.46"
"US1FLCY0055","FLEMING ISLAND 1.3 NW, FL US","30.10802","-81.7321","5.8","2021-07-21","0.00"
"US1FLCY0054","KEYSTONE HEIGHTS 9.7 ENE, FL US","29.85054","-81.89475","43.6","2021-07-04","0.03"
"US1FLCY0054","KEYSTONE HEIGHTS 9.7 ENE, FL US","29.85054","-81.89475","43.6","2021-07-05","0.02"
"US1FLCY0054","KEYSTONE HEIGHTS 9.7 ENE, FL US","29.85054","-81.89475","43.6","2021-07-06","0.00"
"US1FLCY0054","KEYSTONE HEIGHTS 9.7 ENE, FL US","29.85054","-81.89475","43.6","2021-07-07","0.51"
"US1FLCY0054","KEYSTONE HEIGHTS 9.7 ENE, FL US","29.85054","-81.89475","43.6","2021-07-08","2.79"
"US1FLCY0054","KEYSTONE HEIGHTS 9.7 ENE, FL US","29.85054","-81.89475","43.6","2021-07-09","0.29"
"US1FLCY0054","KEYSTONE HEIGHTS 9.7 ENE, FL US","29.85054","-81.89475","43.6","2021-07-10","0.32"
"US1FLCY0054","KEYSTONE HEIGHTS 9.7 ENE, FL US","29.85054","-81.89475","43.6","2021-07-11","0.00"
"US1FLCY0054","KEYSTONE HEIGHTS 9.7 ENE, FL US","29.85054","-81.89475","43.6","2021-07-12","0.06"
"US1FLCY0054","KEYSTONE HEIGHTS 9.7 ENE, FL US","29.85054","-81.89475","43.6","2021-07-13","0.44"
"US1FLCY0054","KEYSTONE HEIGHTS 9.7 ENE, FL US","29.85054","-81.89475","43.6","2021-07-14","0.17"
"US1FLCY0054","KEYSTONE HEIGHTS 9.7 ENE, FL US","29.85054","-81.89475","43.6","2021-07-15","0.00"
"US1FLCY0054","KEYSTONE HEIGHTS 9.7 ENE, FL US","29.85054","-81.89475","43.6","2021-07-16","0.00"
"US1FLCY0054","KEYSTONE HEIGHTS 9.7 ENE, FL US","29.85054","-81.89475","43.6","2021-07-17","0.00"
"US1FLCY0054","KEYSTONE HEIGHTS 9.7 ENE, FL US","29.85054","-81.89475","43.6","2021-07-18","0.00"
"US1FLCY0054","KEYSTONE HEIGHTS 9.7 ENE, FL US","29.85054","-81.89475","43.6","2021-07-19","0.03"
"US1FLCY0054","KEYSTONE HEIGHTS 9.7 ENE, FL US","29.85054","-81.89475","43.6","2021-07-20","0.10"
"US1FLCY0054","KEYSTONE HEIGHTS 9.7 ENE, FL US","29.85054","-81.89475","43.6","2021-07-21","0.50"
"US1FLHN0011","NORTH BROOKSVILLE 6.3 NE, FL US","28.63956","-82.33846","43.0","2021-07-06",
"US1FLHN0011","NORTH BROOKSVILLE 6.3 NE, FL US","28.63956","-82.33846","43.0","2021-07-07","1.65"
"US1FLHN0011","NORTH BROOKSVILLE 6.3 NE, FL US","28.63956","-82.33846","43.0","2021-07-08","0.85"
"US1FLHN0011","NORTH BROOKSVILLE 6.3 NE, FL US","28.63956","-82.33846","43.0","2021-07-09","1.90"
"US1FLHN0011","NORTH BROOKSVILLE 6.3 NE, FL US","28.63956","-82.33846","43.0","2021-07-10","0.00"
"US1FLHN0011","NORTH BROOKSVILLE 6.3 NE, FL US","28.63956","-82.33846","43.0","2021-07-11","0.00"
"US1FLHN0011","NORTH BROOKSVILLE 6.3 NE, FL US","28.63956","-82.33846","43.0","2021-07-12","0.36"
"US1FLHN0011","NORTH BROOKSVILLE 6.3 NE, FL US","28.63956","-82.33846","43.0","2021-07-13","0.02"
"US1FLHN0011","NORTH BROOKSVILLE 6.3 NE, FL US","28.63956","-82.33846","43.0","2021-07-14","0.29"
"US1FLHN0011","NORTH BROOKSVILLE 6.3 NE, FL US","28.63956","-82.33846","43.0","2021-07-15","0.02"
"US1FLHN0011","NORTH BROOKSVILLE 6.3 NE, FL US","28.63956","-82.33846","43.0","2021-07-19",
"US1FLHN0011","NORTH BROOKSVILLE 6.3 NE, FL US","28.63956","-82.33846","43.0","2021-07-20","0.74"
"US1FLHN0011","NORTH BROOKSVILLE 6.3 NE, FL US","28.63956","-82.33846","43.0","2021-07-21","0.13"
"US1FLCY0051","ORANGE PARK 0.5 SSW, FL US","30.162792","-81.709129","2.4","2021-07-06",
"US1FLCY0051","ORANGE PARK 0.5 SSW, FL US","30.162792","-81.709129","2.4","2021-07-07","0.01"
"US1FLCY0051","ORANGE PARK 0.5 SSW, FL US","30.162792","-81.709129","2.4","2021-07-08","2.20"
"US1FLCY0051","ORANGE PARK 0.5 SSW, FL US","30.162792","-81.709129","2.4","2021-07-09","0.00"
"US1FLCY0051","ORANGE PARK 0.5 SSW, FL US","30.162792","-81.709129","2.4","2021-07-10","0.00"
"US1FLCY0051","ORANGE PARK 0.5 SSW, FL US","30.162792","-81.709129","2.4","2021-07-11","0.00"
"US1FLCY0051","ORANGE PARK 0.5 SSW, FL US","30.162792","-81.709129","2.4","2021-07-12","0.06"
"US1FLCY0051","ORANGE PARK 0.5 SSW, FL US","30.162792","-81.709129","2.4","2021-07-13","0.00"
"US1FLCY0051","ORANGE PARK 0.5 SSW, FL US","30.162792","-81.709129","2.4","2021-07-14","0.26"
"US1FLCY0051","ORANGE PARK 0.5 SSW, FL US","30.162792","-81.709129","2.4","2021-07-15","0.00"
"US1FLCY0051","ORANGE PARK 0.5 SSW, FL US","30.162792","-81.709129","2.4","2021-07-16","0.00"
"US1FLCY0051","ORANGE PARK 0.5 SSW, FL US","30.162792","-81.709129","2.4","2021-07-17","0.00"
"US1FLCY0051","ORANGE PARK 0.5 SSW, FL US","30.162792","-81.709129","2.4","2021-07-18","0.00"
"US1FLCY0051","ORANGE PARK 0.5 SSW, FL US","30.162792","-81.709129","2.4","2021-07-19","0.00"
"US1FLCY0051","ORANGE PARK 0.5 SSW, FL US","30.162792","-81.709129","2.4","2021-07-20","0.20"
"US1FLCY0050","KEYSTONE HEIGHTS 6.4 NE, FL US","29.84752","-81.961486","69.2","2021-07-05","0.14"
"US1FLCY0050","KEYSTONE HEIGHTS 6.4 NE, FL US","29.84752","-81.961486","69.2","2021-07-06","0.00"
"US1FLCY0050","KEYSTONE HEIGHTS 6.4 NE, FL US","29.84752","-81.961486","69.2","2021-07-07","0.15"
"US1FLCY0050","KEYSTONE HEIGHTS 6.4 NE, FL US","29.84752","-81.961486","69.2","2021-07-08","3.00"
"US1FLCY0050","KEYSTONE HEIGHTS 6.4 NE, FL US","29.84752","-81.961486","69.2","2021-07-09","0.26"
"US1FLCY0050","KEYSTONE HEIGHTS 6.4 NE, FL US","29.84752","-81.961486","69.2","2021-07-10","0.00"
"US1FLCY0050","KEYSTONE HEIGHTS 6.4 NE, FL US","29.84752","-81.961486","69.2","2021-07-11","0.00"
"US1FLCY0050","KEYSTONE HEIGHTS 6.4 NE, FL US","29.84752","-81.961486","69.2","2021-07-12","0.00"
"US1FLCY0050","KEYSTONE HEIGHTS 6.4 NE, FL US","29.84752","-81.961486","69.2","2021-07-13","0.00"
"US1FLCY0050","KEYSTONE HEIGHTS 6.4 NE, FL US","29.84752","-81.961486","69.2","2021-07-14","0.44"
"US1FLCY0050","KEYSTONE HEIGHTS 6.4 NE, FL US","29.84752","-81.961486","69.2","2021-07-15","0.00"
"US1FLCY0050","KEYSTONE HEIGHTS 6.4 NE, FL US","29.84752","-81.961486","69.2","2021-07-16","0.00"
"US1FLCY0050","KEYSTONE HEIGHTS 6.4 NE, FL US","29.84752","-81.961486","69.2","2021-07-17","0.00"
"US1FLCY0050","KEYSTONE HEIGHTS 6.4 NE, FL US","29.84752","-81.961486","69.2","2021-07-18","0.00"
"US1FLCY0050","KEYSTONE HEIGHTS 6.4 NE, FL US","29.84752","-81.961486","69.2","2021-07-19","0.00"
"US1FLCY0050","KEYSTONE HEIGHTS 6.4 NE, FL US","29.84752","-81.961486","69.2","2021-07-20","0.00"
"US1FLCY0050","KEYSTONE HEIGHTS 6.4 NE, FL US","29.84752","-81.961486","69.2","2021-07-21","0.63"
"US1FLHN0014","SPRING HILL 2.4 NW, FL US","28.495454","-82.6018","4.9","2021-07-04","0.82"
"US1FLHN0014","SPRING HILL 2.4 NW, FL US","28.495454","-82.6018","4.9","2021-07-05","0.02"
"US1FLHN0014","SPRING HILL 2.4 NW, FL US","28.495454","-82.6018","4.9","2021-07-06","0.41"
"US1FLHN0014","SPRING HILL 2.4 NW, FL US","28.495454","-82.6018","4.9","2021-07-07","2.97"
"US1FLHN0014","SPRING HILL 2.4 NW, FL US","28.495454","-82.6018","4.9","2021-07-08","1.74"
"US1FLHN0014","SPRING HILL 2.4 NW, FL US","28.495454","-82.6018","4.9","2021-07-09","0.58"
"US1FLHN0014","SPRING HILL 2.4 NW, FL US","28.495454","-82.6018","4.9","2021-07-10","0.00"
"US1FLHN0014","SPRING HILL 2.4 NW, FL US","28.495454","-82.6018","4.9","2021-07-11","0.00"
"US1FLHN0014","SPRING HILL 2.4 NW, FL US","28.495454","-82.6018","4.9","2021-07-12","1.11"
"US1FLHN0014","SPRING HILL 2.4 NW, FL US","28.495454","-82.6018","4.9","2021-07-13","1.01"
"US1FLHN0014","SPRING HILL 2.4 NW, FL US","28.495454","-82.6018","4.9","2021-07-14","0.14"
"US1FLHN0014","SPRING HILL 2.4 NW, FL US","28.495454","-82.6018","4.9","2021-07-15","0.35"
"US1FLHN0014","SPRING HILL 2.4 NW, FL US","28.495454","-82.6018","4.9","2021-07-16","0.00"
"US1FLHN0014","SPRING HILL 2.4 NW, FL US","28.495454","-82.6018","4.9","2021-07-17","0.01"
"US1FLHN0014","SPRING HILL 2.4 NW, FL US","28.495454","-82.6018","4.9","2021-07-18","1.06"
"US1FLHN0014","SPRING HILL 2.4 NW, FL US","28.495454","-82.6018","4.9","2021-07-19","0.00"
"US1FLHN0014","SPRING HILL 2.4 NW, FL US","28.495454","-82.6018","4.9","2021-07-20","0.00"
"US1FLHN0014","SPRING HILL 2.4 NW, FL US","28.495454","-82.6018","4.9","2021-07-21","0.00"
"US1FLGC0003","NEWBERRY 4.0 WNW, FL US","29.676548","-82.668717","26.5","2021-07-05","0.88"
"US1FLGC0003","NEWBERRY 4.0 WNW, FL US","29.676548","-82.668717","26.5","2021-07-06","0.00"
"US1FLGC0003","NEWBERRY 4.0 WNW, FL US","29.676548","-82.668717","26.5","2021-07-07","0.43"
"US1FLGC0003","NEWBERRY 4.0 WNW, FL US","29.676548","-82.668717","26.5","2021-07-08","5.37"
"US1FLGC0003","NEWBERRY 4.0 WNW, FL US","29.676548","-82.668717","26.5","2021-07-09","0.00"
"US1FLGC0003","NEWBERRY 4.0 WNW, FL US","29.676548","-82.668717","26.5","2021-07-10","0.00"
"US1FLGC0003","NEWBERRY 4.0 WNW, FL US","29.676548","-82.668717","26.5","2021-07-11","0.00"
"US1FLGC0003","NEWBERRY 4.0 WNW, FL US","29.676548","-82.668717","26.5","2021-07-12","0.05"
"US1FLGC0003","NEWBERRY 4.0 WNW, FL US","29.676548","-82.668717","26.5","2021-07-13","0.00"
"US1FLGC0003","NEWBERRY 4.0 WNW, FL US","29.676548","-82.668717","26.5","2021-07-14","0.33"
"US1FLGC0003","NEWBERRY 4.0 WNW, FL US","29.676548","-82.668717","26.5","2021-07-15","0.00"
"US1FLGC0003","NEWBERRY 4.0 WNW, FL US","29.676548","-82.668717","26.5","2021-07-16","0.00"
"US1FLGC0003","NEWBERRY 4.0 WNW, FL US","29.676548","-82.668717","26.5","2021-07-18","0.03"
"US1FLGC0003","NEWBERRY 4.0 WNW, FL US","29.676548","-82.668717","26.5","2021-07-19","0.00"
"US1FLGC0003","NEWBERRY 4.0 WNW, FL US","29.676548","-82.668717","26.5","2021-07-20","0.02"
"US1FLGC0003","NEWBERRY 4.0 WNW, FL US","29.676548","-82.668717","26.5","2021-07-21","0.30"
"USC00085973","MOUNTAIN LAKE, FL US","27.93779","-81.59928","38.1","2021-07-04","0.00"
"USC00085973","MOUNTAIN LAKE, FL US","27.93779","-81.59928","38.1","2021-07-05","0.00"
"USC00085973","MOUNTAIN LAKE, FL US","27.93779","-81.59928","38.1","2021-07-06","0.90"
"USC00085973","MOUNTAIN LAKE, FL US","27.93779","-81.59928","38.1","2021-07-07","1.55"
"USC00085973","MOUNTAIN LAKE, FL US","27.93779","-81.59928","38.1","2021-07-08","0.10"
"USC00085973","MOUNTAIN LAKE, FL US","27.93779","-81.59928","38.1","2021-07-09","0.00"
"USC00085973","MOUNTAIN LAKE, FL US","27.93779","-81.59928","38.1","2021-07-10","0.00"
"USC00085973","MOUNTAIN LAKE, FL US","27.93779","-81.59928","38.1","2021-07-11","0.00"
"USC00085973","MOUNTAIN LAKE, FL US","27.93779","-81.59928","38.1","2021-07-12","1.90"
"USC00085973","MOUNTAIN LAKE, FL US","27.93779","-81.59928","38.1","2021-07-13","0.00"
"USC00085973","MOUNTAIN LAKE, FL US","27.93779","-81.59928","38.1","2021-07-14","1.05"
"USC00085973","MOUNTAIN LAKE, FL US","27.93779","-81.59928","38.1","2021-07-15","0.00"
"USC00085973","MOUNTAIN LAKE, FL US","27.93779","-81.59928","38.1","2021-07-16","0.00"
"USC00085973","MOUNTAIN LAKE, FL US","27.93779","-81.59928","38.1","2021-07-17","0.00"
"USC00085973","MOUNTAIN LAKE, FL US","27.93779","-81.59928","38.1","2021-07-18","0.00"
"USC00085973","MOUNTAIN LAKE, FL US","27.93779","-81.59928","38.1","2021-07-19","0.00"
"USC00085973","MOUNTAIN LAKE, FL US","27.93779","-81.59928","38.1","2021-07-20","0.00"
"USC00085973","MOUNTAIN LAKE, FL US","27.93779","-81.59928","38.1","2021-07-21","0.00"
"US1FLGC0008","TRENTON 4.0 NW, FL US","29.656267","-82.862753","14.9","2021-07-11",
"US1FLGC0008","TRENTON 4.0 NW, FL US","29.656267","-82.862753","14.9","2021-07-12","0.00"
"US1FLGC0008","TRENTON 4.0 NW, FL US","29.656267","-82.862753","14.9","2021-07-13","0.00"
"US1FLGC0008","TRENTON 4.0 NW, FL US","29.656267","-82.862753","14.9","2021-07-14","0.00"
"US1FLGC0008","TRENTON 4.0 NW, FL US","29.656267","-82.862753","14.9","2021-07-15","0.00"
"US1FLGC0008","TRENTON 4.0 NW, FL US","29.656267","-82.862753","14.9","2021-07-16","0.00"
"US1FLGC0008","TRENTON 4.0 NW, FL US","29.656267","-82.862753","14.9","2021-07-17","0.00"
"US1FLGC0008","TRENTON 4.0 NW, FL US","29.656267","-82.862753","14.9","2021-07-18","0.01"
"US1FLGC0008","TRENTON 4.0 NW, FL US","29.656267","-82.862753","14.9","2021-07-19","0.00"
"US1FLGC0008","TRENTON 4.0 NW, FL US","29.656267","-82.862753","14.9","2021-07-20","0.06"
"US1FLGC0008","TRENTON 4.0 NW, FL US","29.656267","-82.862753","14.9","2021-07-21","0.51"
"USC00082229","DELAND 1 SSE, FL US","29.00982","-81.2985","7.6","2021-07-05","1.10"
"USC00082229","DELAND 1 SSE, FL US","29.00982","-81.2985","7.6","2021-07-06","0.80"
"USC00082229","DELAND 1 SSE, FL US","29.00982","-81.2985","7.6","2021-07-07","0.20"
"USC00082229","DELAND 1 SSE, FL US","29.00982","-81.2985","7.6","2021-07-08","0.60"
"USC00082229","DELAND 1 SSE, FL US","29.00982","-81.2985","7.6","2021-07-09","0.20"
"USC00082229","DELAND 1 SSE, FL US","29.00982","-81.2985","7.6","2021-07-11","0.00"
"USC00082229","DELAND 1 SSE, FL US","29.00982","-81.2985","7.6","2021-07-12","0.00"
"USC00082229","DELAND 1 SSE, FL US","29.00982","-81.2985","7.6","2021-07-13","0.00"
"USC00082229","DELAND 1 SSE, FL US","29.00982","-81.2985","7.6","2021-07-16","0.00"
"USC00082229","DELAND 1 SSE, FL US","29.00982","-81.2985","7.6","2021-07-17","0.00"
"USC00082229","DELAND 1 SSE, FL US","29.00982","-81.2985","7.6","2021-07-18","0.10"
"USC00082229","DELAND 1 SSE, FL US","29.00982","-81.2985","7.6","2021-07-20","0.50"
"USC00082229","DELAND 1 SSE, FL US","29.00982","-81.2985","7.6","2021-07-21","1.10"
"US1FLHN0022","BROOKSVILLE 3.9 SE, FL US","28.5228366851807","-82.3394317626953",,"2021-07-04",
"US1FLHN0022","BROOKSVILLE 3.9 SE, FL US","28.5228366851807","-82.3394317626953",,"2021-07-05","0.00"
"US1FLHN0022","BROOKSVILLE 3.9 SE, FL US","28.5228366851807","-82.3394317626953",,"2021-07-06","0.06"
"US1FLHN0022","BROOKSVILLE 3.9 SE, FL US","28.5228366851807","-82.3394317626953",,"2021-07-08",
"US1FLHN0022","BROOKSVILLE 3.9 SE, FL US","28.5228366851807","-82.3394317626953",,"2021-07-09","1.93"
"US1FLHN0022","BROOKSVILLE 3.9 SE, FL US","28.5228366851807","-82.3394317626953",,"2021-07-10","0.06"
"US1FLHN0022","BROOKSVILLE 3.9 SE, FL US","28.5228366851807","-82.3394317626953",,"2021-07-11","0.00"
"US1FLHN0022","BROOKSVILLE 3.9 SE, FL US","28.5228366851807","-82.3394317626953",,"2021-07-12","0.04"
"US1FLHN0022","BROOKSVILLE 3.9 SE, FL US","28.5228366851807","-82.3394317626953",,"2021-07-13","0.72"
"US1FLHN0022","BROOKSVILLE 3.9 SE, FL US","28.5228366851807","-82.3394317626953",,"2021-07-14","0.09"
"US1FLHN0022","BROOKSVILLE 3.9 SE, FL US","28.5228366851807","-82.3394317626953",,"2021-07-15","0.43"
"US1FLHN0022","BROOKSVILLE 3.9 SE, FL US","28.5228366851807","-82.3394317626953",,"2021-07-16","0.00"
"US1FLHN0022","BROOKSVILLE 3.9 SE, FL US","28.5228366851807","-82.3394317626953",,"2021-07-17","0.00"
"US1FLHN0022","BROOKSVILLE 3.9 SE, FL US","28.5228366851807","-82.3394317626953",,"2021-07-18","0.00"
"US1FLHN0022","BROOKSVILLE 3.9 SE, FL US","28.5228366851807","-82.3394317626953",,"2021-07-19","0.00"
"US1FLHN0022","BROOKSVILLE 3.9 SE, FL US","28.5228366851807","-82.3394317626953",,"2021-07-20","0.70"
"US1FLHN0022","BROOKSVILLE 3.9 SE, FL US","28.5228366851807","-82.3394317626953",,"2021-07-21","0.02"
"USR0000FRAC","RACCOON POINT FLORIDA, FL US","25.9708","-80.9","2.1","2021-07-04",
"USR0000FRAC","RACCOON POINT FLORIDA, FL US","25.9708","-80.9","2.1","2021-07-05",
"USR0000FRAC","RACCOON POINT FLORIDA, FL US","25.9708","-80.9","2.1","2021-07-06",
"USR0000FRAC","RACCOON POINT FLORIDA, FL US","25.9708","-80.9","2.1","2021-07-07",
"USR0000FRAC","RACCOON POINT FLORIDA, FL US","25.9708","-80.9","2.1","2021-07-08",
"USR0000FRAC","RACCOON POINT FLORIDA, FL US","25.9708","-80.9","2.1","2021-07-09",
"USR0000FRAC","RACCOON POINT FLORIDA, FL US","25.9708","-80.9","2.1","2021-07-10",
"USR0000FRAC","RACCOON POINT FLORIDA, FL US","25.9708","-80.9","2.1","2021-07-11",
"USR0000FRAC","RACCOON POINT FLORIDA, FL US","25.9708","-80.9","2.1","2021-07-12",
"USR0000FRAC","RACCOON POINT FLORIDA, FL US","25.9708","-80.9","2.1","2021-07-13",
"USR0000FRAC","RACCOON POINT FLORIDA, FL US","25.9708","-80.9","2.1","2021-07-14",
"USR0000FRAC","RACCOON POINT FLORIDA, FL US","25.9708","-80.9","2.1","2021-07-15",
"USR0000FRAC","RACCOON POINT FLORIDA, FL US","25.9708","-80.9","2.1","2021-07-16",
"USR0000FRAC","RACCOON POINT FLORIDA, FL US","25.9708","-80.9","2.1","2021-07-17",
"USR0000FRAC","RACCOON POINT FLORIDA, FL US","25.9708","-80.9","2.1","2021-07-18",
"USR0000FRAC","RACCOON POINT FLORIDA, FL US","25.9708","-80.9","2.1","2021-07-19",
"USR0000FRAC","RACCOON POINT FLORIDA, FL US","25.9708","-80.9","2.1","2021-07-20",
"USR0000FRAC","RACCOON POINT FLORIDA, FL US","25.9708","-80.9","2.1","2021-07-21",
"US1FLHN0026","SPRING HILL 2.4 WSW, FL US","28.471471","-82.599183","14.6","2021-07-04","0.54"
"US1FLHN0026","SPRING HILL 2.4 WSW, FL US","28.471471","-82.599183","14.6","2021-07-05","0.02"
"US1FLHN0026","SPRING HILL 2.4 WSW, FL US","28.471471","-82.599183","14.6","2021-07-06","1.12"
"US1FLHN0026","SPRING HILL 2.4 WSW, FL US","28.471471","-82.599183","14.6","2021-07-07","3.36"
"US1FLHN0026","SPRING HILL 2.4 WSW, FL US","28.471471","-82.599183","14.6","2021-07-08","1.49"
"US1FLHN0026","SPRING HILL 2.4 WSW, FL US","28.471471","-82.599183","14.6","2021-07-09","0.62"
"US1FLHN0026","SPRING HILL 2.4 WSW, FL US","28.471471","-82.599183","14.6","2021-07-10","0.02"
"US1FLHN0026","SPRING HILL 2.4 WSW, FL US","28.471471","-82.599183","14.6","2021-07-11","0.00"
"US1FLHN0026","SPRING HILL 2.4 WSW, FL US","28.471471","-82.599183","14.6","2021-07-12","0.56"
"US1FLHN0026","SPRING HILL 2.4 WSW, FL US","28.471471","-82.599183","14.6","2021-07-13","0.68"
"US1FLHN0026","SPRING HILL 2.4 WSW, FL US","28.471471","-82.599183","14.6","2021-07-14","0.06"
"US1FLHN0026","SPRING HILL 2.4 WSW, FL US","28.471471","-82.599183","14.6","2021-07-15","0.39"
"US1FLHN0026","SPRING HILL 2.4 WSW, FL US","28.471471","-82.599183","14.6","2021-07-16","0.00"
"US1FLHN0026","SPRING HILL 2.4 WSW, FL US","28.471471","-82.599183","14.6","2021-07-17","0.00"
"US1FLHN0026","SPRING HILL 2.4 WSW, FL US","28.471471","-82.599183","14.6","2021-07-18","0.60"
"US1FLHN0026","SPRING HILL 2.4 WSW, FL US","28.471471","-82.599183","14.6","2021-07-19","0.00"
"US1FLHN0026","SPRING HILL 2.4 WSW, FL US","28.471471","-82.599183","14.6","2021-07-20","0.01"
"US1FLHN0026","SPRING HILL 2.4 WSW, FL US","28.471471","-82.599183","14.6","2021-07-21","0.00"
"US1FLHN0024","WEEKI WACHEE 7.1 NNE, FL US","28.61052","-82.5351","11.6","2021-07-04","3.42"
"US1FLHN0024","WEEKI WACHEE 7.1 NNE, FL US","28.61052","-82.5351","11.6","2021-07-05","0.00"
"US1FLHN0024","WEEKI WACHEE 7.1 NNE, FL US","28.61052","-82.5351","11.6","2021-07-06","0.13"
"US1FLHN0024","WEEKI WACHEE 7.1 NNE, FL US","28.61052","-82.5351","11.6","2021-07-07","2.15"
"US1FLHN0024","WEEKI WACHEE 7.1 NNE, FL US","28.61052","-82.5351","11.6","2021-07-08","2.20"
"US1FLHN0024","WEEKI WACHEE 7.1 NNE, FL US","28.61052","-82.5351","11.6","2021-07-09","1.20"
"US1FLHN0024","WEEKI WACHEE 7.1 NNE, FL US","28.61052","-82.5351","11.6","2021-07-10","0.02"
"US1FLHN0024","WEEKI WACHEE 7.1 NNE, FL US","28.61052","-82.5351","11.6","2021-07-11","0.00"
"US1FLHN0024","WEEKI WACHEE 7.1 NNE, FL US","28.61052","-82.5351","11.6","2021-07-12","0.45"
"US1FLHN0024","WEEKI WACHEE 7.1 NNE, FL US","28.61052","-82.5351","11.6","2021-07-13","0.47"
"US1FLHN0024","WEEKI WACHEE 7.1 NNE, FL US","28.61052","-82.5351","11.6","2021-07-14","0.22"
"US1FLHN0024","WEEKI WACHEE 7.1 NNE, FL US","28.61052","-82.5351","11.6","2021-07-15","0.00"
"US1FLHN0024","WEEKI WACHEE 7.1 NNE, FL US","28.61052","-82.5351","11.6","2021-07-16","0.00"
"US1FLHN0024","WEEKI WACHEE 7.1 NNE, FL US","28.61052","-82.5351","11.6","2021-07-17","0.00"
"US1FLHN0024","WEEKI WACHEE 7.1 NNE, FL US","28.61052","-82.5351","11.6","2021-07-18","0.00"
"US1FLHN0024","WEEKI WACHEE 7.1 NNE, FL US","28.61052","-82.5351","11.6","2021-07-19","1.71"
"US1FLHN0024","WEEKI WACHEE 7.1 NNE, FL US","28.61052","-82.5351","11.6","2021-07-20","0.00"
"US1FLHN0024","WEEKI WACHEE 7.1 NNE, FL US","28.61052","-82.5351","11.6","2021-07-21","0.00"
"US1FLHB0098","RIVERVIEW 4.8 SSW, FL US","27.80473","-82.34099","13.4","2021-07-04","2.64"
"US1FLHB0098","RIVERVIEW 4.8 SSW, FL US","27.80473","-82.34099","13.4","2021-07-05","0.00"
"US1FLHB0098","RIVERVIEW 4.8 SSW, FL US","27.80473","-82.34099","13.4","2021-07-06","1.84"
"US1FLHB0098","RIVERVIEW 4.8 SSW, FL US","27.80473","-82.34099","13.4","2021-07-07","1.88"
"US1FLHB0098","RIVERVIEW 4.8 SSW, FL US","27.80473","-82.34099","13.4","2021-07-08","0.34"
"US1FLHB0098","RIVERVIEW 4.8 SSW, FL US","27.80473","-82.34099","13.4","2021-07-09","0.08"
"US1FLHB0098","RIVERVIEW 4.8 SSW, FL US","27.80473","-82.34099","13.4","2021-07-10","0.00"
"US1FLHB0098","RIVERVIEW 4.8 SSW, FL US","27.80473","-82.34099","13.4","2021-07-11","1.14"
"US1FLHB0098","RIVERVIEW 4.8 SSW, FL US","27.80473","-82.34099","13.4","2021-07-12","0.00"
"US1FLHB0098","RIVERVIEW 4.8 SSW, FL US","27.80473","-82.34099","13.4","2021-07-13","0.78"
"US1FLHB0098","RIVERVIEW 4.8 SSW, FL US","27.80473","-82.34099","13.4","2021-07-14","0.00"
"US1FLHB0098","RIVERVIEW 4.8 SSW, FL US","27.80473","-82.34099","13.4","2021-07-15","0.00"
"US1FLHB0098","RIVERVIEW 4.8 SSW, FL US","27.80473","-82.34099","13.4","2021-07-16","0.00"
"US1FLHB0098","RIVERVIEW 4.8 SSW, FL US","27.80473","-82.34099","13.4","2021-07-17","0.00"
"US1FLHB0098","RIVERVIEW 4.8 SSW, FL US","27.80473","-82.34099","13.4","2021-07-18","0.00"
"US1FLHB0098","RIVERVIEW 4.8 SSW, FL US","27.80473","-82.34099","13.4","2021-07-19","0.00"
"US1FLHB0098","RIVERVIEW 4.8 SSW, FL US","27.80473","-82.34099","13.4","2021-07-20","0.04"
"US1FLHB0098","RIVERVIEW 4.8 SSW, FL US","27.80473","-82.34099","13.4","2021-07-21","0.02"
"US1FLMR0004","LADY LAKE 4.8 WNW, FL US","28.96094","-81.9979","28.0","2021-07-04","0.50"
"US1FLMR0004","LADY LAKE 4.8 WNW, FL US","28.96094","-81.9979","28.0","2021-07-05","0.27"
"US1FLMR0004","LADY LAKE 4.8 WNW, FL US","28.96094","-81.9979","28.0","2021-07-06","0.00"
"US1FLMR0004","LADY LAKE 4.8 WNW, FL US","28.96094","-81.9979","28.0","2021-07-07","0.85"
"US1FLMR0004","LADY LAKE 4.8 WNW, FL US","28.96094","-81.9979","28.0","2021-07-08","0.72"
"US1FLMR0004","LADY LAKE 4.8 WNW, FL US","28.96094","-81.9979","28.0","2021-07-09","0.48"
"US1FLMR0004","LADY LAKE 4.8 WNW, FL US","28.96094","-81.9979","28.0","2021-07-10","0.80"
"US1FLMR0004","LADY LAKE 4.8 WNW, FL US","28.96094","-81.9979","28.0","2021-07-11","0.05"
"US1FLMR0004","LADY LAKE 4.8 WNW, FL US","28.96094","-81.9979","28.0","2021-07-12","0.00"
"US1FLMR0004","LADY LAKE 4.8 WNW, FL US","28.96094","-81.9979","28.0","2021-07-13","0.26"
"US1FLMR0004","LADY LAKE 4.8 WNW, FL US","28.96094","-81.9979","28.0","2021-07-14","0.00"
"US1FLMR0004","LADY LAKE 4.8 WNW, FL US","28.96094","-81.9979","28.0","2021-07-15","0.35"
"US1FLMR0004","LADY LAKE 4.8 WNW, FL US","28.96094","-81.9979","28.0","2021-07-16","0.00"
"US1FLMR0004","LADY LAKE 4.8 WNW, FL US","28.96094","-81.9979","28.0","2021-07-17","0.00"
"US1FLMR0004","LADY LAKE 4.8 WNW, FL US","28.96094","-81.9979","28.0","2021-07-18","0.00"
"US1FLMR0004","LADY LAKE 4.8 WNW, FL US","28.96094","-81.9979","28.0","2021-07-19","0.77"
"US1FLMR0004","LADY LAKE 4.8 WNW, FL US","28.96094","-81.9979","28.0","2021-07-20","1.30"
"US1FLMR0004","LADY LAKE 4.8 WNW, FL US","28.96094","-81.9979","28.0","2021-07-21","0.02"
"US1FLMR0003","BELLEVIEW 6.0 SSE, FL US","28.977361","-82.024456","28.0","2021-07-04","0.35"
"US1FLMR0003","BELLEVIEW 6.0 SSE, FL US","28.977361","-82.024456","28.0","2021-07-05","0.12"
"US1FLMR0003","BELLEVIEW 6.0 SSE, FL US","28.977361","-82.024456","28.0","2021-07-07","0.92"
"US1FLMR0003","BELLEVIEW 6.0 SSE, FL US","28.977361","-82.024456","28.0","2021-07-08","0.87"
"US1FLMR0003","BELLEVIEW 6.0 SSE, FL US","28.977361","-82.024456","28.0","2021-07-09","0.36"
"US1FLMR0003","BELLEVIEW 6.0 SSE, FL US","28.977361","-82.024456","28.0","2021-07-10","0.19"
"US1FLMR0003","BELLEVIEW 6.0 SSE, FL US","28.977361","-82.024456","28.0","2021-07-11","0.08"
"US1FLMR0003","BELLEVIEW 6.0 SSE, FL US","28.977361","-82.024456","28.0","2021-07-12","0.00"
"US1FLMR0003","BELLEVIEW 6.0 SSE, FL US","28.977361","-82.024456","28.0","2021-07-13","0.09"
"US1FLMR0003","BELLEVIEW 6.0 SSE, FL US","28.977361","-82.024456","28.0","2021-07-14","0.00"
"US1FLMR0003","BELLEVIEW 6.0 SSE, FL US","28.977361","-82.024456","28.0","2021-07-15","0.03"
"US1FLMR0003","BELLEVIEW 6.0 SSE, FL US","28.977361","-82.024456","28.0","2021-07-16","0.00"
"US1FLMR0003","BELLEVIEW 6.0 SSE, FL US","28.977361","-82.024456","28.0","2021-07-17","0.00"
"US1FLMR0003","BELLEVIEW 6.0 SSE, FL US","28.977361","-82.024456","28.0","2021-07-18","0.00"
"US1FLMR0003","BELLEVIEW 6.0 SSE, FL US","28.977361","-82.024456","28.0","2021-07-19","0.17"
"US1FLMR0003","BELLEVIEW 6.0 SSE, FL US","28.977361","-82.024456","28.0","2021-07-20","0.80"
"US1FLMR0003","BELLEVIEW 6.0 SSE, FL US","28.977361","-82.024456","28.0","2021-07-21","0.41"
"US1FLHN0035","SPRING HILL 2.1 W, FL US","28.48294","-82.59573","11.9","2021-07-04","1.01"
"US1FLHN0035","SPRING HILL 2.1 W, FL US","28.48294","-82.59573","11.9","2021-07-05","0.03"
"US1FLHN0035","SPRING HILL 2.1 W, FL US","28.48294","-82.59573","11.9","2021-07-06","0.69"
"US1FLHN0035","SPRING HILL 2.1 W, FL US","28.48294","-82.59573","11.9","2021-07-07","3.05"
"US1FLHN0035","SPRING HILL 2.1 W, FL US","28.48294","-82.59573","11.9","2021-07-08","1.51"
"US1FLHN0035","SPRING HILL 2.1 W, FL US","28.48294","-82.59573","11.9","2021-07-09","0.75"
"US1FLHN0035","SPRING HILL 2.1 W, FL US","28.48294","-82.59573","11.9","2021-07-10","0.00"
"US1FLHN0035","SPRING HILL 2.1 W, FL US","28.48294","-82.59573","11.9","2021-07-11","0.00"
"US1FLHN0035","SPRING HILL 2.1 W, FL US","28.48294","-82.59573","11.9","2021-07-12","0.94"
"US1FLHN0035","SPRING HILL 2.1 W, FL US","28.48294","-82.59573","11.9","2021-07-13","0.74"
"US1FLHN0035","SPRING HILL 2.1 W, FL US","28.48294","-82.59573","11.9","2021-07-14","0.04"
"US1FLHN0035","SPRING HILL 2.1 W, FL US","28.48294","-82.59573","11.9","2021-07-15","0.37"
"US1FLHN0035","SPRING HILL 2.1 W, FL US","28.48294","-82.59573","11.9","2021-07-16","0.00"
"US1FLHN0035","SPRING HILL 2.1 W, FL US","28.48294","-82.59573","11.9","2021-07-17","0.00"
"US1FLHN0035","SPRING HILL 2.1 W, FL US","28.48294","-82.59573","11.9","2021-07-18","0.92"
"US1FLHN0035","SPRING HILL 2.1 W, FL US","28.48294","-82.59573","11.9","2021-07-19","0.00"
"US1FLHN0035","SPRING HILL 2.1 W, FL US","28.48294","-82.59573","11.9","2021-07-20","0.00"
"US1FLHN0035","SPRING HILL 2.1 W, FL US","28.48294","-82.59573","11.9","2021-07-21","0.00"
"US1FLHN0039","BROOKSVILLE 3.7 SE, FL US","28.510558","-82.35894","64.9","2021-07-04","1.36"
"US1FLHN0039","BROOKSVILLE 3.7 SE, FL US","28.510558","-82.35894","64.9","2021-07-05","0.00"
"US1FLHN0039","BROOKSVILLE 3.7 SE, FL US","28.510558","-82.35894","64.9","2021-07-06","0.08"
"US1FLHN0039","BROOKSVILLE 3.7 SE, FL US","28.510558","-82.35894","64.9","2021-07-07","2.68"
"US1FLHN0039","BROOKSVILLE 3.7 SE, FL US","28.510558","-82.35894","64.9","2021-07-08","0.05"
"US1FLHN0039","BROOKSVILLE 3.7 SE, FL US","28.510558","-82.35894","64.9","2021-07-09","2.44"
"US1FLHN0039","BROOKSVILLE 3.7 SE, FL US","28.510558","-82.35894","64.9","2021-07-10","0.12"
"US1FLHN0039","BROOKSVILLE 3.7 SE, FL US","28.510558","-82.35894","64.9","2021-07-11","0.00"
"US1FLHN0039","BROOKSVILLE 3.7 SE, FL US","28.510558","-82.35894","64.9","2021-07-12","0.14"
"US1FLHN0039","BROOKSVILLE 3.7 SE, FL US","28.510558","-82.35894","64.9","2021-07-13","0.12"
"US1FLHN0039","BROOKSVILLE 3.7 SE, FL US","28.510558","-82.35894","64.9","2021-07-14","0.16"
"US1FLHN0039","BROOKSVILLE 3.7 SE, FL US","28.510558","-82.35894","64.9","2021-07-15","1.20"
"US1FLHN0039","BROOKSVILLE 3.7 SE, FL US","28.510558","-82.35894","64.9","2021-07-16","0.00"
"US1FLHN0039","BROOKSVILLE 3.7 SE, FL US","28.510558","-82.35894","64.9","2021-07-17","0.00"
"US1FLHN0039","BROOKSVILLE 3.7 SE, FL US","28.510558","-82.35894","64.9","2021-07-18","0.00"
"US1FLHN0039","BROOKSVILLE 3.7 SE, FL US","28.510558","-82.35894","64.9","2021-07-19","0.00"
"US1FLHN0039","BROOKSVILLE 3.7 SE, FL US","28.510558","-82.35894","64.9","2021-07-20","0.97"
"US1FLHN0039","BROOKSVILLE 3.7 SE, FL US","28.510558","-82.35894","64.9","2021-07-21","0.09"
"US1FLPB0043","JUPITER 2.0 SW, FL US","26.901957","-80.124571","4.6","2021-07-07",
"US1FLPB0043","JUPITER 2.0 SW, FL US","26.901957","-80.124571","4.6","2021-07-10",
"US1FLPB0043","JUPITER 2.0 SW, FL US","26.901957","-80.124571","4.6","2021-07-13",
"US1FLPB0043","JUPITER 2.0 SW, FL US","26.901957","-80.124571","4.6","2021-07-15",
"US1FLPB0043","JUPITER 2.0 SW, FL US","26.901957","-80.124571","4.6","2021-07-18",
"US1FLPB0043","JUPITER 2.0 SW, FL US","26.901957","-80.124571","4.6","2021-07-20",
"US1FLPB0043","JUPITER 2.0 SW, FL US","26.901957","-80.124571","4.6","2021-07-21","0.10"
"US1FLPB0044","BOCA RATON 2.7 NE, FL US","26.3984977","-80.0735918","1.5","2021-07-04","0.00"
"US1FLPB0044","BOCA RATON 2.7 NE, FL US","26.3984977","-80.0735918","1.5","2021-07-05","0.00"
"US1FLPB0044","BOCA RATON 2.7 NE, FL US","26.3984977","-80.0735918","1.5","2021-07-06","1.26"
"US1FLPB0044","BOCA RATON 2.7 NE, FL US","26.3984977","-80.0735918","1.5","2021-07-07","0.02"
"US1FLPB0044","BOCA RATON 2.7 NE, FL US","26.3984977","-80.0735918","1.5","2021-07-08","0.00"
"US1FLPB0044","BOCA RATON 2.7 NE, FL US","26.3984977","-80.0735918","1.5","2021-07-09","0.08"
"US1FLPB0044","BOCA RATON 2.7 NE, FL US","26.3984977","-80.0735918","1.5","2021-07-10","0.10"
"US1FLPB0044","BOCA RATON 2.7 NE, FL US","26.3984977","-80.0735918","1.5","2021-07-11","0.00"
"US1FLPB0044","BOCA RATON 2.7 NE, FL US","26.3984977","-80.0735918","1.5","2021-07-12","0.00"
"US1FLPB0044","BOCA RATON 2.7 NE, FL US","26.3984977","-80.0735918","1.5","2021-07-13","0.40"
"USW00013884","CRESTVIEW FAA AP, FL US","30.77715","-86.51938","47.1","2021-07-04","0.00"
"USW00013884","CRESTVIEW FAA AP, FL US","30.77715","-86.51938","47.1","2021-07-05","0.52"
"USW00013884","CRESTVIEW FAA AP, FL US","30.77715","-86.51938","47.1","2021-07-06","1.81"
"USW00013884","CRESTVIEW FAA AP, FL US","30.77715","-86.51938","47.1","2021-07-07","0.02"
"USW00013884","CRESTVIEW FAA AP, FL US","30.77715","-86.51938","47.1","2021-07-08","0.00"
"USW00013884","CRESTVIEW FAA AP, FL US","30.77715","-86.51938","47.1","2021-07-09","0.54"
"USW00013884","CRESTVIEW FAA AP, FL US","30.77715","-86.51938","47.1","2021-07-10","0.01"
"USW00013884","CRESTVIEW FAA AP, FL US","30.77715","-86.51938","47.1","2021-07-11","0.42"
"USW00013884","CRESTVIEW FAA AP, FL US","30.77715","-86.51938","47.1","2021-07-12","0.07"
"USW00013884","CRESTVIEW FAA AP, FL US","30.77715","-86.51938","47.1","2021-07-13","0.04"
"USW00013884","CRESTVIEW FAA AP, FL US","30.77715","-86.51938","47.1","2021-07-14","0.00"
"USW00013884","CRESTVIEW FAA AP, FL US","30.77715","-86.51938","47.1","2021-07-15","0.19"
"USW00013884","CRESTVIEW FAA AP, FL US","30.77715","-86.51938","47.1","2021-07-16","0.00"
"USW00013884","CRESTVIEW FAA AP, FL US","30.77715","-86.51938","47.1","2021-07-17","0.00"
"USW00013884","CRESTVIEW FAA AP, FL US","30.77715","-86.51938","47.1","2021-07-18","0.09"
"USW00013884","CRESTVIEW FAA AP, FL US","30.77715","-86.51938","47.1","2021-07-19","0.37"
"USW00013884","CRESTVIEW FAA AP, FL US","30.77715","-86.51938","47.1","2021-07-20","0.18"
"USW00013884","CRESTVIEW FAA AP, FL US","30.77715","-86.51938","47.1","2021-07-21","0.52"
"USC00086842","PANAMA CITY 5 N, FL US","30.2491","-85.6605","1.5","2021-07-04","0.35"
"USC00086842","PANAMA CITY 5 N, FL US","30.2491","-85.6605","1.5","2021-07-05","0.10"
"USC00086842","PANAMA CITY 5 N, FL US","30.2491","-85.6605","1.5","2021-07-06","1.10"
"USC00086842","PANAMA CITY 5 N, FL US","30.2491","-85.6605","1.5","2021-07-07","1.05"
"USC00086842","PANAMA CITY 5 N, FL US","30.2491","-85.6605","1.5","2021-07-08","0.00"
"USC00086842","PANAMA CITY 5 N, FL US","30.2491","-85.6605","1.5","2021-07-09","0.00"
"USC00086842","PANAMA CITY 5 N, FL US","30.2491","-85.6605","1.5","2021-07-10","0.10"
"USC00086842","PANAMA CITY 5 N, FL US","30.2491","-85.6605","1.5","2021-07-11","0.00"
"USC00086842","PANAMA CITY 5 N, FL US","30.2491","-85.6605","1.5","2021-07-12","0.00"
"USC00086842","PANAMA CITY 5 N, FL US","30.2491","-85.6605","1.5","2021-07-13","0.00"
"USC00086842","PANAMA CITY 5 N, FL US","30.2491","-85.6605","1.5","2021-07-14","0.57"
"USC00086842","PANAMA CITY 5 N, FL US","30.2491","-85.6605","1.5","2021-07-15","0.00"
"USC00086842","PANAMA CITY 5 N, FL US","30.2491","-85.6605","1.5","2021-07-16","0.10"
"USC00086842","PANAMA CITY 5 N, FL US","30.2491","-85.6605","1.5","2021-07-17","0.00"
"USC00086842","PANAMA CITY 5 N, FL US","30.2491","-85.6605","1.5","2021-07-18","0.00"
"USC00086842","PANAMA CITY 5 N, FL US","30.2491","-85.6605","1.5","2021-07-19","0.00"
"USC00086842","PANAMA CITY 5 N, FL US","30.2491","-85.6605","1.5","2021-07-20","0.48"
"USC00086842","PANAMA CITY 5 N, FL US","30.2491","-85.6605","1.5","2021-07-21","0.20"
"USC00082008","CROSS CITY 1 E, FL US","29.6333","-83.1053","12.8","2021-07-04","2.41"
"USC00082008","CROSS CITY 1 E, FL US","29.6333","-83.1053","12.8","2021-07-05","0.96"
"USC00082008","CROSS CITY 1 E, FL US","29.6333","-83.1053","12.8","2021-07-06","0.00"
"USC00082008","CROSS CITY 1 E, FL US","29.6333","-83.1053","12.8","2021-07-07","3.10"
"USC00082008","CROSS CITY 1 E, FL US","29.6333","-83.1053","12.8","2021-07-08","0.32"
"USC00082008","CROSS CITY 1 E, FL US","29.6333","-83.1053","12.8","2021-07-09","0.02"
"USC00082008","CROSS CITY 1 E, FL US","29.6333","-83.1053","12.8","2021-07-10","0.20"
"USC00082008","CROSS CITY 1 E, FL US","29.6333","-83.1053","12.8","2021-07-11","0.00"
"USC00082008","CROSS CITY 1 E, FL US","29.6333","-83.1053","12.8","2021-07-12","0.00"
"USC00082008","CROSS CITY 1 E, FL US","29.6333","-83.1053","12.8","2021-07-13","0.15"
"USC00082008","CROSS CITY 1 E, FL US","29.6333","-83.1053","12.8","2021-07-14","0.40"
"USC00082008","CROSS CITY 1 E, FL US","29.6333","-83.1053","12.8","2021-07-15","0.10"
"USC00082008","CROSS CITY 1 E, FL US","29.6333","-83.1053","12.8","2021-07-16","0.00"
"USC00082008","CROSS CITY 1 E, FL US","29.6333","-83.1053","12.8","2021-07-17","0.00"
"USC00082008","CROSS CITY 1 E, FL US","29.6333","-83.1053","12.8","2021-07-18","0.00"
"USC00082008","CROSS CITY 1 E, FL US","29.6333","-83.1053","12.8","2021-07-19","0.47"
"USC00082008","CROSS CITY 1 E, FL US","29.6333","-83.1053","12.8","2021-07-20","0.00"
"USC00082008","CROSS CITY 1 E, FL US","29.6333","-83.1053","12.8","2021-07-21","0.00"
"US1FLBY0007","PANAMA CITY BEACH 0.3 SW, FL US","30.206798","-85.855352","9.1","2021-07-04","2.65"
"US1FLBY0007","PANAMA CITY BEACH 0.3 SW, FL US","30.206798","-85.855352","9.1","2021-07-05","0.27"
"US1FLBY0007","PANAMA CITY BEACH 0.3 SW, FL US","30.206798","-85.855352","9.1","2021-07-06","0.12"
"US1FLBY0007","PANAMA CITY BEACH 0.3 SW, FL US","30.206798","-85.855352","9.1","2021-07-07","0.60"
"US1FLBY0007","PANAMA CITY BEACH 0.3 SW, FL US","30.206798","-85.855352","9.1","2021-07-08","0.21"
"US1FLBY0007","PANAMA CITY BEACH 0.3 SW, FL US","30.206798","-85.855352","9.1","2021-07-09","0.01"
"US1FLBY0007","PANAMA CITY BEACH 0.3 SW, FL US","30.206798","-85.855352","9.1","2021-07-10","0.00"
"US1FLBY0007","PANAMA CITY BEACH 0.3 SW, FL US","30.206798","-85.855352","9.1","2021-07-11","0.07"
"US1FLBY0007","PANAMA CITY BEACH 0.3 SW, FL US","30.206798","-85.855352","9.1","2021-07-12","0.45"
"US1FLBY0007","PANAMA CITY BEACH 0.3 SW, FL US","30.206798","-85.855352","9.1","2021-07-13","0.19"
"US1FLBY0007","PANAMA CITY BEACH 0.3 SW, FL US","30.206798","-85.855352","9.1","2021-07-14","0.00"
"US1FLBY0007","PANAMA CITY BEACH 0.3 SW, FL US","30.206798","-85.855352","9.1","2021-07-15","0.37"
"US1FLBY0007","PANAMA CITY BEACH 0.3 SW, FL US","30.206798","-85.855352","9.1","2021-07-16","0.15"
"US1FLBY0007","PANAMA CITY BEACH 0.3 SW, FL US","30.206798","-85.855352","9.1","2021-07-17","0.00"
"US1FLBY0007","PANAMA CITY BEACH 0.3 SW, FL US","30.206798","-85.855352","9.1","2021-07-18","0.00"
"US1FLBY0007","PANAMA CITY BEACH 0.3 SW, FL US","30.206798","-85.855352","9.1","2021-07-19","0.00"
"US1FLBY0007","PANAMA CITY BEACH 0.3 SW, FL US","30.206798","-85.855352","9.1","2021-07-20","0.75"
"US1FLBY0007","PANAMA CITY BEACH 0.3 SW, FL US","30.206798","-85.855352","9.1","2021-07-21","1.23"
"US1FLHN0040","WEEKI WACHEE 1.7 NNE, FL US","28.53716","-82.56522","8.5","2021-07-04","1.18"
"US1FLHN0040","WEEKI WACHEE 1.7 NNE, FL US","28.53716","-82.56522","8.5","2021-07-05","0.00"
"US1FLHN0040","WEEKI WACHEE 1.7 NNE, FL US","28.53716","-82.56522","8.5","2021-07-06","2.16"
"US1FLHN0040","WEEKI WACHEE 1.7 NNE, FL US","28.53716","-82.56522","8.5","2021-07-07","3.71"
"US1FLHN0040","WEEKI WACHEE 1.7 NNE, FL US","28.53716","-82.56522","8.5","2021-07-08","1.54"
"US1FLHN0040","WEEKI WACHEE 1.7 NNE, FL US","28.53716","-82.56522","8.5","2021-07-09","0.44"
"US1FLHN0040","WEEKI WACHEE 1.7 NNE, FL US","28.53716","-82.56522","8.5","2021-07-10","0.00"
"US1FLHN0040","WEEKI WACHEE 1.7 NNE, FL US","28.53716","-82.56522","8.5","2021-07-11","0.00"
"US1FLHN0040","WEEKI WACHEE 1.7 NNE, FL US","28.53716","-82.56522","8.5","2021-07-12","1.88"
"US1FLHN0040","WEEKI WACHEE 1.7 NNE, FL US","28.53716","-82.56522","8.5","2021-07-13","0.47"
"US1FLHN0040","WEEKI WACHEE 1.7 NNE, FL US","28.53716","-82.56522","8.5","2021-07-14","0.04"
"US1FLHN0040","WEEKI WACHEE 1.7 NNE, FL US","28.53716","-82.56522","8.5","2021-07-15","0.44"
"US1FLHN0040","WEEKI WACHEE 1.7 NNE, FL US","28.53716","-82.56522","8.5","2021-07-16","0.00"
"US1FLHN0040","WEEKI WACHEE 1.7 NNE, FL US","28.53716","-82.56522","8.5","2021-07-17","0.00"
"US1FLHN0040","WEEKI WACHEE 1.7 NNE, FL US","28.53716","-82.56522","8.5","2021-07-18","0.00"
"US1FLHN0040","WEEKI WACHEE 1.7 NNE, FL US","28.53716","-82.56522","8.5","2021-07-19","0.09"
"US1FLHN0040","WEEKI WACHEE 1.7 NNE, FL US","28.53716","-82.56522","8.5","2021-07-20","0.00"
"US1FLHN0040","WEEKI WACHEE 1.7 NNE, FL US","28.53716","-82.56522","8.5","2021-07-21","0.00"
"US1FLMR0012","OCALA WEATHER SERVICE, FL US","29.08046","-82.173797","28.0","2021-07-04","0.38"
"US1FLMR0012","OCALA WEATHER SERVICE, FL US","29.08046","-82.173797","28.0","2021-07-05","0.02"
"US1FLMR0012","OCALA WEATHER SERVICE, FL US","29.08046","-82.173797","28.0","2021-07-06","0.04"
"US1FLMR0012","OCALA WEATHER SERVICE, FL US","29.08046","-82.173797","28.0","2021-07-07","2.23"
"US1FLMR0012","OCALA WEATHER SERVICE, FL US","29.08046","-82.173797","28.0","2021-07-08","0.54"
"US1FLMR0012","OCALA WEATHER SERVICE, FL US","29.08046","-82.173797","28.0","2021-07-09","0.54"
"US1FLMR0012","OCALA WEATHER SERVICE, FL US","29.08046","-82.173797","28.0","2021-07-10","0.12"
"US1FLMR0012","OCALA WEATHER SERVICE, FL US","29.08046","-82.173797","28.0","2021-07-11","0.01"
"US1FLMR0012","OCALA WEATHER SERVICE, FL US","29.08046","-82.173797","28.0","2021-07-12","0.00"
"US1FLMR0012","OCALA WEATHER SERVICE, FL US","29.08046","-82.173797","28.0","2021-07-13","0.00"
"US1FLMR0012","OCALA WEATHER SERVICE, FL US","29.08046","-82.173797","28.0","2021-07-14","0.30"
"US1FLMR0012","OCALA WEATHER SERVICE, FL US","29.08046","-82.173797","28.0","2021-07-15","0.00"
"US1FLMR0012","OCALA WEATHER SERVICE, FL US","29.08046","-82.173797","28.0","2021-07-16","0.00"
"US1FLMR0012","OCALA WEATHER SERVICE, FL US","29.08046","-82.173797","28.0","2021-07-17","0.00"
"US1FLMR0012","OCALA WEATHER SERVICE, FL US","29.08046","-82.173797","28.0","2021-07-18","0.09"
"US1FLMR0012","OCALA WEATHER SERVICE, FL US","29.08046","-82.173797","28.0","2021-07-19","0.49"
"US1FLMR0012","OCALA WEATHER SERVICE, FL US","29.08046","-82.173797","28.0","2021-07-20","0.01"
"US1FLMR0012","OCALA WEATHER SERVICE, FL US","29.08046","-82.173797","28.0","2021-07-21","0.00"
"US1FLHN0043","BROOKSVILLE 5.7 ESE, FL US","28.533382","-82.302958","22.6","2021-07-04","0.89"
"US1FLHN0043","BROOKSVILLE 5.7 ESE, FL US","28.533382","-82.302958","22.6","2021-07-05","0.00"
"US1FLHN0043","BROOKSVILLE 5.7 ESE, FL US","28.533382","-82.302958","22.6","2021-07-06","0.08"
"US1FLHN0043","BROOKSVILLE 5.7 ESE, FL US","28.533382","-82.302958","22.6","2021-07-07","1.86"
"US1FLHN0043","BROOKSVILLE 5.7 ESE, FL US","28.533382","-82.302958","22.6","2021-07-08","0.78"
"US1FLHN0043","BROOKSVILLE 5.7 ESE, FL US","28.533382","-82.302958","22.6","2021-07-09","2.14"
"US1FLHN0043","BROOKSVILLE 5.7 ESE, FL US","28.533382","-82.302958","22.6","2021-07-10","0.01"
"US1FLHN0043","BROOKSVILLE 5.7 ESE, FL US","28.533382","-82.302958","22.6","2021-07-11","0.00"
"US1FLHN0043","BROOKSVILLE 5.7 ESE, FL US","28.533382","-82.302958","22.6","2021-07-12","0.09"
"US1FLHN0043","BROOKSVILLE 5.7 ESE, FL US","28.533382","-82.302958","22.6","2021-07-13","1.06"
"US1FLHN0043","BROOKSVILLE 5.7 ESE, FL US","28.533382","-82.302958","22.6","2021-07-16","0.00"
"US1FLHN0043","BROOKSVILLE 5.7 ESE, FL US","28.533382","-82.302958","22.6","2021-07-19","0.00"
"US1FLHN0043","BROOKSVILLE 5.7 ESE, FL US","28.533382","-82.302958","22.6","2021-07-20","1.61"
"US1FLHN0043","BROOKSVILLE 5.7 ESE, FL US","28.533382","-82.302958","22.6","2021-07-21","0.00"
"US1FLHN0041","SPRING HILL 3.6 ESE, FL US","28.46108","-82.508475","23.2","2021-07-04","0.59"
"US1FLHN0041","SPRING HILL 3.6 ESE, FL US","28.46108","-82.508475","23.2","2021-07-05","0.06"
"US1FLHN0041","SPRING HILL 3.6 ESE, FL US","28.46108","-82.508475","23.2","2021-07-06","0.21"
"US1FLHN0041","SPRING HILL 3.6 ESE, FL US","28.46108","-82.508475","23.2","2021-07-07","3.21"
"US1FLHN0041","SPRING HILL 3.6 ESE, FL US","28.46108","-82.508475","23.2","2021-07-08","0.49"
"US1FLHN0041","SPRING HILL 3.6 ESE, FL US","28.46108","-82.508475","23.2","2021-07-09","0.34"
"US1FLHN0041","SPRING HILL 3.6 ESE, FL US","28.46108","-82.508475","23.2","2021-07-10","0.02"
"US1FLHN0041","SPRING HILL 3.6 ESE, FL US","28.46108","-82.508475","23.2","2021-07-11","0.19"
"US1FLHN0041","SPRING HILL 3.6 ESE, FL US","28.46108","-82.508475","23.2","2021-07-12","0.08"
"US1FLHN0041","SPRING HILL 3.6 ESE, FL US","28.46108","-82.508475","23.2","2021-07-13","0.31"
"US1FLHN0041","SPRING HILL 3.6 ESE, FL US","28.46108","-82.508475","23.2","2021-07-15",
"US1FLHN0041","SPRING HILL 3.6 ESE, FL US","28.46108","-82.508475","23.2","2021-07-16","0.01"
"US1FLHN0041","SPRING HILL 3.6 ESE, FL US","28.46108","-82.508475","23.2","2021-07-17","0.00"
"US1FLHN0041","SPRING HILL 3.6 ESE, FL US","28.46108","-82.508475","23.2","2021-07-18","0.00"
"US1FLHN0041","SPRING HILL 3.6 ESE, FL US","28.46108","-82.508475","23.2","2021-07-20",
"US1FLHN0041","SPRING HILL 3.6 ESE, FL US","28.46108","-82.508475","23.2","2021-07-21","0.40"
"US1FLMR0013","MICANOPY 3.6 SSW, FL US","29.457061","-82.299833","60.0","2021-07-04","0.87"
"US1FLMR0013","MICANOPY 3.6 SSW, FL US","29.457061","-82.299833","60.0","2021-07-05","1.64"
"US1FLMR0013","MICANOPY 3.6 SSW, FL US","29.457061","-82.299833","60.0","2021-07-06","0.05"
"US1FLMR0013","MICANOPY 3.6 SSW, FL US","29.457061","-82.299833","60.0","2021-07-07","0.66"
"US1FLMR0013","MICANOPY 3.6 SSW, FL US","29.457061","-82.299833","60.0","2021-07-08","4.53"
"US1FLMR0013","MICANOPY 3.6 SSW, FL US","29.457061","-82.299833","60.0","2021-07-09","0.02"
"US1FLMR0013","MICANOPY 3.6 SSW, FL US","29.457061","-82.299833","60.0","2021-07-10","0.07"
"US1FLMR0013","MICANOPY 3.6 SSW, FL US","29.457061","-82.299833","60.0","2021-07-11","0.02"
"US1FLMR0013","MICANOPY 3.6 SSW, FL US","29.457061","-82.299833","60.0","2021-07-12","0.04"
"US1FLMR0013","MICANOPY 3.6 SSW, FL US","29.457061","-82.299833","60.0","2021-07-13","0.02"
"US1FLMR0013","MICANOPY 3.6 SSW, FL US","29.457061","-82.299833","60.0","2021-07-14","0.00"
"US1FLMR0013","MICANOPY 3.6 SSW, FL US","29.457061","-82.299833","60.0","2021-07-15","0.00"
"US1FLMR0013","MICANOPY 3.6 SSW, FL US","29.457061","-82.299833","60.0","2021-07-16","0.00"
"US1FLMR0013","MICANOPY 3.6 SSW, FL US","29.457061","-82.299833","60.0","2021-07-17","0.00"
"US1FLMR0013","MICANOPY 3.6 SSW, FL US","29.457061","-82.299833","60.0","2021-07-18","0.00"
"US1FLMR0013","MICANOPY 3.6 SSW, FL US","29.457061","-82.299833","60.0","2021-07-19","0.00"
"US1FLMR0013","MICANOPY 3.6 SSW, FL US","29.457061","-82.299833","60.0","2021-07-20","0.11"
"US1FLMR0013","MICANOPY 3.6 SSW, FL US","29.457061","-82.299833","60.0","2021-07-21","0.00"
"US1FLMR0018","BELLEVIEW 4.8 E, FL US","29.0609","-81.9759","18.6","2021-07-04","0.16"
"US1FLMR0018","BELLEVIEW 4.8 E, FL US","29.0609","-81.9759","18.6","2021-07-05","0.42"
"US1FLMR0018","BELLEVIEW 4.8 E, FL US","29.0609","-81.9759","18.6","2021-07-06","0.10"
"US1FLMR0018","BELLEVIEW 4.8 E, FL US","29.0609","-81.9759","18.6","2021-07-07","0.04"
"US1FLMR0018","BELLEVIEW 4.8 E, FL US","29.0609","-81.9759","18.6","2021-07-08","1.69"
"US1FLMR0018","BELLEVIEW 4.8 E, FL US","29.0609","-81.9759","18.6","2021-07-09","0.00"
"US1FLMR0018","BELLEVIEW 4.8 E, FL US","29.0609","-81.9759","18.6","2021-07-10","0.11"
"US1FLMR0018","BELLEVIEW 4.8 E, FL US","29.0609","-81.9759","18.6","2021-07-11","0.03"
"US1FLMR0018","BELLEVIEW 4.8 E, FL US","29.0609","-81.9759","18.6","2021-07-12","0.00"
"US1FLMR0018","BELLEVIEW 4.8 E, FL US","29.0609","-81.9759","18.6","2021-07-13","0.46"
"US1FLMR0018","BELLEVIEW 4.8 E, FL US","29.0609","-81.9759","18.6","2021-07-14","0.00"
"US1FLMR0018","BELLEVIEW 4.8 E, FL US","29.0609","-81.9759","18.6","2021-07-15","0.00"
"US1FLMR0018","BELLEVIEW 4.8 E, FL US","29.0609","-81.9759","18.6","2021-07-16","0.00"
"US1FLMR0018","BELLEVIEW 4.8 E, FL US","29.0609","-81.9759","18.6","2021-07-17","0.00"
"US1FLMR0018","BELLEVIEW 4.8 E, FL US","29.0609","-81.9759","18.6","2021-07-18","0.00"
"US1FLMR0018","BELLEVIEW 4.8 E, FL US","29.0609","-81.9759","18.6","2021-07-19","0.00"
"US1FLMR0018","BELLEVIEW 4.8 E, FL US","29.0609","-81.9759","18.6","2021-07-20","0.49"
"US1FLMR0018","BELLEVIEW 4.8 E, FL US","29.0609","-81.9759","18.6","2021-07-21","0.03"
"USW00013899","PENSACOLA REGIONAL AIRPORT, FL US","30.47612","-87.18575","36.0","2021-07-04","0.70"
"USW00013899","PENSACOLA REGIONAL AIRPORT, FL US","30.47612","-87.18575","36.0","2021-07-05","1.57"
"USW00013899","PENSACOLA REGIONAL AIRPORT, FL US","30.47612","-87.18575","36.0","2021-07-06","0.55"
"USW00013899","PENSACOLA REGIONAL AIRPORT, FL US","30.47612","-87.18575","36.0","2021-07-07","0.13"
"USW00013899","PENSACOLA REGIONAL AIRPORT, FL US","30.47612","-87.18575","36.0","2021-07-08","0.00"
"USW00013899","PENSACOLA REGIONAL AIRPORT, FL US","30.47612","-87.18575","36.0","2021-07-09","0.25"
"USW00013899","PENSACOLA REGIONAL AIRPORT, FL US","30.47612","-87.18575","36.0","2021-07-10","0.06"
"USW00013899","PENSACOLA REGIONAL AIRPORT, FL US","30.47612","-87.18575","36.0","2021-07-11","1.22"
"USW00013899","PENSACOLA REGIONAL AIRPORT, FL US","30.47612","-87.18575","36.0","2021-07-12","0.06"
"USW00013899","PENSACOLA REGIONAL AIRPORT, FL US","30.47612","-87.18575","36.0","2021-07-13","0.00"
"USW00013899","PENSACOLA REGIONAL AIRPORT, FL US","30.47612","-87.18575","36.0","2021-07-14","0.00"
"USW00013899","PENSACOLA REGIONAL AIRPORT, FL US","30.47612","-87.18575","36.0","2021-07-15","0.01"
"USW00013899","PENSACOLA REGIONAL AIRPORT, FL US","30.47612","-87.18575","36.0","2021-07-16","0.01"
"USW00013899","PENSACOLA REGIONAL AIRPORT, FL US","30.47612","-87.18575","36.0","2021-07-17","0.00"
"USW00013899","PENSACOLA REGIONAL AIRPORT, FL US","30.47612","-87.18575","36.0","2021-07-18","0.03"
"USW00013899","PENSACOLA REGIONAL AIRPORT, FL US","30.47612","-87.18575","36.0","2021-07-19","0.88"
"USW00013899","PENSACOLA REGIONAL AIRPORT, FL US","30.47612","-87.18575","36.0","2021-07-20","0.46"
"USW00013899","PENSACOLA REGIONAL AIRPORT, FL US","30.47612","-87.18575","36.0","2021-07-21","0.42"
"USC00084412","JOHN PENNEKAMP STATE PARK, FL US","25.1936","-80.3493","1.8","2021-07-04","0.00"
"USC00084412","JOHN PENNEKAMP STATE PARK, FL US","25.1936","-80.3493","1.8","2021-07-05","0.50"
"USC00084412","JOHN PENNEKAMP STATE PARK, FL US","25.1936","-80.3493","1.8","2021-07-06","0.98"
"USC00084412","JOHN PENNEKAMP STATE PARK, FL US","25.1936","-80.3493","1.8","2021-07-07","0.00"
"USC00084412","JOHN PENNEKAMP STATE PARK, FL US","25.1936","-80.3493","1.8","2021-07-08","0.00"
"USC00084412","JOHN PENNEKAMP STATE PARK, FL US","25.1936","-80.3493","1.8","2021-07-09","0.00"
"USC00084412","JOHN PENNEKAMP STATE PARK, FL US","25.1936","-80.3493","1.8","2021-07-10","0.00"
"USC00084412","JOHN PENNEKAMP STATE PARK, FL US","25.1936","-80.3493","1.8","2021-07-11","0.11"
"USC00084412","JOHN PENNEKAMP STATE PARK, FL US","25.1936","-80.3493","1.8","2021-07-12","0.62"
"USC00084412","JOHN PENNEKAMP STATE PARK, FL US","25.1936","-80.3493","1.8","2021-07-13","0.31"
"USC00084412","JOHN PENNEKAMP STATE PARK, FL US","25.1936","-80.3493","1.8","2021-07-14","0.57"
"USC00084412","JOHN PENNEKAMP STATE PARK, FL US","25.1936","-80.3493","1.8","2021-07-15","0.50"
"USC00084412","JOHN PENNEKAMP STATE PARK, FL US","25.1936","-80.3493","1.8","2021-07-16","0.00"
"USC00084412","JOHN PENNEKAMP STATE PARK, FL US","25.1936","-80.3493","1.8","2021-07-17","0.05"
"USC00084412","JOHN PENNEKAMP STATE PARK, FL US","25.1936","-80.3493","1.8","2021-07-18","0.00"
"USC00084412","JOHN PENNEKAMP STATE PARK, FL US","25.1936","-80.3493","1.8","2021-07-19","0.00"
"USC00084412","JOHN PENNEKAMP STATE PARK, FL US","25.1936","-80.3493","1.8","2021-07-20","0.05"
"USC00084412","JOHN PENNEKAMP STATE PARK, FL US","25.1936","-80.3493","1.8","2021-07-21","0.00"
"USW00003853","MAYPORT PILOT STATION, FL US","30.4","-81.41667","4.9","2021-07-04","0.32"
"USW00003853","MAYPORT PILOT STATION, FL US","30.4","-81.41667","4.9","2021-07-05","0.10"
"USW00003853","MAYPORT PILOT STATION, FL US","30.4","-81.41667","4.9","2021-07-06","0.00"
"USW00003853","MAYPORT PILOT STATION, FL US","30.4","-81.41667","4.9","2021-07-07","1.68"
"USW00003853","MAYPORT PILOT STATION, FL US","30.4","-81.41667","4.9","2021-07-08","0.08"
"USW00003853","MAYPORT PILOT STATION, FL US","30.4","-81.41667","4.9","2021-07-09","0.27"
"USW00003853","MAYPORT PILOT STATION, FL US","30.4","-81.41667","4.9","2021-07-10","0.00"
"USW00003853","MAYPORT PILOT STATION, FL US","30.4","-81.41667","4.9","2021-07-11","0.00"
"USW00003853","MAYPORT PILOT STATION, FL US","30.4","-81.41667","4.9","2021-07-12","0.00"
"USW00003853","MAYPORT PILOT STATION, FL US","30.4","-81.41667","4.9","2021-07-13","0.00"
"USW00003853","MAYPORT PILOT STATION, FL US","30.4","-81.41667","4.9","2021-07-14","0.00"
"USW00003853","MAYPORT PILOT STATION, FL US","30.4","-81.41667","4.9","2021-07-15","0.00"
"USW00003853","MAYPORT PILOT STATION, FL US","30.4","-81.41667","4.9","2021-07-16","0.00"
"USW00003853","MAYPORT PILOT STATION, FL US","30.4","-81.41667","4.9","2021-07-17","0.00"
"USW00003853","MAYPORT PILOT STATION, FL US","30.4","-81.41667","4.9","2021-07-18","0.05"
"USW00003853","MAYPORT PILOT STATION, FL US","30.4","-81.41667","4.9","2021-07-19","0.85"
"USW00003853","MAYPORT PILOT STATION, FL US","30.4","-81.41667","4.9","2021-07-20","0.00"
"USW00003853","MAYPORT PILOT STATION, FL US","30.4","-81.41667","4.9","2021-07-21","0.07"
"US1FLGD0001","QUINCY 6.0 SW, FL US","30.524685","-84.658601","64.9","2021-07-04","0.01"
"US1FLGD0001","QUINCY 6.0 SW, FL US","30.524685","-84.658601","64.9","2021-07-05","0.12"
"US1FLGD0001","QUINCY 6.0 SW, FL US","30.524685","-84.658601","64.9","2021-07-06","0.65"
"US1FLGD0001","QUINCY 6.0 SW, FL US","30.524685","-84.658601","64.9","2021-07-07","0.41"
"US1FLGD0001","QUINCY 6.0 SW, FL US","30.524685","-84.658601","64.9","2021-07-08","1.72"
"US1FLGD0001","QUINCY 6.0 SW, FL US","30.524685","-84.658601","64.9","2021-07-09","0.27"
"US1FLGD0001","QUINCY 6.0 SW, FL US","30.524685","-84.658601","64.9","2021-07-10","0.34"
"US1FLGD0001","QUINCY 6.0 SW, FL US","30.524685","-84.658601","64.9","2021-07-11","0.01"
"US1FLGD0001","QUINCY 6.0 SW, FL US","30.524685","-84.658601","64.9","2021-07-12","0.06"
"US1FLGD0001","QUINCY 6.0 SW, FL US","30.524685","-84.658601","64.9","2021-07-13","0.02"
"US1FLGD0001","QUINCY 6.0 SW, FL US","30.524685","-84.658601","64.9","2021-07-14","0.00"
"US1FLGD0001","QUINCY 6.0 SW, FL US","30.524685","-84.658601","64.9","2021-07-15","0.00"
"US1FLGD0001","QUINCY 6.0 SW, FL US","30.524685","-84.658601","64.9","2021-07-16","0.12"
"US1FLGD0001","QUINCY 6.0 SW, FL US","30.524685","-84.658601","64.9","2021-07-17","0.02"
"US1FLGD0001","QUINCY 6.0 SW, FL US","30.524685","-84.658601","64.9","2021-07-18","0.10"
"US1FLGD0001","QUINCY 6.0 SW, FL US","30.524685","-84.658601","64.9","2021-07-19","0.15"
"US1FLGD0001","QUINCY 6.0 SW, FL US","30.524685","-84.658601","64.9","2021-07-20","0.45"
"US1FLGD0001","QUINCY 6.0 SW, FL US","30.524685","-84.658601","64.9","2021-07-21","0.35"
"USW00013889","JACKSONVILLE INTERNATIONAL AIRPORT, FL US","30.49529","-81.69374","7.2","2021-07-04","0.47"
"USW00013889","JACKSONVILLE INTERNATIONAL AIRPORT, FL US","30.49529","-81.69374","7.2","2021-07-05","0.58"
"USW00013889","JACKSONVILLE INTERNATIONAL AIRPORT, FL US","30.49529","-81.69374","7.2","2021-07-06","0.08"
"USW00013889","JACKSONVILLE INTERNATIONAL AIRPORT, FL US","30.49529","-81.69374","7.2","2021-07-07","2.66"
"USW00013889","JACKSONVILLE INTERNATIONAL AIRPORT, FL US","30.49529","-81.69374","7.2","2021-07-08","0.00"
"USW00013889","JACKSONVILLE INTERNATIONAL AIRPORT, FL US","30.49529","-81.69374","7.2","2021-07-09","0.00"
"USW00013889","JACKSONVILLE INTERNATIONAL AIRPORT, FL US","30.49529","-81.69374","7.2","2021-07-10","0.00"
"USW00013889","JACKSONVILLE INTERNATIONAL AIRPORT, FL US","30.49529","-81.69374","7.2","2021-07-11","0.21"
"USW00013889","JACKSONVILLE INTERNATIONAL AIRPORT, FL US","30.49529","-81.69374","7.2","2021-07-12","0.20"
"USW00013889","JACKSONVILLE INTERNATIONAL AIRPORT, FL US","30.49529","-81.69374","7.2","2021-07-13","0.00"
"USW00013889","JACKSONVILLE INTERNATIONAL AIRPORT, FL US","30.49529","-81.69374","7.2","2021-07-14","0.00"
"USW00013889","JACKSONVILLE INTERNATIONAL AIRPORT, FL US","30.49529","-81.69374","7.2","2021-07-15","0.00"
"USW00013889","JACKSONVILLE INTERNATIONAL AIRPORT, FL US","30.49529","-81.69374","7.2","2021-07-16","0.00"
"USW00013889","JACKSONVILLE INTERNATIONAL AIRPORT, FL US","30.49529","-81.69374","7.2","2021-07-17","0.00"
"USW00013889","JACKSONVILLE INTERNATIONAL AIRPORT, FL US","30.49529","-81.69374","7.2","2021-07-18","0.04"
"USW00013889","JACKSONVILLE INTERNATIONAL AIRPORT, FL US","30.49529","-81.69374","7.2","2021-07-19","3.01"
"USW00013889","JACKSONVILLE INTERNATIONAL AIRPORT, FL US","30.49529","-81.69374","7.2","2021-07-20","0.00"
"USW00013889","JACKSONVILLE INTERNATIONAL AIRPORT, FL US","30.49529","-81.69374","7.2","2021-07-21","0.03"
"USW00003855","PENSACOLA FOREST SHERMAN NAS, FL US","30.35","-87.31667","8.5","2021-07-04","0.00"
"USW00003855","PENSACOLA FOREST SHERMAN NAS, FL US","30.35","-87.31667","8.5","2021-07-05","0.00"
"USW00003855","PENSACOLA FOREST SHERMAN NAS, FL US","30.35","-87.31667","8.5","2021-07-09","0.00"
"USW00003855","PENSACOLA FOREST SHERMAN NAS, FL US","30.35","-87.31667","8.5","2021-07-10","0.00"
"USW00003855","PENSACOLA FOREST SHERMAN NAS, FL US","30.35","-87.31667","8.5","2021-07-13",
"USW00003855","PENSACOLA FOREST SHERMAN NAS, FL US","30.35","-87.31667","8.5","2021-07-14","0.00"
"USW00003855","PENSACOLA FOREST SHERMAN NAS, FL US","30.35","-87.31667","8.5","2021-07-15","0.00"
"US1FLGD0003","QUINCY 6.0 SW, FL US","30.529356","-84.662083","73.2","2021-07-04","0.01"
"US1FLGD0003","QUINCY 6.0 SW, FL US","30.529356","-84.662083","73.2","2021-07-05","0.15"
"US1FLGD0003","QUINCY 6.0 SW, FL US","30.529356","-84.662083","73.2","2021-07-06","0.67"
"US1FLGD0003","QUINCY 6.0 SW, FL US","30.529356","-84.662083","73.2","2021-07-07","0.38"
"US1FLGD0003","QUINCY 6.0 SW, FL US","30.529356","-84.662083","73.2","2021-07-08","1.76"
"US1FLGD0003","QUINCY 6.0 SW, FL US","30.529356","-84.662083","73.2","2021-07-09","0.28"
"US1FLGD0003","QUINCY 6.0 SW, FL US","30.529356","-84.662083","73.2","2021-07-10","0.32"
"US1FLGD0003","QUINCY 6.0 SW, FL US","30.529356","-84.662083","73.2","2021-07-11","0.01"
"US1FLGD0003","QUINCY 6.0 SW, FL US","30.529356","-84.662083","73.2","2021-07-12","0.11"
"US1FLGD0003","QUINCY 6.0 SW, FL US","30.529356","-84.662083","73.2","2021-07-13","0.01"
"US1FLGD0003","QUINCY 6.0 SW, FL US","30.529356","-84.662083","73.2","2021-07-14","0.00"
"US1FLGD0003","QUINCY 6.0 SW, FL US","30.529356","-84.662083","73.2","2021-07-15","0.00"
"US1FLGD0003","QUINCY 6.0 SW, FL US","30.529356","-84.662083","73.2","2021-07-16","0.04"
"US1FLGD0003","QUINCY 6.0 SW, FL US","30.529356","-84.662083","73.2","2021-07-17","0.02"
"US1FLGD0003","QUINCY 6.0 SW, FL US","30.529356","-84.662083","73.2","2021-07-18","0.07"
"US1FLGD0003","QUINCY 6.0 SW, FL US","30.529356","-84.662083","73.2","2021-07-19","0.14"
"US1FLGD0003","QUINCY 6.0 SW, FL US","30.529356","-84.662083","73.2","2021-07-20","0.44"
"US1FLGD0003","QUINCY 6.0 SW, FL US","30.529356","-84.662083","73.2","2021-07-21","0.35"
"US1FLGD0002","HAVANA 4.2 SW, FL US","30.582286","-84.467118","85.0","2021-07-04","0.01"
"US1FLGD0002","HAVANA 4.2 SW, FL US","30.582286","-84.467118","85.0","2021-07-05","0.16"
"US1FLGD0002","HAVANA 4.2 SW, FL US","30.582286","-84.467118","85.0","2021-07-06","0.62"
"US1FLGD0002","HAVANA 4.2 SW, FL US","30.582286","-84.467118","85.0","2021-07-07","0.25"
"US1FLGD0002","HAVANA 4.2 SW, FL US","30.582286","-84.467118","85.0","2021-07-08","0.63"
"US1FLGD0002","HAVANA 4.2 SW, FL US","30.582286","-84.467118","85.0","2021-07-09","0.14"
"US1FLGD0002","HAVANA 4.2 SW, FL US","30.582286","-84.467118","85.0","2021-07-10","0.30"
"US1FLGD0002","HAVANA 4.2 SW, FL US","30.582286","-84.467118","85.0","2021-07-11","0.24"
"US1FLGD0002","HAVANA 4.2 SW, FL US","30.582286","-84.467118","85.0","2021-07-12","0.81"
"US1FLGD0002","HAVANA 4.2 SW, FL US","30.582286","-84.467118","85.0","2021-07-13","0.13"
"US1FLGD0002","HAVANA 4.2 SW, FL US","30.582286","-84.467118","85.0","2021-07-14","0.00"
"US1FLGD0002","HAVANA 4.2 SW, FL US","30.582286","-84.467118","85.0","2021-07-15","0.00"
"US1FLGD0002","HAVANA 4.2 SW, FL US","30.582286","-84.467118","85.0","2021-07-16","0.00"
"US1FLGD0002","HAVANA 4.2 SW, FL US","30.582286","-84.467118","85.0","2021-07-17","0.01"
"US1FLGD0002","HAVANA 4.2 SW, FL US","30.582286","-84.467118","85.0","2021-07-18","0.00"
"US1FLGD0002","HAVANA 4.2 SW, FL US","30.582286","-84.467118","85.0","2021-07-19","0.05"
"US1FLGD0002","HAVANA 4.2 SW, FL US","30.582286","-84.467118","85.0","2021-07-20","0.65"
"US1FLGD0002","HAVANA 4.2 SW, FL US","30.582286","-84.467118","85.0","2021-07-21","0.35"
"US1FLGD0004","QUINCY 7.5 SSW, FL US","30.481636","-84.618846","57.9","2021-07-09",
"US1FLGD0004","QUINCY 7.5 SSW, FL US","30.481636","-84.618846","57.9","2021-07-10","0.44"
"US1FLGD0004","QUINCY 7.5 SSW, FL US","30.481636","-84.618846","57.9","2021-07-11","0.00"
"US1FLGD0004","QUINCY 7.5 SSW, FL US","30.481636","-84.618846","57.9","2021-07-12","0.67"
"US1FLGD0004","QUINCY 7.5 SSW, FL US","30.481636","-84.618846","57.9","2021-07-13","0.02"
"US1FLGD0004","QUINCY 7.5 SSW, FL US","30.481636","-84.618846","57.9","2021-07-14","0.00"
"US1FLGD0004","QUINCY 7.5 SSW, FL US","30.481636","-84.618846","57.9","2021-07-15","0.00"
"US1FLGD0004","QUINCY 7.5 SSW, FL US","30.481636","-84.618846","57.9","2021-07-16","0.00"
"US1FLGD0004","QUINCY 7.5 SSW, FL US","30.481636","-84.618846","57.9","2021-07-17","0.64"
"US1FLGD0004","QUINCY 7.5 SSW, FL US","30.481636","-84.618846","57.9","2021-07-18","0.06"
"US1FLGD0004","QUINCY 7.5 SSW, FL US","30.481636","-84.618846","57.9","2021-07-19","1.04"
"US1FLGD0004","QUINCY 7.5 SSW, FL US","30.481636","-84.618846","57.9","2021-07-20","0.57"
"US1FLGD0004","QUINCY 7.5 SSW, FL US","30.481636","-84.618846","57.9","2021-07-21","0.23"
"US1FLGD0007","HAVANA 5.1 SSW, FL US","30.56082","-84.45871","64.6","2021-07-04","0.00"
"US1FLGD0007","HAVANA 5.1 SSW, FL US","30.56082","-84.45871","64.6","2021-07-05","0.18"
"US1FLGD0007","HAVANA 5.1 SSW, FL US","30.56082","-84.45871","64.6","2021-07-06","0.04"
"US1FLGD0007","HAVANA 5.1 SSW, FL US","30.56082","-84.45871","64.6","2021-07-07","0.00"
"US1FLGD0007","HAVANA 5.1 SSW, FL US","30.56082","-84.45871","64.6","2021-07-08","1.81"
"US1FLGD0007","HAVANA 5.1 SSW, FL US","30.56082","-84.45871","64.6","2021-07-09","0.30"
"US1FLGD0007","HAVANA 5.1 SSW, FL US","30.56082","-84.45871","64.6","2021-07-10","0.31"
"US1FLGD0007","HAVANA 5.1 SSW, FL US","30.56082","-84.45871","64.6","2021-07-11","0.02"
"US1FLGD0007","HAVANA 5.1 SSW, FL US","30.56082","-84.45871","64.6","2021-07-12","0.42"
"US1FLGD0007","HAVANA 5.1 SSW, FL US","30.56082","-84.45871","64.6","2021-07-13","0.11"
"US1FLGD0007","HAVANA 5.1 SSW, FL US","30.56082","-84.45871","64.6","2021-07-14","0.07"
"US1FLGD0007","HAVANA 5.1 SSW, FL US","30.56082","-84.45871","64.6","2021-07-15","0.00"
"US1FLGD0007","HAVANA 5.1 SSW, FL US","30.56082","-84.45871","64.6","2021-07-16","0.54"
"US1FLGD0007","HAVANA 5.1 SSW, FL US","30.56082","-84.45871","64.6","2021-07-17","0.01"
"US1FLGD0007","HAVANA 5.1 SSW, FL US","30.56082","-84.45871","64.6","2021-07-18","0.00"
"US1FLGD0007","HAVANA 5.1 SSW, FL US","30.56082","-84.45871","64.6","2021-07-19","0.06"
"US1FLGD0007","HAVANA 5.1 SSW, FL US","30.56082","-84.45871","64.6","2021-07-20","0.44"
"US1FLGD0007","HAVANA 5.1 SSW, FL US","30.56082","-84.45871","64.6","2021-07-21","0.08"
"US1FLGD0006","QUINCY 8.3 NNW, FL US","30.687286","-84.657043","79.9","2021-07-04","0.04"
"US1FLGD0006","QUINCY 8.3 NNW, FL US","30.687286","-84.657043","79.9","2021-07-05","0.75"
"US1FLGD0006","QUINCY 8.3 NNW, FL US","30.687286","-84.657043","79.9","2021-07-06","0.83"
"US1FLGD0006","QUINCY 8.3 NNW, FL US","30.687286","-84.657043","79.9","2021-07-07","1.16"
"US1FLGD0006","QUINCY 8.3 NNW, FL US","30.687286","-84.657043","79.9","2021-07-08","0.61"
"US1FLGD0006","QUINCY 8.3 NNW, FL US","30.687286","-84.657043","79.9","2021-07-09","0.15"
"US1FLGD0006","QUINCY 8.3 NNW, FL US","30.687286","-84.657043","79.9","2021-07-10","0.48"
"US1FLGD0006","QUINCY 8.3 NNW, FL US","30.687286","-84.657043","79.9","2021-07-11","0.44"
"US1FLGD0006","QUINCY 8.3 NNW, FL US","30.687286","-84.657043","79.9","2021-07-12","0.00"
"US1FLGD0006","QUINCY 8.3 NNW, FL US","30.687286","-84.657043","79.9","2021-07-13","0.00"
"US1FLGD0006","QUINCY 8.3 NNW, FL US","30.687286","-84.657043","79.9","2021-07-14","0.03"
"US1FLGD0006","QUINCY 8.3 NNW, FL US","30.687286","-84.657043","79.9","2021-07-15","0.16"
"US1FLGD0006","QUINCY 8.3 NNW, FL US","30.687286","-84.657043","79.9","2021-07-16","0.03"
"US1FLGD0006","QUINCY 8.3 NNW, FL US","30.687286","-84.657043","79.9","2021-07-17","0.00"
"US1FLGD0006","QUINCY 8.3 NNW, FL US","30.687286","-84.657043","79.9","2021-07-19","0.02"
"US1FLGD0006","QUINCY 8.3 NNW, FL US","30.687286","-84.657043","79.9","2021-07-20","0.44"
"US1FLGD0006","QUINCY 8.3 NNW, FL US","30.687286","-84.657043","79.9","2021-07-21","0.71"
"US1FLMR0020","THE VILLAGES 2.7 NNW, FL US","28.9744","-81.9986","25.9","2021-07-10",
"US1FLMR0020","THE VILLAGES 2.7 NNW, FL US","28.9744","-81.9986","25.9","2021-07-11","0.05"
"US1FLMR0020","THE VILLAGES 2.7 NNW, FL US","28.9744","-81.9986","25.9","2021-07-17",
"US1FLMR0020","THE VILLAGES 2.7 NNW, FL US","28.9744","-81.9986","25.9","2021-07-18","0.00"
"US1FLPB0061","DELRAY BEACH 1.6 WSW, FL US","26.4419841766357","-80.1105346679688","4.9","2021-07-04","0.00"
"US1FLPB0061","DELRAY BEACH 1.6 WSW, FL US","26.4419841766357","-80.1105346679688","4.9","2021-07-05","0.00"
"US1FLPB0061","DELRAY BEACH 1.6 WSW, FL US","26.4419841766357","-80.1105346679688","4.9","2021-07-06","0.96"
"US1FLPB0061","DELRAY BEACH 1.6 WSW, FL US","26.4419841766357","-80.1105346679688","4.9","2021-07-07","0.03"
"US1FLPB0061","DELRAY BEACH 1.6 WSW, FL US","26.4419841766357","-80.1105346679688","4.9","2021-07-08","0.00"
"US1FLPB0061","DELRAY BEACH 1.6 WSW, FL US","26.4419841766357","-80.1105346679688","4.9","2021-07-09","0.18"
"US1FLPB0061","DELRAY BEACH 1.6 WSW, FL US","26.4419841766357","-80.1105346679688","4.9","2021-07-10","0.00"
"US1FLPB0061","DELRAY BEACH 1.6 WSW, FL US","26.4419841766357","-80.1105346679688","4.9","2021-07-11","0.11"
"US1FLPB0061","DELRAY BEACH 1.6 WSW, FL US","26.4419841766357","-80.1105346679688","4.9","2021-07-12","0.00"
"US1FLPB0061","DELRAY BEACH 1.6 WSW, FL US","26.4419841766357","-80.1105346679688","4.9","2021-07-13","0.78"
"US1FLPB0061","DELRAY BEACH 1.6 WSW, FL US","26.4419841766357","-80.1105346679688","4.9","2021-07-14","0.60"
"US1FLPB0061","DELRAY BEACH 1.6 WSW, FL US","26.4419841766357","-80.1105346679688","4.9","2021-07-15","0.00"
"US1FLPB0061","DELRAY BEACH 1.6 WSW, FL US","26.4419841766357","-80.1105346679688","4.9","2021-07-16","0.00"
"US1FLPB0061","DELRAY BEACH 1.6 WSW, FL US","26.4419841766357","-80.1105346679688","4.9","2021-07-17","0.00"
"US1FLPB0061","DELRAY BEACH 1.6 WSW, FL US","26.4419841766357","-80.1105346679688","4.9","2021-07-18","0.00"
"US1FLPB0061","DELRAY BEACH 1.6 WSW, FL US","26.4419841766357","-80.1105346679688","4.9","2021-07-19","0.00"
"US1FLPB0061","DELRAY BEACH 1.6 WSW, FL US","26.4419841766357","-80.1105346679688","4.9","2021-07-20","0.00"
"US1FLPB0061","DELRAY BEACH 1.6 WSW, FL US","26.4419841766357","-80.1105346679688","4.9","2021-07-21","0.20"
"US1FLPB0063","DELRAY BEACH 1.9 SSE, FL US","26.4277744293213","-80.0808944702148","4.3","2021-07-04","0.00"
"US1FLPB0063","DELRAY BEACH 1.9 SSE, FL US","26.4277744293213","-80.0808944702148","4.3","2021-07-05","0.00"
"US1FLPB0063","DELRAY BEACH 1.9 SSE, FL US","26.4277744293213","-80.0808944702148","4.3","2021-07-06","0.44"
"US1FLPB0063","DELRAY BEACH 1.9 SSE, FL US","26.4277744293213","-80.0808944702148","4.3","2021-07-07","0.02"
"US1FLPB0063","DELRAY BEACH 1.9 SSE, FL US","26.4277744293213","-80.0808944702148","4.3","2021-07-08","0.00"
"US1FLPB0063","DELRAY BEACH 1.9 SSE, FL US","26.4277744293213","-80.0808944702148","4.3","2021-07-09","0.07"
"US1FLPB0063","DELRAY BEACH 1.9 SSE, FL US","26.4277744293213","-80.0808944702148","4.3","2021-07-10","0.00"
"US1FLPB0063","DELRAY BEACH 1.9 SSE, FL US","26.4277744293213","-80.0808944702148","4.3","2021-07-11","0.08"
"US1FLPB0063","DELRAY BEACH 1.9 SSE, FL US","26.4277744293213","-80.0808944702148","4.3","2021-07-12","0.00"
"US1FLPB0063","DELRAY BEACH 1.9 SSE, FL US","26.4277744293213","-80.0808944702148","4.3","2021-07-13","0.32"
"US1FLPB0063","DELRAY BEACH 1.9 SSE, FL US","26.4277744293213","-80.0808944702148","4.3","2021-07-14","0.62"
"US1FLPB0063","DELRAY BEACH 1.9 SSE, FL US","26.4277744293213","-80.0808944702148","4.3","2021-07-15","0.00"
"US1FLPB0063","DELRAY BEACH 1.9 SSE, FL US","26.4277744293213","-80.0808944702148","4.3","2021-07-16","0.00"
"US1FLPB0063","DELRAY BEACH 1.9 SSE, FL US","26.4277744293213","-80.0808944702148","4.3","2021-07-17","0.00"
"US1FLPB0063","DELRAY BEACH 1.9 SSE, FL US","26.4277744293213","-80.0808944702148","4.3","2021-07-19",
"US1FLPB0063","DELRAY BEACH 1.9 SSE, FL US","26.4277744293213","-80.0808944702148","4.3","2021-07-20","0.00"
"US1FLPB0063","DELRAY BEACH 1.9 SSE, FL US","26.4277744293213","-80.0808944702148","4.3","2021-07-21","0.04"
"USC00085539","MAYO, FL US","30.05993","-83.1719","25.3","2021-07-04","0.61"
"USC00085539","MAYO, FL US","30.05993","-83.1719","25.3","2021-07-05","0.24"
"USC00085539","MAYO, FL US","30.05993","-83.1719","25.3","2021-07-06","0.02"
"USC00085539","MAYO, FL US","30.05993","-83.1719","25.3","2021-07-07","0.62"
"USC00085539","MAYO, FL US","30.05993","-83.1719","25.3","2021-07-08","2.12"
"USC00085539","MAYO, FL US","30.05993","-83.1719","25.3","2021-07-09","0.04"
"USC00085539","MAYO, FL US","30.05993","-83.1719","25.3","2021-07-10","0.22"
"USC00085539","MAYO, FL US","30.05993","-83.1719","25.3","2021-07-11","0.00"
"USC00085539","MAYO, FL US","30.05993","-83.1719","25.3","2021-07-12","0.00"
"USC00085539","MAYO, FL US","30.05993","-83.1719","25.3","2021-07-13","0.00"
"USC00085539","MAYO, FL US","30.05993","-83.1719","25.3","2021-07-14","0.00"
"USC00085539","MAYO, FL US","30.05993","-83.1719","25.3","2021-07-15","0.69"
"USC00085539","MAYO, FL US","30.05993","-83.1719","25.3","2021-07-16","0.01"
"USC00085539","MAYO, FL US","30.05993","-83.1719","25.3","2021-07-17","0.00"
"USC00085539","MAYO, FL US","30.05993","-83.1719","25.3","2021-07-18","0.00"
"USC00085539","MAYO, FL US","30.05993","-83.1719","25.3","2021-07-19","0.00"
"USC00085539","MAYO, FL US","30.05993","-83.1719","25.3","2021-07-20","0.85"
"USC00085539","MAYO, FL US","30.05993","-83.1719","25.3","2021-07-21","0.27"
"US1FLPB0070","BOYNTON BEACH 1.3 WNW, FL US","26.535709","-80.09982","4.6","2021-07-06","0.62"
"US1FLPB0072","BOYNTON BEACH 6.5 WNW, FL US","26.550808","-80.182528","4.3","2021-07-04","0.00"
"US1FLPB0072","BOYNTON BEACH 6.5 WNW, FL US","26.550808","-80.182528","4.3","2021-07-05","0.01"
"US1FLPB0072","BOYNTON BEACH 6.5 WNW, FL US","26.550808","-80.182528","4.3","2021-07-06","0.96"
"US1FLPB0072","BOYNTON BEACH 6.5 WNW, FL US","26.550808","-80.182528","4.3","2021-07-07","0.02"
"US1FLPB0072","BOYNTON BEACH 6.5 WNW, FL US","26.550808","-80.182528","4.3","2021-07-08","0.00"
"US1FLPB0072","BOYNTON BEACH 6.5 WNW, FL US","26.550808","-80.182528","4.3","2021-07-09","0.66"
"US1FLPB0072","BOYNTON BEACH 6.5 WNW, FL US","26.550808","-80.182528","4.3","2021-07-10","0.00"
"US1FLPB0072","BOYNTON BEACH 6.5 WNW, FL US","26.550808","-80.182528","4.3","2021-07-11","0.01"
"US1FLPB0072","BOYNTON BEACH 6.5 WNW, FL US","26.550808","-80.182528","4.3","2021-07-12","0.00"
"US1FLPB0072","BOYNTON BEACH 6.5 WNW, FL US","26.550808","-80.182528","4.3","2021-07-13","0.56"
"US1FLPB0072","BOYNTON BEACH 6.5 WNW, FL US","26.550808","-80.182528","4.3","2021-07-14","0.86"
"US1FLPB0072","BOYNTON BEACH 6.5 WNW, FL US","26.550808","-80.182528","4.3","2021-07-15","0.01"
"US1FLPB0072","BOYNTON BEACH 6.5 WNW, FL US","26.550808","-80.182528","4.3","2021-07-16","0.00"
"US1FLPB0072","BOYNTON BEACH 6.5 WNW, FL US","26.550808","-80.182528","4.3","2021-07-17","0.00"
"US1FLPB0072","BOYNTON BEACH 6.5 WNW, FL US","26.550808","-80.182528","4.3","2021-07-18","0.00"
"US1FLPB0072","BOYNTON BEACH 6.5 WNW, FL US","26.550808","-80.182528","4.3","2021-07-19","0.01"
"US1FLPB0072","BOYNTON BEACH 6.5 WNW, FL US","26.550808","-80.182528","4.3","2021-07-20","0.00"
"US1FLPB0072","BOYNTON BEACH 6.5 WNW, FL US","26.550808","-80.182528","4.3","2021-07-21","1.40"
"US1FLPB0077","ABERDEEN 1.4 WNW, FL US","26.5613422393799","-80.1686172485352","9.4","2021-07-04","0.00"
"US1FLPB0077","ABERDEEN 1.4 WNW, FL US","26.5613422393799","-80.1686172485352","9.4","2021-07-05","0.03"
"US1FLPB0077","ABERDEEN 1.4 WNW, FL US","26.5613422393799","-80.1686172485352","9.4","2021-07-06","1.04"
"US1FLPB0077","ABERDEEN 1.4 WNW, FL US","26.5613422393799","-80.1686172485352","9.4","2021-07-07","0.02"
"US1FLPB0077","ABERDEEN 1.4 WNW, FL US","26.5613422393799","-80.1686172485352","9.4","2021-07-08","0.00"
"US1FLPB0077","ABERDEEN 1.4 WNW, FL US","26.5613422393799","-80.1686172485352","9.4","2021-07-09","0.25"
"US1FLPB0077","ABERDEEN 1.4 WNW, FL US","26.5613422393799","-80.1686172485352","9.4","2021-07-10","0.00"
"US1FLPB0077","ABERDEEN 1.4 WNW, FL US","26.5613422393799","-80.1686172485352","9.4","2021-07-11","0.14"
"US1FLPB0077","ABERDEEN 1.4 WNW, FL US","26.5613422393799","-80.1686172485352","9.4","2021-07-12","0.00"
"US1FLPB0077","ABERDEEN 1.4 WNW, FL US","26.5613422393799","-80.1686172485352","9.4","2021-07-13","0.84"
"US1FLPB0077","ABERDEEN 1.4 WNW, FL US","26.5613422393799","-80.1686172485352","9.4","2021-07-14","1.09"
"US1FLPB0077","ABERDEEN 1.4 WNW, FL US","26.5613422393799","-80.1686172485352","9.4","2021-07-15","0.03"
"US1FLPB0077","ABERDEEN 1.4 WNW, FL US","26.5613422393799","-80.1686172485352","9.4","2021-07-16","0.04"
"US1FLPB0077","ABERDEEN 1.4 WNW, FL US","26.5613422393799","-80.1686172485352","9.4","2021-07-17","0.00"
"US1FLPB0077","ABERDEEN 1.4 WNW, FL US","26.5613422393799","-80.1686172485352","9.4","2021-07-18","0.00"
"US1FLPB0077","ABERDEEN 1.4 WNW, FL US","26.5613422393799","-80.1686172485352","9.4","2021-07-19","0.02"
"US1FLPB0077","ABERDEEN 1.4 WNW, FL US","26.5613422393799","-80.1686172485352","9.4","2021-07-20","0.00"
"US1FLPB0077","ABERDEEN 1.4 WNW, FL US","26.5613422393799","-80.1686172485352","9.4","2021-07-21","1.41"
"US1FLPB0079","BOCA RATON 2.1 ENE, FL US","26.38388","-80.07553","2.1","2021-07-04","0.00"
"US1FLPB0079","BOCA RATON 2.1 ENE, FL US","26.38388","-80.07553","2.1","2021-07-05","0.00"
"US1FLPB0079","BOCA RATON 2.1 ENE, FL US","26.38388","-80.07553","2.1","2021-07-06","0.95"
"US1FLPB0079","BOCA RATON 2.1 ENE, FL US","26.38388","-80.07553","2.1","2021-07-08","0.00"
"US1FLPB0079","BOCA RATON 2.1 ENE, FL US","26.38388","-80.07553","2.1","2021-07-09","0.09"
"US1FLPB0079","BOCA RATON 2.1 ENE, FL US","26.38388","-80.07553","2.1","2021-07-10","0.03"
"US1FLPB0079","BOCA RATON 2.1 ENE, FL US","26.38388","-80.07553","2.1","2021-07-11","0.00"
"US1FLPB0079","BOCA RATON 2.1 ENE, FL US","26.38388","-80.07553","2.1","2021-07-12","0.13"
"US1FLPB0079","BOCA RATON 2.1 ENE, FL US","26.38388","-80.07553","2.1","2021-07-16",
"US1FLPB0079","BOCA RATON 2.1 ENE, FL US","26.38388","-80.07553","2.1","2021-07-17","0.02"
"US1FLPB0079","BOCA RATON 2.1 ENE, FL US","26.38388","-80.07553","2.1","2021-07-18","0.00"
"US1FLPB0079","BOCA RATON 2.1 ENE, FL US","26.38388","-80.07553","2.1","2021-07-19","0.00"
"US1FLPB0079","BOCA RATON 2.1 ENE, FL US","26.38388","-80.07553","2.1","2021-07-20","0.00"
"US1FLPB0079","BOCA RATON 2.1 ENE, FL US","26.38388","-80.07553","2.1","2021-07-21","0.07"
"US1FLHB0027","LUTZ 1.3 SSE, FL US","28.122804","-82.45308","25.9","2021-07-04","0.77"
"US1FLHB0027","LUTZ 1.3 SSE, FL US","28.122804","-82.45308","25.9","2021-07-05","0.00"
"US1FLHB0027","LUTZ 1.3 SSE, FL US","28.122804","-82.45308","25.9","2021-07-06","0.05"
"US1FLHB0027","LUTZ 1.3 SSE, FL US","28.122804","-82.45308","25.9","2021-07-07","2.74"
"US1FLHB0027","LUTZ 1.3 SSE, FL US","28.122804","-82.45308","25.9","2021-07-08","0.11"
"US1FLHB0027","LUTZ 1.3 SSE, FL US","28.122804","-82.45308","25.9","2021-07-09","0.82"
"US1FLHB0027","LUTZ 1.3 SSE, FL US","28.122804","-82.45308","25.9","2021-07-10","0.00"
"US1FLHB0027","LUTZ 1.3 SSE, FL US","28.122804","-82.45308","25.9","2021-07-11","0.23"
"US1FLHB0027","LUTZ 1.3 SSE, FL US","28.122804","-82.45308","25.9","2021-07-12","0.01"
"US1FLHB0027","LUTZ 1.3 SSE, FL US","28.122804","-82.45308","25.9","2021-07-13","0.11"
"US1FLHB0027","LUTZ 1.3 SSE, FL US","28.122804","-82.45308","25.9","2021-07-14","0.05"
"US1FLHB0027","LUTZ 1.3 SSE, FL US","28.122804","-82.45308","25.9","2021-07-15","1.81"
"US1FLHB0027","LUTZ 1.3 SSE, FL US","28.122804","-82.45308","25.9","2021-07-16","0.02"
"US1FLHB0027","LUTZ 1.3 SSE, FL US","28.122804","-82.45308","25.9","2021-07-17","0.00"
"US1FLHB0027","LUTZ 1.3 SSE, FL US","28.122804","-82.45308","25.9","2021-07-18","0.00"
"US1FLHB0027","LUTZ 1.3 SSE, FL US","28.122804","-82.45308","25.9","2021-07-19","0.15"
"US1FLHB0027","LUTZ 1.3 SSE, FL US","28.122804","-82.45308","25.9","2021-07-20","0.00"
"US1FLHB0027","LUTZ 1.3 SSE, FL US","28.122804","-82.45308","25.9","2021-07-21","0.00"
"US1FLPB0080","BOCA RATON 3.8 WSW, FL US","26.35442","-80.164432","4.6","2021-07-04","0.00"
"US1FLPB0080","BOCA RATON 3.8 WSW, FL US","26.35442","-80.164432","4.6","2021-07-05","0.00"
"US1FLPB0080","BOCA RATON 3.8 WSW, FL US","26.35442","-80.164432","4.6","2021-07-06","0.58"
"US1FLPB0080","BOCA RATON 3.8 WSW, FL US","26.35442","-80.164432","4.6","2021-07-07","0.05"
"US1FLPB0080","BOCA RATON 3.8 WSW, FL US","26.35442","-80.164432","4.6","2021-07-08","0.00"
"US1FLPB0080","BOCA RATON 3.8 WSW, FL US","26.35442","-80.164432","4.6","2021-07-09","0.04"
"US1FLPB0080","BOCA RATON 3.8 WSW, FL US","26.35442","-80.164432","4.6","2021-07-10","0.00"
"US1FLPB0080","BOCA RATON 3.8 WSW, FL US","26.35442","-80.164432","4.6","2021-07-11","0.00"
"US1FLPB0080","BOCA RATON 3.8 WSW, FL US","26.35442","-80.164432","4.6","2021-07-12","0.00"
"US1FLPB0080","BOCA RATON 3.8 WSW, FL US","26.35442","-80.164432","4.6","2021-07-13","0.41"
"US1FLPB0080","BOCA RATON 3.8 WSW, FL US","26.35442","-80.164432","4.6","2021-07-14","0.34"
"US1FLPB0080","BOCA RATON 3.8 WSW, FL US","26.35442","-80.164432","4.6","2021-07-15","0.02"
"US1FLPB0080","BOCA RATON 3.8 WSW, FL US","26.35442","-80.164432","4.6","2021-07-16","0.00"
"US1FLPB0080","BOCA RATON 3.8 WSW, FL US","26.35442","-80.164432","4.6","2021-07-17","0.04"
"US1FLPB0080","BOCA RATON 3.8 WSW, FL US","26.35442","-80.164432","4.6","2021-07-18","0.00"
"US1FLPB0080","BOCA RATON 3.8 WSW, FL US","26.35442","-80.164432","4.6","2021-07-19","0.24"
"US1FLPB0080","BOCA RATON 3.8 WSW, FL US","26.35442","-80.164432","4.6","2021-07-20","0.02"
"US1FLPB0080","BOCA RATON 3.8 WSW, FL US","26.35442","-80.164432","4.6","2021-07-21","1.40"
"US1FLHB0029","TAMPA 6.5 NNE, FL US","28.03011","-82.40623","27.1","2021-07-04","2.77"
"US1FLHB0029","TAMPA 6.5 NNE, FL US","28.03011","-82.40623","27.1","2021-07-05","0.00"
"US1FLHB0029","TAMPA 6.5 NNE, FL US","28.03011","-82.40623","27.1","2021-07-06","0.94"
"US1FLHB0029","TAMPA 6.5 NNE, FL US","28.03011","-82.40623","27.1","2021-07-07","2.42"
"US1FLHB0029","TAMPA 6.5 NNE, FL US","28.03011","-82.40623","27.1","2021-07-08","0.25"
"US1FLHB0029","TAMPA 6.5 NNE, FL US","28.03011","-82.40623","27.1","2021-07-09","0.03"
"US1FLHB0029","TAMPA 6.5 NNE, FL US","28.03011","-82.40623","27.1","2021-07-10","0.00"
"US1FLHB0029","TAMPA 6.5 NNE, FL US","28.03011","-82.40623","27.1","2021-07-11","0.10"
"US1FLHB0029","TAMPA 6.5 NNE, FL US","28.03011","-82.40623","27.1","2021-07-12","0.00"
"US1FLHB0029","TAMPA 6.5 NNE, FL US","28.03011","-82.40623","27.1","2021-07-13","0.64"
"US1FLHB0029","TAMPA 6.5 NNE, FL US","28.03011","-82.40623","27.1","2021-07-14","0.00"
"US1FLHB0029","TAMPA 6.5 NNE, FL US","28.03011","-82.40623","27.1","2021-07-15","0.06"
"US1FLHB0029","TAMPA 6.5 NNE, FL US","28.03011","-82.40623","27.1","2021-07-16","0.00"
"US1FLHB0029","TAMPA 6.5 NNE, FL US","28.03011","-82.40623","27.1","2021-07-17","0.00"
"US1FLHB0029","TAMPA 6.5 NNE, FL US","28.03011","-82.40623","27.1","2021-07-18","0.00"
"US1FLHB0029","TAMPA 6.5 NNE, FL US","28.03011","-82.40623","27.1","2021-07-19","0.00"
"US1FLHB0029","TAMPA 6.5 NNE, FL US","28.03011","-82.40623","27.1","2021-07-20","0.00"
"US1FLHB0029","TAMPA 6.5 NNE, FL US","28.03011","-82.40623","27.1","2021-07-21","0.00"
"US1FLPB0081","PALM BEACH SHORES 1.4 N, FL US","26.79701","-80.034979","1.5","2021-07-04","0.00"
"US1FLPB0081","PALM BEACH SHORES 1.4 N, FL US","26.79701","-80.034979","1.5","2021-07-05","0.00"
"US1FLPB0081","PALM BEACH SHORES 1.4 N, FL US","26.79701","-80.034979","1.5","2021-07-06","0.53"
"US1FLPB0081","PALM BEACH SHORES 1.4 N, FL US","26.79701","-80.034979","1.5","2021-07-07","0.02"
"US1FLPB0081","PALM BEACH SHORES 1.4 N, FL US","26.79701","-80.034979","1.5","2021-07-08","0.00"
"US1FLPB0081","PALM BEACH SHORES 1.4 N, FL US","26.79701","-80.034979","1.5","2021-07-09","0.00"
"US1FLPB0081","PALM BEACH SHORES 1.4 N, FL US","26.79701","-80.034979","1.5","2021-07-10","0.00"
"US1FLPB0081","PALM BEACH SHORES 1.4 N, FL US","26.79701","-80.034979","1.5","2021-07-11","0.00"
"US1FLPB0081","PALM BEACH SHORES 1.4 N, FL US","26.79701","-80.034979","1.5","2021-07-12","0.00"
"US1FLPB0081","PALM BEACH SHORES 1.4 N, FL US","26.79701","-80.034979","1.5","2021-07-13","0.23"
"US1FLPB0081","PALM BEACH SHORES 1.4 N, FL US","26.79701","-80.034979","1.5","2021-07-14","0.97"
"US1FLPB0081","PALM BEACH SHORES 1.4 N, FL US","26.79701","-80.034979","1.5","2021-07-15","0.25"
"US1FLPB0081","PALM BEACH SHORES 1.4 N, FL US","26.79701","-80.034979","1.5","2021-07-16","0.20"
"US1FLPB0081","PALM BEACH SHORES 1.4 N, FL US","26.79701","-80.034979","1.5","2021-07-17","0.00"
"US1FLPB0081","PALM BEACH SHORES 1.4 N, FL US","26.79701","-80.034979","1.5","2021-07-18","0.00"
"US1FLPB0081","PALM BEACH SHORES 1.4 N, FL US","26.79701","-80.034979","1.5","2021-07-19","0.00"
"US1FLPB0081","PALM BEACH SHORES 1.4 N, FL US","26.79701","-80.034979","1.5","2021-07-20","0.00"
"US1FLPB0081","PALM BEACH SHORES 1.4 N, FL US","26.79701","-80.034979","1.5","2021-07-21","0.74"
"US1FLLE0022","SAINT JAMES CITY 0.4 SSE, FL US","26.494623","-82.077372","0.0","2021-07-04","0.00"
"US1FLLE0022","SAINT JAMES CITY 0.4 SSE, FL US","26.494623","-82.077372","0.0","2021-07-05","0.00"
"US1FLLE0022","SAINT JAMES CITY 0.4 SSE, FL US","26.494623","-82.077372","0.0","2021-07-06","0.28"
"US1FLLE0022","SAINT JAMES CITY 0.4 SSE, FL US","26.494623","-82.077372","0.0","2021-07-07","5.84"
"US1FLLE0022","SAINT JAMES CITY 0.4 SSE, FL US","26.494623","-82.077372","0.0","2021-07-08","1.42"
"US1FLLE0022","SAINT JAMES CITY 0.4 SSE, FL US","26.494623","-82.077372","0.0","2021-07-09","0.00"
"US1FLLE0022","SAINT JAMES CITY 0.4 SSE, FL US","26.494623","-82.077372","0.0","2021-07-10","0.00"
"US1FLLE0022","SAINT JAMES CITY 0.4 SSE, FL US","26.494623","-82.077372","0.0","2021-07-11","0.20"
"US1FLLE0022","SAINT JAMES CITY 0.4 SSE, FL US","26.494623","-82.077372","0.0","2021-07-12","0.00"
"US1FLLE0022","SAINT JAMES CITY 0.4 SSE, FL US","26.494623","-82.077372","0.0","2021-07-13","0.10"
"US1FLLE0022","SAINT JAMES CITY 0.4 SSE, FL US","26.494623","-82.077372","0.0","2021-07-14","0.24"
"US1FLLE0022","SAINT JAMES CITY 0.4 SSE, FL US","26.494623","-82.077372","0.0","2021-07-15","0.93"
"US1FLLE0022","SAINT JAMES CITY 0.4 SSE, FL US","26.494623","-82.077372","0.0","2021-07-16","0.00"
"US1FLLE0022","SAINT JAMES CITY 0.4 SSE, FL US","26.494623","-82.077372","0.0","2021-07-17","0.00"
"US1FLLE0022","SAINT JAMES CITY 0.4 SSE, FL US","26.494623","-82.077372","0.0","2021-07-18","0.28"
"US1FLLE0022","SAINT JAMES CITY 0.4 SSE, FL US","26.494623","-82.077372","0.0","2021-07-19","0.00"
"US1FLLE0022","SAINT JAMES CITY 0.4 SSE, FL US","26.494623","-82.077372","0.0","2021-07-20","0.00"
"US1FLLE0022","SAINT JAMES CITY 0.4 SSE, FL US","26.494623","-82.077372","0.0","2021-07-21","0.00"
"USC00084461","JUNO BEACH, FL US","26.86","-80.0552","1.5","2021-07-08","0.00"
"USC00084461","JUNO BEACH, FL US","26.86","-80.0552","1.5","2021-07-09","0.00"
"USC00084461","JUNO BEACH, FL US","26.86","-80.0552","1.5","2021-07-10","0.00"
"USC00084461","JUNO BEACH, FL US","26.86","-80.0552","1.5","2021-07-11","0.00"
"USC00084461","JUNO BEACH, FL US","26.86","-80.0552","1.5","2021-07-12","0.00"
"USC00084461","JUNO BEACH, FL US","26.86","-80.0552","1.5","2021-07-13","0.07"
"USC00084461","JUNO BEACH, FL US","26.86","-80.0552","1.5","2021-07-14","0.28"
"USC00084461","JUNO BEACH, FL US","26.86","-80.0552","1.5","2021-07-15","0.00"
"USC00084461","JUNO BEACH, FL US","26.86","-80.0552","1.5","2021-07-16","0.00"
"USC00084461","JUNO BEACH, FL US","26.86","-80.0552","1.5","2021-07-17","0.00"
"USC00084461","JUNO BEACH, FL US","26.86","-80.0552","1.5","2021-07-18","0.00"
"USC00084461","JUNO BEACH, FL US","26.86","-80.0552","1.5","2021-07-21",
"US1FLPB0087","GOLDEN LAKES 2.4 SSW, FL US","26.6674136","-80.1785257","7.9","2021-07-04","0.00"
"US1FLPB0087","GOLDEN LAKES 2.4 SSW, FL US","26.6674136","-80.1785257","7.9","2021-07-05","0.02"
"US1FLPB0087","GOLDEN LAKES 2.4 SSW, FL US","26.6674136","-80.1785257","7.9","2021-07-06","1.06"
"US1FLPB0087","GOLDEN LAKES 2.4 SSW, FL US","26.6674136","-80.1785257","7.9","2021-07-07","0.02"
"US1FLPB0087","GOLDEN LAKES 2.4 SSW, FL US","26.6674136","-80.1785257","7.9","2021-07-08","0.00"
"US1FLPB0087","GOLDEN LAKES 2.4 SSW, FL US","26.6674136","-80.1785257","7.9","2021-07-09","1.68"
"US1FLPB0087","GOLDEN LAKES 2.4 SSW, FL US","26.6674136","-80.1785257","7.9","2021-07-10","0.00"
"US1FLPB0087","GOLDEN LAKES 2.4 SSW, FL US","26.6674136","-80.1785257","7.9","2021-07-11","0.24"
"US1FLPB0087","GOLDEN LAKES 2.4 SSW, FL US","26.6674136","-80.1785257","7.9","2021-07-12","0.00"
"US1FLPB0087","GOLDEN LAKES 2.4 SSW, FL US","26.6674136","-80.1785257","7.9","2021-07-13","0.33"
"US1FLPB0087","GOLDEN LAKES 2.4 SSW, FL US","26.6674136","-80.1785257","7.9","2021-07-14","0.49"
"US1FLPB0087","GOLDEN LAKES 2.4 SSW, FL US","26.6674136","-80.1785257","7.9","2021-07-15","0.03"
"US1FLPB0087","GOLDEN LAKES 2.4 SSW, FL US","26.6674136","-80.1785257","7.9","2021-07-16","0.00"
"US1FLPB0087","GOLDEN LAKES 2.4 SSW, FL US","26.6674136","-80.1785257","7.9","2021-07-17","0.11"
"US1FLPB0087","GOLDEN LAKES 2.4 SSW, FL US","26.6674136","-80.1785257","7.9","2021-07-18","0.04"
"US1FLPB0087","GOLDEN LAKES 2.4 SSW, FL US","26.6674136","-80.1785257","7.9","2021-07-19","0.00"
"US1FLPB0087","GOLDEN LAKES 2.4 SSW, FL US","26.6674136","-80.1785257","7.9","2021-07-20","0.00"
"US1FLPB0087","GOLDEN LAKES 2.4 SSW, FL US","26.6674136","-80.1785257","7.9","2021-07-21","1.19"
"USC00088824","TARPON SPGS SEWAGE PLANT, FL US","28.15225","-82.7538","1.8","2021-07-04","0.00"
"USC00088824","TARPON SPGS SEWAGE PLANT, FL US","28.15225","-82.7538","1.8","2021-07-05","0.02"
"USC00088824","TARPON SPGS SEWAGE PLANT, FL US","28.15225","-82.7538","1.8","2021-07-06","0.65"
"USC00088824","TARPON SPGS SEWAGE PLANT, FL US","28.15225","-82.7538","1.8","2021-07-07","2.10"
"USC00088824","TARPON SPGS SEWAGE PLANT, FL US","28.15225","-82.7538","1.8","2021-07-08","0.60"
"USC00088824","TARPON SPGS SEWAGE PLANT, FL US","28.15225","-82.7538","1.8","2021-07-09","0.00"
"USC00088824","TARPON SPGS SEWAGE PLANT, FL US","28.15225","-82.7538","1.8","2021-07-10","0.00"
"USC00088824","TARPON SPGS SEWAGE PLANT, FL US","28.15225","-82.7538","1.8","2021-07-11","0.14"
"USC00088824","TARPON SPGS SEWAGE PLANT, FL US","28.15225","-82.7538","1.8","2021-07-12","1.25"
"USC00088824","TARPON SPGS SEWAGE PLANT, FL US","28.15225","-82.7538","1.8","2021-07-13","0.75"
"USC00088824","TARPON SPGS SEWAGE PLANT, FL US","28.15225","-82.7538","1.8","2021-07-14","0.86"
"USC00088824","TARPON SPGS SEWAGE PLANT, FL US","28.15225","-82.7538","1.8","2021-07-15","0.00"
"USC00088824","TARPON SPGS SEWAGE PLANT, FL US","28.15225","-82.7538","1.8","2021-07-16","0.00"
"USC00088824","TARPON SPGS SEWAGE PLANT, FL US","28.15225","-82.7538","1.8","2021-07-17","0.22"
"USC00088824","TARPON SPGS SEWAGE PLANT, FL US","28.15225","-82.7538","1.8","2021-07-18","0.01"
"USC00088824","TARPON SPGS SEWAGE PLANT, FL US","28.15225","-82.7538","1.8","2021-07-19","0.00"
"USC00088824","TARPON SPGS SEWAGE PLANT, FL US","28.15225","-82.7538","1.8","2021-07-20","0.00"
"USC00088824","TARPON SPGS SEWAGE PLANT, FL US","28.15225","-82.7538","1.8","2021-07-21","0.00"
"USC00082046","CURRY HAMMOCK STATE PARK, FL US","24.74257","-80.98193","1.2","2021-07-04","0.00"
"USC00082046","CURRY HAMMOCK STATE PARK, FL US","24.74257","-80.98193","1.2","2021-07-07","1.43"
"USC00082046","CURRY HAMMOCK STATE PARK, FL US","24.74257","-80.98193","1.2","2021-07-08","0.00"
"USC00082046","CURRY HAMMOCK STATE PARK, FL US","24.74257","-80.98193","1.2","2021-07-09","0.00"
"USC00082046","CURRY HAMMOCK STATE PARK, FL US","24.74257","-80.98193","1.2","2021-07-10","0.00"
"USC00082046","CURRY HAMMOCK STATE PARK, FL US","24.74257","-80.98193","1.2","2021-07-11","0.00"
"USC00082046","CURRY HAMMOCK STATE PARK, FL US","24.74257","-80.98193","1.2","2021-07-12","0.52"
"USC00082046","CURRY HAMMOCK STATE PARK, FL US","24.74257","-80.98193","1.2","2021-07-13","0.05"
"USC00082046","CURRY HAMMOCK STATE PARK, FL US","24.74257","-80.98193","1.2","2021-07-14","0.40"
"USC00082046","CURRY HAMMOCK STATE PARK, FL US","24.74257","-80.98193","1.2","2021-07-15","0.05"
"USC00082046","CURRY HAMMOCK STATE PARK, FL US","24.74257","-80.98193","1.2","2021-07-16","0.23"
"USC00082046","CURRY HAMMOCK STATE PARK, FL US","24.74257","-80.98193","1.2","2021-07-17","0.00"
"USC00082046","CURRY HAMMOCK STATE PARK, FL US","24.74257","-80.98193","1.2","2021-07-18","0.00"
"USC00082046","CURRY HAMMOCK STATE PARK, FL US","24.74257","-80.98193","1.2","2021-07-19","0.00"
"USC00082046","CURRY HAMMOCK STATE PARK, FL US","24.74257","-80.98193","1.2","2021-07-20","0.00"
"USC00082046","CURRY HAMMOCK STATE PARK, FL US","24.74257","-80.98193","1.2","2021-07-21","0.00"
"USC00082288","DESOTO CITY 8 SW, FL US","27.3696","-81.51359","26.5","2021-07-04","1.60"
"USC00082288","DESOTO CITY 8 SW, FL US","27.3696","-81.51359","26.5","2021-07-05","0.00"
"USC00082288","DESOTO CITY 8 SW, FL US","27.3696","-81.51359","26.5","2021-07-06","0.92"
"USC00082288","DESOTO CITY 8 SW, FL US","27.3696","-81.51359","26.5","2021-07-07","1.17"
"USC00082288","DESOTO CITY 8 SW, FL US","27.3696","-81.51359","26.5","2021-07-08","0.09"
"USC00082288","DESOTO CITY 8 SW, FL US","27.3696","-81.51359","26.5","2021-07-09","0.00"
"USC00082288","DESOTO CITY 8 SW, FL US","27.3696","-81.51359","26.5","2021-07-10","0.00"
"USC00082288","DESOTO CITY 8 SW, FL US","27.3696","-81.51359","26.5","2021-07-11","0.12"
"USC00082288","DESOTO CITY 8 SW, FL US","27.3696","-81.51359","26.5","2021-07-12","0.00"
"USC00082288","DESOTO CITY 8 SW, FL US","27.3696","-81.51359","26.5","2021-07-13","0.12"
"USC00082288","DESOTO CITY 8 SW, FL US","27.3696","-81.51359","26.5","2021-07-14","0.52"
"USC00082288","DESOTO CITY 8 SW, FL US","27.3696","-81.51359","26.5","2021-07-15","0.20"
"USC00082288","DESOTO CITY 8 SW, FL US","27.3696","-81.51359","26.5","2021-07-16","0.00"
"USC00082288","DESOTO CITY 8 SW, FL US","27.3696","-81.51359","26.5","2021-07-17","0.00"
"USC00082288","DESOTO CITY 8 SW, FL US","27.3696","-81.51359","26.5","2021-07-18","0.00"
"USC00082288","DESOTO CITY 8 SW, FL US","27.3696","-81.51359","26.5","2021-07-19","0.00"
"USC00082288","DESOTO CITY 8 SW, FL US","27.3696","-81.51359","26.5","2021-07-20","0.41"
"USC00082288","DESOTO CITY 8 SW, FL US","27.3696","-81.51359","26.5","2021-07-21","0.04"
"US1FLMS0003","MADISON 1.2 ENE, FL US","30.4726926237345","-83.3954445272684","48.2","2021-07-08","6.30"
"US1FLMT0045","STUART 4.7 SE, FL US","27.141018","-80.19609","3.7","2021-07-09","0.36"
"US1FLMT0045","STUART 4.7 SE, FL US","27.141018","-80.19609","3.7","2021-07-10","0.05"
"US1FLMT0045","STUART 4.7 SE, FL US","27.141018","-80.19609","3.7","2021-07-11","0.00"
"US1FLMT0045","STUART 4.7 SE, FL US","27.141018","-80.19609","3.7","2021-07-12","0.04"
"US1FLMT0045","STUART 4.7 SE, FL US","27.141018","-80.19609","3.7","2021-07-14","0.17"
"US1FLMT0045","STUART 4.7 SE, FL US","27.141018","-80.19609","3.7","2021-07-15","0.03"
"US1FLMT0045","STUART 4.7 SE, FL US","27.141018","-80.19609","3.7","2021-07-16","0.06"
"US1FLMT0045","STUART 4.7 SE, FL US","27.141018","-80.19609","3.7","2021-07-17","0.00"
"US1FLMT0045","STUART 4.7 SE, FL US","27.141018","-80.19609","3.7","2021-07-18","0.09"
"US1FLMT0045","STUART 4.7 SE, FL US","27.141018","-80.19609","3.7","2021-07-19","0.00"
"US1FLMT0045","STUART 4.7 SE, FL US","27.141018","-80.19609","3.7","2021-07-20","0.00"
"US1FLMT0045","STUART 4.7 SE, FL US","27.141018","-80.19609","3.7","2021-07-21","0.02"
"US1FLLE0037","FORT MYERS 0.8 N, FL US","26.642261505127","-81.8488388061523","3.7","2021-07-04","0.00"
"US1FLLE0037","FORT MYERS 0.8 N, FL US","26.642261505127","-81.8488388061523","3.7","2021-07-05","0.04"
"US1FLLE0037","FORT MYERS 0.8 N, FL US","26.642261505127","-81.8488388061523","3.7","2021-07-06","0.04"
"US1FLLE0037","FORT MYERS 0.8 N, FL US","26.642261505127","-81.8488388061523","3.7","2021-07-07","4.92"
"US1FLLE0037","FORT MYERS 0.8 N, FL US","26.642261505127","-81.8488388061523","3.7","2021-07-08","0.39"
"US1FLLE0037","FORT MYERS 0.8 N, FL US","26.642261505127","-81.8488388061523","3.7","2021-07-09","0.00"
"US1FLLE0037","FORT MYERS 0.8 N, FL US","26.642261505127","-81.8488388061523","3.7","2021-07-10","0.00"
"US1FLLE0037","FORT MYERS 0.8 N, FL US","26.642261505127","-81.8488388061523","3.7","2021-07-11","0.29"
"US1FLLE0037","FORT MYERS 0.8 N, FL US","26.642261505127","-81.8488388061523","3.7","2021-07-12","0.09"
"US1FLLE0037","FORT MYERS 0.8 N, FL US","26.642261505127","-81.8488388061523","3.7","2021-07-13","0.00"
"US1FLLE0037","FORT MYERS 0.8 N, FL US","26.642261505127","-81.8488388061523","3.7","2021-07-14","0.82"
"US1FLLE0037","FORT MYERS 0.8 N, FL US","26.642261505127","-81.8488388061523","3.7","2021-07-15","0.62"
"US1FLLE0037","FORT MYERS 0.8 N, FL US","26.642261505127","-81.8488388061523","3.7","2021-07-16","0.11"
"US1FLLE0037","FORT MYERS 0.8 N, FL US","26.642261505127","-81.8488388061523","3.7","2021-07-17","0.00"
"US1FLLE0037","FORT MYERS 0.8 N, FL US","26.642261505127","-81.8488388061523","3.7","2021-07-18","0.22"
"US1FLLE0037","FORT MYERS 0.8 N, FL US","26.642261505127","-81.8488388061523","3.7","2021-07-19","0.72"
"US1FLLE0037","FORT MYERS 0.8 N, FL US","26.642261505127","-81.8488388061523","3.7","2021-07-20","0.49"
"US1FLLE0037","FORT MYERS 0.8 N, FL US","26.642261505127","-81.8488388061523","3.7","2021-07-21","0.00"
"US1FLOB0002","OKEECHOBEE 27.1 NNW, FL US","27.58467","-81.04556","18.3","2021-07-04","0.00"
"US1FLOB0002","OKEECHOBEE 27.1 NNW, FL US","27.58467","-81.04556","18.3","2021-07-05","0.33"
"US1FLOB0002","OKEECHOBEE 27.1 NNW, FL US","27.58467","-81.04556","18.3","2021-07-06","0.40"
"US1FLOB0002","OKEECHOBEE 27.1 NNW, FL US","27.58467","-81.04556","18.3","2021-07-07","0.64"
"US1FLOB0002","OKEECHOBEE 27.1 NNW, FL US","27.58467","-81.04556","18.3","2021-07-08","0.01"
"US1FLOB0002","OKEECHOBEE 27.1 NNW, FL US","27.58467","-81.04556","18.3","2021-07-09","0.00"
"US1FLOB0002","OKEECHOBEE 27.1 NNW, FL US","27.58467","-81.04556","18.3","2021-07-19",
"US1FLOB0002","OKEECHOBEE 27.1 NNW, FL US","27.58467","-81.04556","18.3","2021-07-20","0.00"
"US1FLOB0002","OKEECHOBEE 27.1 NNW, FL US","27.58467","-81.04556","18.3","2021-07-21","0.00"
"US1FLPB0096","BELLE GLADE 2.6 N, FL US","26.723492","-80.666527","4.3","2021-07-06",
"US1FLPB0096","BELLE GLADE 2.6 N, FL US","26.723492","-80.666527","4.3","2021-07-07","0.15"
"US1FLPB0096","BELLE GLADE 2.6 N, FL US","26.723492","-80.666527","4.3","2021-07-08","0.00"
"US1FLPB0096","BELLE GLADE 2.6 N, FL US","26.723492","-80.666527","4.3","2021-07-09","0.42"
"US1FLPB0096","BELLE GLADE 2.6 N, FL US","26.723492","-80.666527","4.3","2021-07-10","1.00"
"US1FLPB0096","BELLE GLADE 2.6 N, FL US","26.723492","-80.666527","4.3","2021-07-11","0.12"
"US1FLPB0096","BELLE GLADE 2.6 N, FL US","26.723492","-80.666527","4.3","2021-07-12","0.17"
"US1FLPB0096","BELLE GLADE 2.6 N, FL US","26.723492","-80.666527","4.3","2021-07-13","0.04"
"US1FLPB0096","BELLE GLADE 2.6 N, FL US","26.723492","-80.666527","4.3","2021-07-14","0.71"
"US1FLPB0096","BELLE GLADE 2.6 N, FL US","26.723492","-80.666527","4.3","2021-07-16","0.15"
"US1FLPB0096","BELLE GLADE 2.6 N, FL US","26.723492","-80.666527","4.3","2021-07-17","0.00"
"US1FLPB0096","BELLE GLADE 2.6 N, FL US","26.723492","-80.666527","4.3","2021-07-18","0.90"
"US1FLPB0096","BELLE GLADE 2.6 N, FL US","26.723492","-80.666527","4.3","2021-07-20","0.00"
"US1FLPB0096","BELLE GLADE 2.6 N, FL US","26.723492","-80.666527","4.3","2021-07-21","0.05"
"US1FLPB0098","ROYAL PALM BEACH 6.9 WNW, FL US","26.74734","-80.3282","6.1","2021-07-04","0.00"
"US1FLPB0098","ROYAL PALM BEACH 6.9 WNW, FL US","26.74734","-80.3282","6.1","2021-07-05","0.07"
"US1FLPB0098","ROYAL PALM BEACH 6.9 WNW, FL US","26.74734","-80.3282","6.1","2021-07-06","0.70"
"US1FLPB0098","ROYAL PALM BEACH 6.9 WNW, FL US","26.74734","-80.3282","6.1","2021-07-07","0.20"
"US1FLPB0098","ROYAL PALM BEACH 6.9 WNW, FL US","26.74734","-80.3282","6.1","2021-07-08","0.00"
"US1FLPB0098","ROYAL PALM BEACH 6.9 WNW, FL US","26.74734","-80.3282","6.1","2021-07-09","0.26"
"US1FLPB0098","ROYAL PALM BEACH 6.9 WNW, FL US","26.74734","-80.3282","6.1","2021-07-10","0.00"
"US1FLPB0098","ROYAL PALM BEACH 6.9 WNW, FL US","26.74734","-80.3282","6.1","2021-07-11","0.05"
"US1FLPB0098","ROYAL PALM BEACH 6.9 WNW, FL US","26.74734","-80.3282","6.1","2021-07-12","0.00"
"US1FLPB0098","ROYAL PALM BEACH 6.9 WNW, FL US","26.74734","-80.3282","6.1","2021-07-13","1.02"
"US1FLPB0098","ROYAL PALM BEACH 6.9 WNW, FL US","26.74734","-80.3282","6.1","2021-07-15","0.01"
"US1FLPB0098","ROYAL PALM BEACH 6.9 WNW, FL US","26.74734","-80.3282","6.1","2021-07-16","0.02"
"US1FLPB0098","ROYAL PALM BEACH 6.9 WNW, FL US","26.74734","-80.3282","6.1","2021-07-18","0.00"
"US1FLPB0098","ROYAL PALM BEACH 6.9 WNW, FL US","26.74734","-80.3282","6.1","2021-07-19","0.05"
"US1FLPB0098","ROYAL PALM BEACH 6.9 WNW, FL US","26.74734","-80.3282","6.1","2021-07-20","0.08"
"US1FLPB0098","ROYAL PALM BEACH 6.9 WNW, FL US","26.74734","-80.3282","6.1","2021-07-21","0.18"
"US1FLHB0033","BLOOMINGDALE 7.6 ESE, FL US","27.828269","-82.148655","32.0","2021-07-04","2.46"
"US1FLHB0033","BLOOMINGDALE 7.6 ESE, FL US","27.828269","-82.148655","32.0","2021-07-05","0.02"
"US1FLHB0033","BLOOMINGDALE 7.6 ESE, FL US","27.828269","-82.148655","32.0","2021-07-06","1.00"
"US1FLHB0033","BLOOMINGDALE 7.6 ESE, FL US","27.828269","-82.148655","32.0","2021-07-07","2.76"
"US1FLHB0033","BLOOMINGDALE 7.6 ESE, FL US","27.828269","-82.148655","32.0","2021-07-08","0.18"
"US1FLHB0033","BLOOMINGDALE 7.6 ESE, FL US","27.828269","-82.148655","32.0","2021-07-09","0.59"
"US1FLHB0033","BLOOMINGDALE 7.6 ESE, FL US","27.828269","-82.148655","32.0","2021-07-10","0.01"
"US1FLHB0033","BLOOMINGDALE 7.6 ESE, FL US","27.828269","-82.148655","32.0","2021-07-11","0.33"
"US1FLHB0033","BLOOMINGDALE 7.6 ESE, FL US","27.828269","-82.148655","32.0","2021-07-12","0.03"
"US1FLHB0033","BLOOMINGDALE 7.6 ESE, FL US","27.828269","-82.148655","32.0","2021-07-13","0.31"
"US1FLHB0033","BLOOMINGDALE 7.6 ESE, FL US","27.828269","-82.148655","32.0","2021-07-14","0.01"
"US1FLHB0033","BLOOMINGDALE 7.6 ESE, FL US","27.828269","-82.148655","32.0","2021-07-15","0.09"
"US1FLHB0033","BLOOMINGDALE 7.6 ESE, FL US","27.828269","-82.148655","32.0","2021-07-16","0.00"
"US1FLHB0033","BLOOMINGDALE 7.6 ESE, FL US","27.828269","-82.148655","32.0","2021-07-17","0.00"
"US1FLHB0033","BLOOMINGDALE 7.6 ESE, FL US","27.828269","-82.148655","32.0","2021-07-18","0.00"
"US1FLHB0033","BLOOMINGDALE 7.6 ESE, FL US","27.828269","-82.148655","32.0","2021-07-19","0.30"
"US1FLHB0033","BLOOMINGDALE 7.6 ESE, FL US","27.828269","-82.148655","32.0","2021-07-20","0.50"
"US1FLHB0033","BLOOMINGDALE 7.6 ESE, FL US","27.828269","-82.148655","32.0","2021-07-21","0.75"
"USC00086634","ORLANDO WEST, FL US","28.5082","-81.5467","45.7","2021-07-04","1.35"
"USC00086634","ORLANDO WEST, FL US","28.5082","-81.5467","45.7","2021-07-05","0.01"
"USC00086634","ORLANDO WEST, FL US","28.5082","-81.5467","45.7","2021-07-06","0.14"
"USC00086634","ORLANDO WEST, FL US","28.5082","-81.5467","45.7","2021-07-07","0.85"
"USC00086634","ORLANDO WEST, FL US","28.5082","-81.5467","45.7","2021-07-08","1.10"
"USC00086634","ORLANDO WEST, FL US","28.5082","-81.5467","45.7","2021-07-09","0.18"
"USC00086634","ORLANDO WEST, FL US","28.5082","-81.5467","45.7","2021-07-10","0.17"
"USC00086634","ORLANDO WEST, FL US","28.5082","-81.5467","45.7","2021-07-11","0.00"
"USC00086634","ORLANDO WEST, FL US","28.5082","-81.5467","45.7","2021-07-12","0.04"
"USC00086634","ORLANDO WEST, FL US","28.5082","-81.5467","45.7","2021-07-13","0.05"
"USC00086634","ORLANDO WEST, FL US","28.5082","-81.5467","45.7","2021-07-14","0.00"
"USC00086634","ORLANDO WEST, FL US","28.5082","-81.5467","45.7","2021-07-15","0.98"
"USC00086634","ORLANDO WEST, FL US","28.5082","-81.5467","45.7","2021-07-16","0.00"
"USC00086634","ORLANDO WEST, FL US","28.5082","-81.5467","45.7","2021-07-17","0.00"
"USC00086634","ORLANDO WEST, FL US","28.5082","-81.5467","45.7","2021-07-18","0.00"
"USC00086634","ORLANDO WEST, FL US","28.5082","-81.5467","45.7","2021-07-19","0.00"
"USC00086634","ORLANDO WEST, FL US","28.5082","-81.5467","45.7","2021-07-20","0.00"
"USC00086634","ORLANDO WEST, FL US","28.5082","-81.5467","45.7","2021-07-21","0.00"
"US1FLHB0037","LUTZ 2.0 E, FL US","28.135757","-82.430417","29.0","2021-07-04","0.91"
"US1FLHB0037","LUTZ 2.0 E, FL US","28.135757","-82.430417","29.0","2021-07-05","0.00"
"US1FLHB0037","LUTZ 2.0 E, FL US","28.135757","-82.430417","29.0","2021-07-06","0.07"
"US1FLHB0037","LUTZ 2.0 E, FL US","28.135757","-82.430417","29.0","2021-07-07","3.60"
"US1FLHB0037","LUTZ 2.0 E, FL US","28.135757","-82.430417","29.0","2021-07-08","0.15"
"US1FLHB0037","LUTZ 2.0 E, FL US","28.135757","-82.430417","29.0","2021-07-09","0.61"
"US1FLHB0037","LUTZ 2.0 E, FL US","28.135757","-82.430417","29.0","2021-07-10","0.00"
"US1FLHB0037","LUTZ 2.0 E, FL US","28.135757","-82.430417","29.0","2021-07-11","0.02"
"US1FLHB0037","LUTZ 2.0 E, FL US","28.135757","-82.430417","29.0","2021-07-12","0.00"
"US1FLHB0037","LUTZ 2.0 E, FL US","28.135757","-82.430417","29.0","2021-07-14","0.07"
"US1FLHB0037","LUTZ 2.0 E, FL US","28.135757","-82.430417","29.0","2021-07-15","1.28"
"US1FLHB0037","LUTZ 2.0 E, FL US","28.135757","-82.430417","29.0","2021-07-16","0.00"
"US1FLHB0037","LUTZ 2.0 E, FL US","28.135757","-82.430417","29.0","2021-07-17","0.00"
"US1FLHB0037","LUTZ 2.0 E, FL US","28.135757","-82.430417","29.0","2021-07-18","0.00"
"US1FLHB0037","LUTZ 2.0 E, FL US","28.135757","-82.430417","29.0","2021-07-19","0.31"
"US1FLHB0037","LUTZ 2.0 E, FL US","28.135757","-82.430417","29.0","2021-07-20","0.00"
"US1FLHB0037","LUTZ 2.0 E, FL US","28.135757","-82.430417","29.0","2021-07-21","0.00"
"US1FLHB0036","TAMPA 4.4 SSW, FL US","27.903452","-82.516038","11.9","2021-07-07","2.75"
"US1FLFR0002","APALACHICOLA 0.8 WNW, FL US","29.731","-85.007","5.5","2021-07-10",
"US1FLFR0002","APALACHICOLA 0.8 WNW, FL US","29.731","-85.007","5.5","2021-07-11","0.00"
"US1FLFR0002","APALACHICOLA 0.8 WNW, FL US","29.731","-85.007","5.5","2021-07-12","0.00"
"US1FLFR0002","APALACHICOLA 0.8 WNW, FL US","29.731","-85.007","5.5","2021-07-13","0.02"
"US1FLFR0002","APALACHICOLA 0.8 WNW, FL US","29.731","-85.007","5.5","2021-07-14","0.00"
"US1FLFR0002","APALACHICOLA 0.8 WNW, FL US","29.731","-85.007","5.5","2021-07-15","0.00"
"US1FLFR0002","APALACHICOLA 0.8 WNW, FL US","29.731","-85.007","5.5","2021-07-16","0.00"
"US1FLFR0002","APALACHICOLA 0.8 WNW, FL US","29.731","-85.007","5.5","2021-07-17","0.00"
"US1FLFR0002","APALACHICOLA 0.8 WNW, FL US","29.731","-85.007","5.5","2021-07-18","0.00"
"US1FLFR0002","APALACHICOLA 0.8 WNW, FL US","29.731","-85.007","5.5","2021-07-19","0.00"
"US1FLFR0002","APALACHICOLA 0.8 WNW, FL US","29.731","-85.007","5.5","2021-07-20","0.20"
"US1FLFR0002","APALACHICOLA 0.8 WNW, FL US","29.731","-85.007","5.5","2021-07-21","0.53"
"US1FLSW0001","LIVE OAK 0.4 NE, FL US","30.298514","-82.981809","32.9","2021-07-04","0.00"
"US1FLSW0001","LIVE OAK 0.4 NE, FL US","30.298514","-82.981809","32.9","2021-07-05","0.00"
"US1FLSW0001","LIVE OAK 0.4 NE, FL US","30.298514","-82.981809","32.9","2021-07-06","0.00"
"US1FLSW0001","LIVE OAK 0.4 NE, FL US","30.298514","-82.981809","32.9","2021-07-07","0.00"
"US1FLSW0001","LIVE OAK 0.4 NE, FL US","30.298514","-82.981809","32.9","2021-07-08","0.00"
"US1FLSW0001","LIVE OAK 0.4 NE, FL US","30.298514","-82.981809","32.9","2021-07-09","0.00"
"US1FLSW0001","LIVE OAK 0.4 NE, FL US","30.298514","-82.981809","32.9","2021-07-10","0.03"
"US1FLSW0001","LIVE OAK 0.4 NE, FL US","30.298514","-82.981809","32.9","2021-07-11","0.00"
"US1FLSW0001","LIVE OAK 0.4 NE, FL US","30.298514","-82.981809","32.9","2021-07-12","0.00"
"US1FLSW0001","LIVE OAK 0.4 NE, FL US","30.298514","-82.981809","32.9","2021-07-13","0.00"
"US1FLSW0001","LIVE OAK 0.4 NE, FL US","30.298514","-82.981809","32.9","2021-07-14","0.02"
"US1FLSW0001","LIVE OAK 0.4 NE, FL US","30.298514","-82.981809","32.9","2021-07-15","0.05"
"US1FLSW0001","LIVE OAK 0.4 NE, FL US","30.298514","-82.981809","32.9","2021-07-16","0.00"
"US1FLSW0001","LIVE OAK 0.4 NE, FL US","30.298514","-82.981809","32.9","2021-07-17","0.00"
"US1FLSW0001","LIVE OAK 0.4 NE, FL US","30.298514","-82.981809","32.9","2021-07-18","0.00"
"US1FLSW0001","LIVE OAK 0.4 NE, FL US","30.298514","-82.981809","32.9","2021-07-19","0.14"
"US1FLSW0001","LIVE OAK 0.4 NE, FL US","30.298514","-82.981809","32.9","2021-07-20","0.22"
"US1FLSW0001","LIVE OAK 0.4 NE, FL US","30.298514","-82.981809","32.9","2021-07-21","0.69"
"US1FLFR0003","EASTPOINT 1.4 NW, FL US","29.7627449035645","-84.8865966796875","1.8","2021-07-04","1.22"
"US1FLFR0003","EASTPOINT 1.4 NW, FL US","29.7627449035645","-84.8865966796875","1.8","2021-07-05","0.48"
"US1FLFR0003","EASTPOINT 1.4 NW, FL US","29.7627449035645","-84.8865966796875","1.8","2021-07-06","0.01"
"US1FLFR0003","EASTPOINT 1.4 NW, FL US","29.7627449035645","-84.8865966796875","1.8","2021-07-07","0.44"
"US1FLFR0003","EASTPOINT 1.4 NW, FL US","29.7627449035645","-84.8865966796875","1.8","2021-07-08","0.01"
"US1FLFR0003","EASTPOINT 1.4 NW, FL US","29.7627449035645","-84.8865966796875","1.8","2021-07-09","0.00"
"US1FLFR0003","EASTPOINT 1.4 NW, FL US","29.7627449035645","-84.8865966796875","1.8","2021-07-10","1.30"
"US1FLFR0003","EASTPOINT 1.4 NW, FL US","29.7627449035645","-84.8865966796875","1.8","2021-07-11","0.00"
"US1FLFR0003","EASTPOINT 1.4 NW, FL US","29.7627449035645","-84.8865966796875","1.8","2021-07-12","0.00"
"US1FLFR0003","EASTPOINT 1.4 NW, FL US","29.7627449035645","-84.8865966796875","1.8","2021-07-13","0.09"
"US1FLFR0003","EASTPOINT 1.4 NW, FL US","29.7627449035645","-84.8865966796875","1.8","2021-07-14","0.00"
"US1FLFR0003","EASTPOINT 1.4 NW, FL US","29.7627449035645","-84.8865966796875","1.8","2021-07-15","0.00"
"US1FLFR0003","EASTPOINT 1.4 NW, FL US","29.7627449035645","-84.8865966796875","1.8","2021-07-16","0.00"
"US1FLFR0003","EASTPOINT 1.4 NW, FL US","29.7627449035645","-84.8865966796875","1.8","2021-07-17","0.00"
"US1FLFR0003","EASTPOINT 1.4 NW, FL US","29.7627449035645","-84.8865966796875","1.8","2021-07-18","0.00"
"US1FLFR0003","EASTPOINT 1.4 NW, FL US","29.7627449035645","-84.8865966796875","1.8","2021-07-19","0.05"
"US1FLFR0003","EASTPOINT 1.4 NW, FL US","29.7627449035645","-84.8865966796875","1.8","2021-07-20","1.28"
"US1FLFR0003","EASTPOINT 1.4 NW, FL US","29.7627449035645","-84.8865966796875","1.8","2021-07-21","0.00"
"US1FLFR0008","EASTPOINT 5.8 SSE, FL US","29.670924","-84.841815","3.0","2021-07-04","0.00"
"US1FLFR0008","EASTPOINT 5.8 SSE, FL US","29.670924","-84.841815","3.0","2021-07-05","0.00"
"US1FLFR0008","EASTPOINT 5.8 SSE, FL US","29.670924","-84.841815","3.0","2021-07-06","0.86"
"US1FLFR0008","EASTPOINT 5.8 SSE, FL US","29.670924","-84.841815","3.0","2021-07-07","0.00"
"US1FLFR0008","EASTPOINT 5.8 SSE, FL US","29.670924","-84.841815","3.0","2021-07-08","0.00"
"US1FLFR0008","EASTPOINT 5.8 SSE, FL US","29.670924","-84.841815","3.0","2021-07-09","0.00"
"US1FLFR0008","EASTPOINT 5.8 SSE, FL US","29.670924","-84.841815","3.0","2021-07-10","0.00"
"US1FLFR0008","EASTPOINT 5.8 SSE, FL US","29.670924","-84.841815","3.0","2021-07-11","0.00"
"US1FLFR0008","EASTPOINT 5.8 SSE, FL US","29.670924","-84.841815","3.0","2021-07-12","0.00"
"US1FLFR0008","EASTPOINT 5.8 SSE, FL US","29.670924","-84.841815","3.0","2021-07-13","0.00"
"US1FLFR0008","EASTPOINT 5.8 SSE, FL US","29.670924","-84.841815","3.0","2021-07-14","0.00"
"US1FLFR0008","EASTPOINT 5.8 SSE, FL US","29.670924","-84.841815","3.0","2021-07-15","0.00"
"US1FLFR0008","EASTPOINT 5.8 SSE, FL US","29.670924","-84.841815","3.0","2021-07-16","0.00"
"US1FLFR0008","EASTPOINT 5.8 SSE, FL US","29.670924","-84.841815","3.0","2021-07-17","0.00"
"US1FLFR0008","EASTPOINT 5.8 SSE, FL US","29.670924","-84.841815","3.0","2021-07-18","0.00"
"US1FLFR0008","EASTPOINT 5.8 SSE, FL US","29.670924","-84.841815","3.0","2021-07-19","0.00"
"US1FLFR0008","EASTPOINT 5.8 SSE, FL US","29.670924","-84.841815","3.0","2021-07-20","0.89"
"US1FLFR0008","EASTPOINT 5.8 SSE, FL US","29.670924","-84.841815","3.0","2021-07-21","0.00"
"US1FLHB0005","CITRUS PARK 1.3 ENE, FL US","28.08232","-82.549328","15.5","2021-07-04","1.44"
"US1FLHB0005","CITRUS PARK 1.3 ENE, FL US","28.08232","-82.549328","15.5","2021-07-05","0.00"
"US1FLHB0005","CITRUS PARK 1.3 ENE, FL US","28.08232","-82.549328","15.5","2021-07-06","0.31"
"US1FLHB0005","CITRUS PARK 1.3 ENE, FL US","28.08232","-82.549328","15.5","2021-07-07","3.32"
"US1FLHB0005","CITRUS PARK 1.3 ENE, FL US","28.08232","-82.549328","15.5","2021-07-08","1.55"
"US1FLHB0005","CITRUS PARK 1.3 ENE, FL US","28.08232","-82.549328","15.5","2021-07-09","0.49"
"US1FLHB0005","CITRUS PARK 1.3 ENE, FL US","28.08232","-82.549328","15.5","2021-07-10","0.00"
"US1FLHB0005","CITRUS PARK 1.3 ENE, FL US","28.08232","-82.549328","15.5","2021-07-11","1.05"
"US1FLHB0005","CITRUS PARK 1.3 ENE, FL US","28.08232","-82.549328","15.5","2021-07-12","0.01"
"US1FLHB0005","CITRUS PARK 1.3 ENE, FL US","28.08232","-82.549328","15.5","2021-07-13","1.96"
"US1FLHB0005","CITRUS PARK 1.3 ENE, FL US","28.08232","-82.549328","15.5","2021-07-14","1.38"
"US1FLHB0005","CITRUS PARK 1.3 ENE, FL US","28.08232","-82.549328","15.5","2021-07-15","0.62"
"US1FLHB0005","CITRUS PARK 1.3 ENE, FL US","28.08232","-82.549328","15.5","2021-07-16","0.00"
"US1FLHB0005","CITRUS PARK 1.3 ENE, FL US","28.08232","-82.549328","15.5","2021-07-17","0.00"
"US1FLHB0005","CITRUS PARK 1.3 ENE, FL US","28.08232","-82.549328","15.5","2021-07-18","0.00"
"US1FLHB0005","CITRUS PARK 1.3 ENE, FL US","28.08232","-82.549328","15.5","2021-07-19","0.00"
"US1FLHB0005","CITRUS PARK 1.3 ENE, FL US","28.08232","-82.549328","15.5","2021-07-20","0.01"
"US1FLHB0005","CITRUS PARK 1.3 ENE, FL US","28.08232","-82.549328","15.5","2021-07-21","0.00"
"US1FLMT0031","PALM CITY 1.4 NW, FL US","27.175463","-80.284975","3.7","2021-07-04","0.06"
"US1FLMT0031","PALM CITY 1.4 NW, FL US","27.175463","-80.284975","3.7","2021-07-05","0.90"
"US1FLMT0031","PALM CITY 1.4 NW, FL US","27.175463","-80.284975","3.7","2021-07-06","0.90"
"US1FLMT0031","PALM CITY 1.4 NW, FL US","27.175463","-80.284975","3.7","2021-07-07","0.33"
"US1FLMT0031","PALM CITY 1.4 NW, FL US","27.175463","-80.284975","3.7","2021-07-08","0.00"
"US1FLMT0031","PALM CITY 1.4 NW, FL US","27.175463","-80.284975","3.7","2021-07-09","0.00"
"US1FLMT0031","PALM CITY 1.4 NW, FL US","27.175463","-80.284975","3.7","2021-07-10","0.32"
"US1FLMT0031","PALM CITY 1.4 NW, FL US","27.175463","-80.284975","3.7","2021-07-11","0.02"
"US1FLMT0031","PALM CITY 1.4 NW, FL US","27.175463","-80.284975","3.7","2021-07-12","0.32"
"US1FLMT0031","PALM CITY 1.4 NW, FL US","27.175463","-80.284975","3.7","2021-07-13","0.07"
"US1FLMT0031","PALM CITY 1.4 NW, FL US","27.175463","-80.284975","3.7","2021-07-14","0.40"
"US1FLMT0031","PALM CITY 1.4 NW, FL US","27.175463","-80.284975","3.7","2021-07-15","0.03"
"US1FLMT0031","PALM CITY 1.4 NW, FL US","27.175463","-80.284975","3.7","2021-07-16","0.03"
"US1FLMT0031","PALM CITY 1.4 NW, FL US","27.175463","-80.284975","3.7","2021-07-17","0.00"
"US1FLMT0031","PALM CITY 1.4 NW, FL US","27.175463","-80.284975","3.7","2021-07-18","0.25"
"US1FLMT0031","PALM CITY 1.4 NW, FL US","27.175463","-80.284975","3.7","2021-07-19","0.00"
"US1FLMT0031","PALM CITY 1.4 NW, FL US","27.175463","-80.284975","3.7","2021-07-20","0.64"
"US1FLMT0031","PALM CITY 1.4 NW, FL US","27.175463","-80.284975","3.7","2021-07-21","0.00"
"USC00083153","FORT GREEN 12 WSW, FL US","27.57264","-82.1393","34.1","2021-07-04","0.00"
"USC00083153","FORT GREEN 12 WSW, FL US","27.57264","-82.1393","34.1","2021-07-05","0.00"
"USC00083153","FORT GREEN 12 WSW, FL US","27.57264","-82.1393","34.1","2021-07-06","0.00"
"USC00083153","FORT GREEN 12 WSW, FL US","27.57264","-82.1393","34.1","2021-07-07","0.00"
"USC00083153","FORT GREEN 12 WSW, FL US","27.57264","-82.1393","34.1","2021-07-08","0.00"
"USC00083153","FORT GREEN 12 WSW, FL US","27.57264","-82.1393","34.1","2021-07-09","0.00"
"USC00083153","FORT GREEN 12 WSW, FL US","27.57264","-82.1393","34.1","2021-07-10","9.19"
"USC00083153","FORT GREEN 12 WSW, FL US","27.57264","-82.1393","34.1","2021-07-11","1.00"
"USC00083153","FORT GREEN 12 WSW, FL US","27.57264","-82.1393","34.1","2021-07-12","0.00"
"USC00083153","FORT GREEN 12 WSW, FL US","27.57264","-82.1393","34.1","2021-07-13","0.00"
"USC00083153","FORT GREEN 12 WSW, FL US","27.57264","-82.1393","34.1","2021-07-14","0.00"
"USC00083153","FORT GREEN 12 WSW, FL US","27.57264","-82.1393","34.1","2021-07-15","0.00"
"USC00083153","FORT GREEN 12 WSW, FL US","27.57264","-82.1393","34.1","2021-07-16","0.00"
"USC00083153","FORT GREEN 12 WSW, FL US","27.57264","-82.1393","34.1","2021-07-17","0.02"
"USC00083153","FORT GREEN 12 WSW, FL US","27.57264","-82.1393","34.1","2021-07-18","0.10"
"USC00083153","FORT GREEN 12 WSW, FL US","27.57264","-82.1393","34.1","2021-07-19","0.45"
"USC00083153","FORT GREEN 12 WSW, FL US","27.57264","-82.1393","34.1","2021-07-20","0.00"
"USC00083153","FORT GREEN 12 WSW, FL US","27.57264","-82.1393","34.1","2021-07-21","0.00"
"US1FLHB0001","PLANT CITY 6.5 NW, FL US","28.066173","-82.209836","39.3","2021-07-04","1.74"
"US1FLHB0001","PLANT CITY 6.5 NW, FL US","28.066173","-82.209836","39.3","2021-07-05","0.00"
"US1FLHB0001","PLANT CITY 6.5 NW, FL US","28.066173","-82.209836","39.3","2021-07-06","0.19"
"US1FLHB0001","PLANT CITY 6.5 NW, FL US","28.066173","-82.209836","39.3","2021-07-07","3.30"
"US1FLHB0001","PLANT CITY 6.5 NW, FL US","28.066173","-82.209836","39.3","2021-07-08","0.32"
"US1FLHB0001","PLANT CITY 6.5 NW, FL US","28.066173","-82.209836","39.3","2021-07-09","0.04"
"US1FLHB0001","PLANT CITY 6.5 NW, FL US","28.066173","-82.209836","39.3","2021-07-10","0.00"
"US1FLHB0001","PLANT CITY 6.5 NW, FL US","28.066173","-82.209836","39.3","2021-07-11","0.16"
"US1FLHB0001","PLANT CITY 6.5 NW, FL US","28.066173","-82.209836","39.3","2021-07-12","0.04"
"US1FLHB0001","PLANT CITY 6.5 NW, FL US","28.066173","-82.209836","39.3","2021-07-13","0.07"
"US1FLHB0001","PLANT CITY 6.5 NW, FL US","28.066173","-82.209836","39.3","2021-07-14","0.12"
"US1FLHB0001","PLANT CITY 6.5 NW, FL US","28.066173","-82.209836","39.3","2021-07-15","0.42"
"US1FLHB0001","PLANT CITY 6.5 NW, FL US","28.066173","-82.209836","39.3","2021-07-16","0.00"
"US1FLHB0001","PLANT CITY 6.5 NW, FL US","28.066173","-82.209836","39.3","2021-07-17","0.00"
"US1FLHB0001","PLANT CITY 6.5 NW, FL US","28.066173","-82.209836","39.3","2021-07-18","0.00"
"US1FLHB0001","PLANT CITY 6.5 NW, FL US","28.066173","-82.209836","39.3","2021-07-19","0.00"
"US1FLHB0001","PLANT CITY 6.5 NW, FL US","28.066173","-82.209836","39.3","2021-07-20","0.54"
"US1FLHB0001","PLANT CITY 6.5 NW, FL US","28.066173","-82.209836","39.3","2021-07-21","0.00"
"US1FLHB0004","VALRICO 2.2 SE, FL US","27.9125","-82.2261","32.9","2021-07-04","2.23"
"US1FLHB0004","VALRICO 2.2 SE, FL US","27.9125","-82.2261","32.9","2021-07-05","0.00"
"US1FLHB0004","VALRICO 2.2 SE, FL US","27.9125","-82.2261","32.9","2021-07-06","0.69"
"US1FLHB0004","VALRICO 2.2 SE, FL US","27.9125","-82.2261","32.9","2021-07-07","3.30"
"US1FLHB0004","VALRICO 2.2 SE, FL US","27.9125","-82.2261","32.9","2021-07-08","0.27"
"US1FLHB0004","VALRICO 2.2 SE, FL US","27.9125","-82.2261","32.9","2021-07-09","0.07"
"US1FLHB0004","VALRICO 2.2 SE, FL US","27.9125","-82.2261","32.9","2021-07-10","0.00"
"US1FLHB0004","VALRICO 2.2 SE, FL US","27.9125","-82.2261","32.9","2021-07-11","0.00"
"US1FLHB0004","VALRICO 2.2 SE, FL US","27.9125","-82.2261","32.9","2021-07-12","0.02"
"US1FLHB0004","VALRICO 2.2 SE, FL US","27.9125","-82.2261","32.9","2021-07-13","0.13"
"US1FLHB0004","VALRICO 2.2 SE, FL US","27.9125","-82.2261","32.9","2021-07-14","0.00"
"US1FLHB0004","VALRICO 2.2 SE, FL US","27.9125","-82.2261","32.9","2021-07-15","0.80"
"US1FLHB0004","VALRICO 2.2 SE, FL US","27.9125","-82.2261","32.9","2021-07-16","0.00"
"US1FLHB0004","VALRICO 2.2 SE, FL US","27.9125","-82.2261","32.9","2021-07-17","0.00"
"US1FLHB0004","VALRICO 2.2 SE, FL US","27.9125","-82.2261","32.9","2021-07-18","0.00"
"US1FLHB0004","VALRICO 2.2 SE, FL US","27.9125","-82.2261","32.9","2021-07-19","0.10"
"US1FLHB0004","VALRICO 2.2 SE, FL US","27.9125","-82.2261","32.9","2021-07-20","0.27"
"US1FLHB0004","VALRICO 2.2 SE, FL US","27.9125","-82.2261","32.9","2021-07-21","0.00"
"US1FLLE0006","BUCKINGHAM 1.7 SE, FL US","26.658553","-81.713763","13.1","2021-07-04","0.00"
"US1FLLE0006","BUCKINGHAM 1.7 SE, FL US","26.658553","-81.713763","13.1","2021-07-05","0.00"
"US1FLLE0006","BUCKINGHAM 1.7 SE, FL US","26.658553","-81.713763","13.1","2021-07-06","0.00"
"US1FLLE0006","BUCKINGHAM 1.7 SE, FL US","26.658553","-81.713763","13.1","2021-07-07","2.91"
"US1FLLE0006","BUCKINGHAM 1.7 SE, FL US","26.658553","-81.713763","13.1","2021-07-08","0.34"
"US1FLLE0006","BUCKINGHAM 1.7 SE, FL US","26.658553","-81.713763","13.1","2021-07-09","0.02"
"US1FLLE0006","BUCKINGHAM 1.7 SE, FL US","26.658553","-81.713763","13.1","2021-07-10","0.02"
"US1FLLE0006","BUCKINGHAM 1.7 SE, FL US","26.658553","-81.713763","13.1","2021-07-11","0.51"
"US1FLLE0006","BUCKINGHAM 1.7 SE, FL US","26.658553","-81.713763","13.1","2021-07-12","0.15"
"US1FLLE0006","BUCKINGHAM 1.7 SE, FL US","26.658553","-81.713763","13.1","2021-07-13","0.02"
"US1FLLE0006","BUCKINGHAM 1.7 SE, FL US","26.658553","-81.713763","13.1","2021-07-14","1.50"
"US1FLLE0006","BUCKINGHAM 1.7 SE, FL US","26.658553","-81.713763","13.1","2021-07-15","0.43"
"US1FLLE0006","BUCKINGHAM 1.7 SE, FL US","26.658553","-81.713763","13.1","2021-07-16","0.09"
"US1FLLE0006","BUCKINGHAM 1.7 SE, FL US","26.658553","-81.713763","13.1","2021-07-17","0.00"
"US1FLLE0006","BUCKINGHAM 1.7 SE, FL US","26.658553","-81.713763","13.1","2021-07-18","0.48"
"US1FLLE0006","BUCKINGHAM 1.7 SE, FL US","26.658553","-81.713763","13.1","2021-07-19","0.00"
"US1FLLE0006","BUCKINGHAM 1.7 SE, FL US","26.658553","-81.713763","13.1","2021-07-20","0.22"
"US1FLLE0006","BUCKINGHAM 1.7 SE, FL US","26.658553","-81.713763","13.1","2021-07-21","0.02"
"US1FLBY0021","PANAMA CITY BEACH 5.4 SE, FL US","30.162756","-85.780702","4.0","2021-07-04","1.85"
"US1FLBY0021","PANAMA CITY BEACH 5.4 SE, FL US","30.162756","-85.780702","4.0","2021-07-05","0.46"
"US1FLBY0021","PANAMA CITY BEACH 5.4 SE, FL US","30.162756","-85.780702","4.0","2021-07-06","0.35"
"US1FLBY0021","PANAMA CITY BEACH 5.4 SE, FL US","30.162756","-85.780702","4.0","2021-07-07","0.42"
"US1FLBY0021","PANAMA CITY BEACH 5.4 SE, FL US","30.162756","-85.780702","4.0","2021-07-08","0.12"
"US1FLBY0021","PANAMA CITY BEACH 5.4 SE, FL US","30.162756","-85.780702","4.0","2021-07-09","0.01"
"US1FLBY0021","PANAMA CITY BEACH 5.4 SE, FL US","30.162756","-85.780702","4.0","2021-07-10","0.01"
"US1FLBY0021","PANAMA CITY BEACH 5.4 SE, FL US","30.162756","-85.780702","4.0","2021-07-11","0.04"
"US1FLBY0021","PANAMA CITY BEACH 5.4 SE, FL US","30.162756","-85.780702","4.0","2021-07-12","0.05"
"US1FLBY0021","PANAMA CITY BEACH 5.4 SE, FL US","30.162756","-85.780702","4.0","2021-07-13","0.36"
"US1FLBY0021","PANAMA CITY BEACH 5.4 SE, FL US","30.162756","-85.780702","4.0","2021-07-14","0.00"
"US1FLBY0021","PANAMA CITY BEACH 5.4 SE, FL US","30.162756","-85.780702","4.0","2021-07-15","0.00"
"US1FLBY0021","PANAMA CITY BEACH 5.4 SE, FL US","30.162756","-85.780702","4.0","2021-07-16","0.29"
"US1FLBY0021","PANAMA CITY BEACH 5.4 SE, FL US","30.162756","-85.780702","4.0","2021-07-17","0.00"
"US1FLBY0021","PANAMA CITY BEACH 5.4 SE, FL US","30.162756","-85.780702","4.0","2021-07-18","0.00"
"US1FLBY0021","PANAMA CITY BEACH 5.4 SE, FL US","30.162756","-85.780702","4.0","2021-07-19","0.00"
"US1FLBY0021","PANAMA CITY BEACH 5.4 SE, FL US","30.162756","-85.780702","4.0","2021-07-20","0.59"
"US1FLBY0021","PANAMA CITY BEACH 5.4 SE, FL US","30.162756","-85.780702","4.0","2021-07-21","0.62"
"US1FLBY0022","PANAMA CITY BEACH 4.4 ESE, FL US","30.1807529","-85.7869488","5.8","2021-07-04","3.36"
"US1FLBY0022","PANAMA CITY BEACH 4.4 ESE, FL US","30.1807529","-85.7869488","5.8","2021-07-05","0.40"
"US1FLBY0022","PANAMA CITY BEACH 4.4 ESE, FL US","30.1807529","-85.7869488","5.8","2021-07-06","0.44"
"US1FLBY0022","PANAMA CITY BEACH 4.4 ESE, FL US","30.1807529","-85.7869488","5.8","2021-07-07","0.47"
"US1FLBY0022","PANAMA CITY BEACH 4.4 ESE, FL US","30.1807529","-85.7869488","5.8","2021-07-08","0.14"
"US1FLBY0022","PANAMA CITY BEACH 4.4 ESE, FL US","30.1807529","-85.7869488","5.8","2021-07-09","0.00"
"US1FLBY0022","PANAMA CITY BEACH 4.4 ESE, FL US","30.1807529","-85.7869488","5.8","2021-07-10","0.00"
"US1FLBY0022","PANAMA CITY BEACH 4.4 ESE, FL US","30.1807529","-85.7869488","5.8","2021-07-11","0.04"
"US1FLBY0022","PANAMA CITY BEACH 4.4 ESE, FL US","30.1807529","-85.7869488","5.8","2021-07-12","0.05"
"US1FLBY0022","PANAMA CITY BEACH 4.4 ESE, FL US","30.1807529","-85.7869488","5.8","2021-07-13","0.34"
"US1FLBY0022","PANAMA CITY BEACH 4.4 ESE, FL US","30.1807529","-85.7869488","5.8","2021-07-14","0.00"
"US1FLBY0022","PANAMA CITY BEACH 4.4 ESE, FL US","30.1807529","-85.7869488","5.8","2021-07-15","0.00"
"US1FLBY0022","PANAMA CITY BEACH 4.4 ESE, FL US","30.1807529","-85.7869488","5.8","2021-07-16","0.13"
"US1FLBY0022","PANAMA CITY BEACH 4.4 ESE, FL US","30.1807529","-85.7869488","5.8","2021-07-17","0.00"
"US1FLBY0022","PANAMA CITY BEACH 4.4 ESE, FL US","30.1807529","-85.7869488","5.8","2021-07-18","0.00"
"US1FLBY0022","PANAMA CITY BEACH 4.4 ESE, FL US","30.1807529","-85.7869488","5.8","2021-07-19","0.00"
"US1FLBY0022","PANAMA CITY BEACH 4.4 ESE, FL US","30.1807529","-85.7869488","5.8","2021-07-20","0.57"
"US1FLBY0022","PANAMA CITY BEACH 4.4 ESE, FL US","30.1807529","-85.7869488","5.8","2021-07-21","0.69"
"US1FLBY0023","LYNN HAVEN 1.0 W, FL US","30.2404","-85.6674","2.1","2021-07-04","0.27"
"US1FLBY0023","LYNN HAVEN 1.0 W, FL US","30.2404","-85.6674","2.1","2021-07-05","0.53"
"US1FLBY0023","LYNN HAVEN 1.0 W, FL US","30.2404","-85.6674","2.1","2021-07-06","1.06"
"US1FLBY0023","LYNN HAVEN 1.0 W, FL US","30.2404","-85.6674","2.1","2021-07-07","1.56"
"US1FLBY0023","LYNN HAVEN 1.0 W, FL US","30.2404","-85.6674","2.1","2021-07-08","0.00"
"US1FLBY0023","LYNN HAVEN 1.0 W, FL US","30.2404","-85.6674","2.1","2021-07-09","0.00"
"US1FLBY0023","LYNN HAVEN 1.0 W, FL US","30.2404","-85.6674","2.1","2021-07-10","0.12"
"US1FLBY0023","LYNN HAVEN 1.0 W, FL US","30.2404","-85.6674","2.1","2021-07-11","0.00"
"US1FLBY0023","LYNN HAVEN 1.0 W, FL US","30.2404","-85.6674","2.1","2021-07-12","0.00"
"US1FLBY0023","LYNN HAVEN 1.0 W, FL US","30.2404","-85.6674","2.1","2021-07-13","0.02"
"US1FLBY0023","LYNN HAVEN 1.0 W, FL US","30.2404","-85.6674","2.1","2021-07-14","0.10"
"US1FLBY0023","LYNN HAVEN 1.0 W, FL US","30.2404","-85.6674","2.1","2021-07-15","0.08"
"US1FLBY0023","LYNN HAVEN 1.0 W, FL US","30.2404","-85.6674","2.1","2021-07-16","0.11"
"US1FLBY0023","LYNN HAVEN 1.0 W, FL US","30.2404","-85.6674","2.1","2021-07-17","0.00"
"US1FLBY0023","LYNN HAVEN 1.0 W, FL US","30.2404","-85.6674","2.1","2021-07-18","0.00"
"US1FLBY0023","LYNN HAVEN 1.0 W, FL US","30.2404","-85.6674","2.1","2021-07-19","0.18"
"US1FLBY0023","LYNN HAVEN 1.0 W, FL US","30.2404","-85.6674","2.1","2021-07-20","0.36"
"US1FLBY0023","LYNN HAVEN 1.0 W, FL US","30.2404","-85.6674","2.1","2021-07-21","0.19"
"US1FLBY0024","PANAMA CITY 1.9 SE, FL US","30.15108","-85.65493","8.2","2021-07-04","2.28"
"US1FLBY0024","PANAMA CITY 1.9 SE, FL US","30.15108","-85.65493","8.2","2021-07-05","0.01"
"US1FLBY0024","PANAMA CITY 1.9 SE, FL US","30.15108","-85.65493","8.2","2021-07-06","0.40"
"US1FLBY0024","PANAMA CITY 1.9 SE, FL US","30.15108","-85.65493","8.2","2021-07-07","0.64"
"US1FLBY0024","PANAMA CITY 1.9 SE, FL US","30.15108","-85.65493","8.2","2021-07-08","0.01"
"US1FLBY0024","PANAMA CITY 1.9 SE, FL US","30.15108","-85.65493","8.2","2021-07-09","0.00"
"US1FLBY0024","PANAMA CITY 1.9 SE, FL US","30.15108","-85.65493","8.2","2021-07-10","0.25"
"US1FLBY0024","PANAMA CITY 1.9 SE, FL US","30.15108","-85.65493","8.2","2021-07-11","0.00"
"US1FLBY0024","PANAMA CITY 1.9 SE, FL US","30.15108","-85.65493","8.2","2021-07-12","0.03"
"US1FLBY0024","PANAMA CITY 1.9 SE, FL US","30.15108","-85.65493","8.2","2021-07-13","0.01"
"US1FLBY0024","PANAMA CITY 1.9 SE, FL US","30.15108","-85.65493","8.2","2021-07-14","0.00"
"US1FLBY0024","PANAMA CITY 1.9 SE, FL US","30.15108","-85.65493","8.2","2021-07-15","0.00"
"US1FLBY0024","PANAMA CITY 1.9 SE, FL US","30.15108","-85.65493","8.2","2021-07-16","1.30"
"US1FLBY0024","PANAMA CITY 1.9 SE, FL US","30.15108","-85.65493","8.2","2021-07-17","0.00"
"US1FLBY0024","PANAMA CITY 1.9 SE, FL US","30.15108","-85.65493","8.2","2021-07-18","0.00"
"US1FLBY0024","PANAMA CITY 1.9 SE, FL US","30.15108","-85.65493","8.2","2021-07-19","0.00"
"US1FLBY0024","PANAMA CITY 1.9 SE, FL US","30.15108","-85.65493","8.2","2021-07-20","1.63"
"US1FLBY0024","PANAMA CITY 1.9 SE, FL US","30.15108","-85.65493","8.2","2021-07-21","1.17"
"US1FLBY0025","PANAMA CITY BEACH 0.8 SE, FL US","30.201578","-85.843619","11.3","2021-07-04","2.54"
"US1FLBY0025","PANAMA CITY BEACH 0.8 SE, FL US","30.201578","-85.843619","11.3","2021-07-05","0.42"
"US1FLBY0025","PANAMA CITY BEACH 0.8 SE, FL US","30.201578","-85.843619","11.3","2021-07-06","0.16"
"US1FLBY0025","PANAMA CITY BEACH 0.8 SE, FL US","30.201578","-85.843619","11.3","2021-07-07","0.72"
"US1FLBY0025","PANAMA CITY BEACH 0.8 SE, FL US","30.201578","-85.843619","11.3","2021-07-08","0.14"
"US1FLBY0025","PANAMA CITY BEACH 0.8 SE, FL US","30.201578","-85.843619","11.3","2021-07-09","0.01"
"US1FLBY0025","PANAMA CITY BEACH 0.8 SE, FL US","30.201578","-85.843619","11.3","2021-07-10","0.00"
"US1FLBY0025","PANAMA CITY BEACH 0.8 SE, FL US","30.201578","-85.843619","11.3","2021-07-11","0.08"
"US1FLBY0025","PANAMA CITY BEACH 0.8 SE, FL US","30.201578","-85.843619","11.3","2021-07-12","0.34"
"US1FLBY0025","PANAMA CITY BEACH 0.8 SE, FL US","30.201578","-85.843619","11.3","2021-07-13","0.09"
"US1FLBY0025","PANAMA CITY BEACH 0.8 SE, FL US","30.201578","-85.843619","11.3","2021-07-14","0.00"
"US1FLBY0025","PANAMA CITY BEACH 0.8 SE, FL US","30.201578","-85.843619","11.3","2021-07-15","0.34"
"US1FLBY0025","PANAMA CITY BEACH 0.8 SE, FL US","30.201578","-85.843619","11.3","2021-07-16","0.19"
"US1FLBY0025","PANAMA CITY BEACH 0.8 SE, FL US","30.201578","-85.843619","11.3","2021-07-17","0.00"
"US1FLBY0025","PANAMA CITY BEACH 0.8 SE, FL US","30.201578","-85.843619","11.3","2021-07-18","0.00"
"US1FLBY0025","PANAMA CITY BEACH 0.8 SE, FL US","30.201578","-85.843619","11.3","2021-07-19","0.00"
"US1FLBY0025","PANAMA CITY BEACH 0.8 SE, FL US","30.201578","-85.843619","11.3","2021-07-20","0.74"
"US1FLBY0025","PANAMA CITY BEACH 0.8 SE, FL US","30.201578","-85.843619","11.3","2021-07-21","1.35"
"US1FLBY0026","PARKER 0.6 NNE, FL US","30.135307","-85.595186","7.0","2021-07-04","1.34"
"US1FLBY0026","PARKER 0.6 NNE, FL US","30.135307","-85.595186","7.0","2021-07-11","0.00"
"US1FLBY0026","PARKER 0.6 NNE, FL US","30.135307","-85.595186","7.0","2021-07-12","0.12"
"US1FLBY0026","PARKER 0.6 NNE, FL US","30.135307","-85.595186","7.0","2021-07-13","0.00"
"US1FLBY0026","PARKER 0.6 NNE, FL US","30.135307","-85.595186","7.0","2021-07-14","0.00"
"US1FLBY0026","PARKER 0.6 NNE, FL US","30.135307","-85.595186","7.0","2021-07-15","1.01"
"US1FLBY0026","PARKER 0.6 NNE, FL US","30.135307","-85.595186","7.0","2021-07-16","0.25"
"US1FLBY0026","PARKER 0.6 NNE, FL US","30.135307","-85.595186","7.0","2021-07-17","0.00"
"US1FLBY0026","PARKER 0.6 NNE, FL US","30.135307","-85.595186","7.0","2021-07-18","0.00"
"US1FLBY0026","PARKER 0.6 NNE, FL US","30.135307","-85.595186","7.0","2021-07-19","0.00"
"US1FLBY0027","YOUNGSTOWN 6.7 WNW, FL US","30.411904","-85.537576","26.8","2021-07-04","1.28"
"US1FLBY0027","YOUNGSTOWN 6.7 WNW, FL US","30.411904","-85.537576","26.8","2021-07-05","0.44"
"US1FLBY0027","YOUNGSTOWN 6.7 WNW, FL US","30.411904","-85.537576","26.8","2021-07-06","0.66"
"US1FLBY0027","YOUNGSTOWN 6.7 WNW, FL US","30.411904","-85.537576","26.8","2021-07-07","0.77"
"US1FLBY0027","YOUNGSTOWN 6.7 WNW, FL US","30.411904","-85.537576","26.8","2021-07-08","0.02"
"US1FLBY0027","YOUNGSTOWN 6.7 WNW, FL US","30.411904","-85.537576","26.8","2021-07-09","0.01"
"US1FLBY0027","YOUNGSTOWN 6.7 WNW, FL US","30.411904","-85.537576","26.8","2021-07-10","0.37"
"US1FLBY0027","YOUNGSTOWN 6.7 WNW, FL US","30.411904","-85.537576","26.8","2021-07-11","0.09"
"US1FLBY0027","YOUNGSTOWN 6.7 WNW, FL US","30.411904","-85.537576","26.8","2021-07-12","0.19"
"US1FLBY0027","YOUNGSTOWN 6.7 WNW, FL US","30.411904","-85.537576","26.8","2021-07-13","0.35"
"US1FLBY0027","YOUNGSTOWN 6.7 WNW, FL US","30.411904","-85.537576","26.8","2021-07-14","0.03"
"US1FLBY0027","YOUNGSTOWN 6.7 WNW, FL US","30.411904","-85.537576","26.8","2021-07-15","0.00"
"US1FLBY0027","YOUNGSTOWN 6.7 WNW, FL US","30.411904","-85.537576","26.8","2021-07-16","0.13"
"US1FLBY0027","YOUNGSTOWN 6.7 WNW, FL US","30.411904","-85.537576","26.8","2021-07-17","0.73"
"US1FLBY0027","YOUNGSTOWN 6.7 WNW, FL US","30.411904","-85.537576","26.8","2021-07-18","0.00"
"US1FLBY0027","YOUNGSTOWN 6.7 WNW, FL US","30.411904","-85.537576","26.8","2021-07-19","0.01"
"US1FLBY0027","YOUNGSTOWN 6.7 WNW, FL US","30.411904","-85.537576","26.8","2021-07-20","0.07"
"US1FLBY0027","YOUNGSTOWN 6.7 WNW, FL US","30.411904","-85.537576","26.8","2021-07-21","0.38"
"US1FLVL0103","ORANGE CITY 1.4 ENE, FL US","28.9459","-81.2732","20.1","2021-07-04","0.05"
"US1FLVL0103","ORANGE CITY 1.4 ENE, FL US","28.9459","-81.2732","20.1","2021-07-05","0.22"
"US1FLVL0103","ORANGE CITY 1.4 ENE, FL US","28.9459","-81.2732","20.1","2021-07-06","0.41"
"US1FLVL0103","ORANGE CITY 1.4 ENE, FL US","28.9459","-81.2732","20.1","2021-07-07","0.95"
"US1FLVL0103","ORANGE CITY 1.4 ENE, FL US","28.9459","-81.2732","20.1","2021-07-08","0.45"
"US1FLVL0103","ORANGE CITY 1.4 ENE, FL US","28.9459","-81.2732","20.1","2021-07-09","1.01"
"US1FLVL0103","ORANGE CITY 1.4 ENE, FL US","28.9459","-81.2732","20.1","2021-07-10","0.21"
"US1FLVL0103","ORANGE CITY 1.4 ENE, FL US","28.9459","-81.2732","20.1","2021-07-11","0.00"
"US1FLVL0103","ORANGE CITY 1.4 ENE, FL US","28.9459","-81.2732","20.1","2021-07-12","0.00"
"US1FLVL0103","ORANGE CITY 1.4 ENE, FL US","28.9459","-81.2732","20.1","2021-07-13","0.00"
"US1FLVL0103","ORANGE CITY 1.4 ENE, FL US","28.9459","-81.2732","20.1","2021-07-14","0.01"
"US1FLVL0103","ORANGE CITY 1.4 ENE, FL US","28.9459","-81.2732","20.1","2021-07-15","0.14"
"US1FLVL0103","ORANGE CITY 1.4 ENE, FL US","28.9459","-81.2732","20.1","2021-07-16","0.02"
"US1FLVL0103","ORANGE CITY 1.4 ENE, FL US","28.9459","-81.2732","20.1","2021-07-17","0.00"
"US1FLVL0103","ORANGE CITY 1.4 ENE, FL US","28.9459","-81.2732","20.1","2021-07-18","0.70"
"US1FLVL0103","ORANGE CITY 1.4 ENE, FL US","28.9459","-81.2732","20.1","2021-07-19","0.00"
"US1FLVL0103","ORANGE CITY 1.4 ENE, FL US","28.9459","-81.2732","20.1","2021-07-20","0.03"
"US1FLVL0103","ORANGE CITY 1.4 ENE, FL US","28.9459","-81.2732","20.1","2021-07-21","0.51"
"US1FLMT0028","JENSEN BEACH 1.5 N, FL US","27.2572631835938","-80.2338180541992","15.5","2021-07-04","0.01"
"US1FLMT0028","JENSEN BEACH 1.5 N, FL US","27.2572631835938","-80.2338180541992","15.5","2021-07-05","0.09"
"US1FLMT0028","JENSEN BEACH 1.5 N, FL US","27.2572631835938","-80.2338180541992","15.5","2021-07-06","0.11"
"US1FLMT0028","JENSEN BEACH 1.5 N, FL US","27.2572631835938","-80.2338180541992","15.5","2021-07-07","0.08"
"US1FLMT0028","JENSEN BEACH 1.5 N, FL US","27.2572631835938","-80.2338180541992","15.5","2021-07-08","0.00"
"US1FLMT0028","JENSEN BEACH 1.5 N, FL US","27.2572631835938","-80.2338180541992","15.5","2021-07-09","0.02"
"US1FLMT0028","JENSEN BEACH 1.5 N, FL US","27.2572631835938","-80.2338180541992","15.5","2021-07-10","0.00"
"US1FLMT0028","JENSEN BEACH 1.5 N, FL US","27.2572631835938","-80.2338180541992","15.5","2021-07-11","0.01"
"US1FLMT0028","JENSEN BEACH 1.5 N, FL US","27.2572631835938","-80.2338180541992","15.5","2021-07-12","0.07"
"US1FLMT0028","JENSEN BEACH 1.5 N, FL US","27.2572631835938","-80.2338180541992","15.5","2021-07-13","0.12"
"US1FLMT0028","JENSEN BEACH 1.5 N, FL US","27.2572631835938","-80.2338180541992","15.5","2021-07-14","0.01"
"US1FLMT0028","JENSEN BEACH 1.5 N, FL US","27.2572631835938","-80.2338180541992","15.5","2021-07-15","0.02"
"US1FLMT0028","JENSEN BEACH 1.5 N, FL US","27.2572631835938","-80.2338180541992","15.5","2021-07-17","0.00"
"US1FLMT0028","JENSEN BEACH 1.5 N, FL US","27.2572631835938","-80.2338180541992","15.5","2021-07-18","0.24"
"US1FLMT0028","JENSEN BEACH 1.5 N, FL US","27.2572631835938","-80.2338180541992","15.5","2021-07-19","0.00"
"US1FLMT0028","JENSEN BEACH 1.5 N, FL US","27.2572631835938","-80.2338180541992","15.5","2021-07-20","0.00"
"US1FLMT0028","JENSEN BEACH 1.5 N, FL US","27.2572631835938","-80.2338180541992","15.5","2021-07-21","0.00"
"US1FLVL0100","OSTEEN 3.2 ENE, FL US","28.8606486","-81.1132192","5.8","2021-07-07","2.26"
"US1FLVL0100","OSTEEN 3.2 ENE, FL US","28.8606486","-81.1132192","5.8","2021-07-08","0.06"
"US1FLVL0100","OSTEEN 3.2 ENE, FL US","28.8606486","-81.1132192","5.8","2021-07-09","0.38"
"US1FLVL0100","OSTEEN 3.2 ENE, FL US","28.8606486","-81.1132192","5.8","2021-07-10","0.32"
"US1FLVL0100","OSTEEN 3.2 ENE, FL US","28.8606486","-81.1132192","5.8","2021-07-11","0.00"
"US1FLVL0100","OSTEEN 3.2 ENE, FL US","28.8606486","-81.1132192","5.8","2021-07-13","0.10"
"US1FLVL0100","OSTEEN 3.2 ENE, FL US","28.8606486","-81.1132192","5.8","2021-07-14","0.41"
"US1FLVL0100","OSTEEN 3.2 ENE, FL US","28.8606486","-81.1132192","5.8","2021-07-15","0.00"
"US1FLVL0100","OSTEEN 3.2 ENE, FL US","28.8606486","-81.1132192","5.8","2021-07-17","0.00"
"US1FLVL0100","OSTEEN 3.2 ENE, FL US","28.8606486","-81.1132192","5.8","2021-07-18","0.00"
"US1FLVL0100","OSTEEN 3.2 ENE, FL US","28.8606486","-81.1132192","5.8","2021-07-19","0.00"
"US1FLVL0100","OSTEEN 3.2 ENE, FL US","28.8606486","-81.1132192","5.8","2021-07-20","1.12"
"US1FLVL0100","OSTEEN 3.2 ENE, FL US","28.8606486","-81.1132192","5.8","2021-07-21","1.88"
"US1FLVL0101","NEW SMYRNA BEACH 1.4 WNW, FL US","29.0423264","-80.9397124","4.3","2021-07-04","0.02"
"US1FLVL0101","NEW SMYRNA BEACH 1.4 WNW, FL US","29.0423264","-80.9397124","4.3","2021-07-05","0.05"
"US1FLVL0101","NEW SMYRNA BEACH 1.4 WNW, FL US","29.0423264","-80.9397124","4.3","2021-07-06","0.23"
"US1FLVL0101","NEW SMYRNA BEACH 1.4 WNW, FL US","29.0423264","-80.9397124","4.3","2021-07-07","0.03"
"US1FLVL0101","NEW SMYRNA BEACH 1.4 WNW, FL US","29.0423264","-80.9397124","4.3","2021-07-08","0.30"
"US1FLVL0101","NEW SMYRNA BEACH 1.4 WNW, FL US","29.0423264","-80.9397124","4.3","2021-07-09","1.70"
"US1FLVL0101","NEW SMYRNA BEACH 1.4 WNW, FL US","29.0423264","-80.9397124","4.3","2021-07-10","0.52"
"US1FLVL0101","NEW SMYRNA BEACH 1.4 WNW, FL US","29.0423264","-80.9397124","4.3","2021-07-11","0.44"
"US1FLVL0101","NEW SMYRNA BEACH 1.4 WNW, FL US","29.0423264","-80.9397124","4.3","2021-07-12","0.01"
"US1FLVL0101","NEW SMYRNA BEACH 1.4 WNW, FL US","29.0423264","-80.9397124","4.3","2021-07-13","0.13"
"US1FLVL0101","NEW SMYRNA BEACH 1.4 WNW, FL US","29.0423264","-80.9397124","4.3","2021-07-14","0.00"
"US1FLVL0101","NEW SMYRNA BEACH 1.4 WNW, FL US","29.0423264","-80.9397124","4.3","2021-07-15","0.05"
"US1FLVL0101","NEW SMYRNA BEACH 1.4 WNW, FL US","29.0423264","-80.9397124","4.3","2021-07-16","0.05"
"US1FLVL0101","NEW SMYRNA BEACH 1.4 WNW, FL US","29.0423264","-80.9397124","4.3","2021-07-17","0.00"
"US1FLVL0101","NEW SMYRNA BEACH 1.4 WNW, FL US","29.0423264","-80.9397124","4.3","2021-07-18","0.00"
"US1FLVL0101","NEW SMYRNA BEACH 1.4 WNW, FL US","29.0423264","-80.9397124","4.3","2021-07-19","0.00"
"US1FLVL0101","NEW SMYRNA BEACH 1.4 WNW, FL US","29.0423264","-80.9397124","4.3","2021-07-20","0.43"
"US1FLVL0101","NEW SMYRNA BEACH 1.4 WNW, FL US","29.0423264","-80.9397124","4.3","2021-07-21","1.61"
"US1FLMT0026","INDIANTOWN 0.4 SW, FL US","27.0325813293457","-80.4732360839844","14.3","2021-07-04","0.45"
"US1FLMT0026","INDIANTOWN 0.4 SW, FL US","27.0325813293457","-80.4732360839844","14.3","2021-07-05","0.00"
"US1FLMT0026","INDIANTOWN 0.4 SW, FL US","27.0325813293457","-80.4732360839844","14.3","2021-07-06","1.46"
"US1FLMT0026","INDIANTOWN 0.4 SW, FL US","27.0325813293457","-80.4732360839844","14.3","2021-07-07","0.02"
"US1FLMT0026","INDIANTOWN 0.4 SW, FL US","27.0325813293457","-80.4732360839844","14.3","2021-07-08","0.26"
"US1FLMT0026","INDIANTOWN 0.4 SW, FL US","27.0325813293457","-80.4732360839844","14.3","2021-07-09","0.00"
"US1FLMT0026","INDIANTOWN 0.4 SW, FL US","27.0325813293457","-80.4732360839844","14.3","2021-07-10","0.25"
"US1FLMT0026","INDIANTOWN 0.4 SW, FL US","27.0325813293457","-80.4732360839844","14.3","2021-07-11","0.70"
"US1FLMT0026","INDIANTOWN 0.4 SW, FL US","27.0325813293457","-80.4732360839844","14.3","2021-07-12","0.25"
"US1FLMT0026","INDIANTOWN 0.4 SW, FL US","27.0325813293457","-80.4732360839844","14.3","2021-07-13","0.38"
"US1FLMT0026","INDIANTOWN 0.4 SW, FL US","27.0325813293457","-80.4732360839844","14.3","2021-07-14","0.37"
"US1FLMT0026","INDIANTOWN 0.4 SW, FL US","27.0325813293457","-80.4732360839844","14.3","2021-07-15","0.00"
"US1FLMT0026","INDIANTOWN 0.4 SW, FL US","27.0325813293457","-80.4732360839844","14.3","2021-07-16","0.00"
"US1FLMT0026","INDIANTOWN 0.4 SW, FL US","27.0325813293457","-80.4732360839844","14.3","2021-07-17","0.00"
"US1FLMT0026","INDIANTOWN 0.4 SW, FL US","27.0325813293457","-80.4732360839844","14.3","2021-07-18","0.25"
"US1FLMT0026","INDIANTOWN 0.4 SW, FL US","27.0325813293457","-80.4732360839844","14.3","2021-07-19","0.88"
"US1FLMT0026","INDIANTOWN 0.4 SW, FL US","27.0325813293457","-80.4732360839844","14.3","2021-07-20","0.23"
"US1FLMT0026","INDIANTOWN 0.4 SW, FL US","27.0325813293457","-80.4732360839844","14.3","2021-07-21","0.00"
"US1FLVL0104","ORMOND BEACH 3.9 SW, FL US","29.262526","-81.148325","7.3","2021-07-04","0.01"
"US1FLVL0104","ORMOND BEACH 3.9 SW, FL US","29.262526","-81.148325","7.3","2021-07-05","2.08"
"US1FLVL0104","ORMOND BEACH 3.9 SW, FL US","29.262526","-81.148325","7.3","2021-07-06","0.06"
"US1FLVL0104","ORMOND BEACH 3.9 SW, FL US","29.262526","-81.148325","7.3","2021-07-07","0.27"
"US1FLVL0104","ORMOND BEACH 3.9 SW, FL US","29.262526","-81.148325","7.3","2021-07-08","0.45"
"US1FLVL0104","ORMOND BEACH 3.9 SW, FL US","29.262526","-81.148325","7.3","2021-07-09","0.18"
"US1FLVL0104","ORMOND BEACH 3.9 SW, FL US","29.262526","-81.148325","7.3","2021-07-10","0.32"
"US1FLVL0104","ORMOND BEACH 3.9 SW, FL US","29.262526","-81.148325","7.3","2021-07-11","0.00"
"US1FLVL0104","ORMOND BEACH 3.9 SW, FL US","29.262526","-81.148325","7.3","2021-07-12","0.00"
"US1FLVL0104","ORMOND BEACH 3.9 SW, FL US","29.262526","-81.148325","7.3","2021-07-13","0.06"
"US1FLVL0104","ORMOND BEACH 3.9 SW, FL US","29.262526","-81.148325","7.3","2021-07-14","0.07"
"US1FLVL0104","ORMOND BEACH 3.9 SW, FL US","29.262526","-81.148325","7.3","2021-07-15","0.19"
"US1FLVL0104","ORMOND BEACH 3.9 SW, FL US","29.262526","-81.148325","7.3","2021-07-16","0.03"
"US1FLVL0104","ORMOND BEACH 3.9 SW, FL US","29.262526","-81.148325","7.3","2021-07-17","0.00"
"US1FLVL0104","ORMOND BEACH 3.9 SW, FL US","29.262526","-81.148325","7.3","2021-07-18","0.00"
"US1FLVL0104","ORMOND BEACH 3.9 SW, FL US","29.262526","-81.148325","7.3","2021-07-19","0.11"
"US1FLVL0104","ORMOND BEACH 3.9 SW, FL US","29.262526","-81.148325","7.3","2021-07-20","0.27"
"US1FLVL0104","ORMOND BEACH 3.9 SW, FL US","29.262526","-81.148325","7.3","2021-07-21","1.13"
"US1FLVL0105","PIERSON 1.0 ENE, FL US","29.24102","-81.44502","14.6","2021-07-04","0.04"
"US1FLVL0105","PIERSON 1.0 ENE, FL US","29.24102","-81.44502","14.6","2021-07-05","1.14"
"US1FLVL0105","PIERSON 1.0 ENE, FL US","29.24102","-81.44502","14.6","2021-07-06","0.14"
"US1FLVL0105","PIERSON 1.0 ENE, FL US","29.24102","-81.44502","14.6","2021-07-07","0.09"
"US1FLVL0105","PIERSON 1.0 ENE, FL US","29.24102","-81.44502","14.6","2021-07-08","0.52"
"US1FLVL0105","PIERSON 1.0 ENE, FL US","29.24102","-81.44502","14.6","2021-07-09","0.43"
"US1FLVL0105","PIERSON 1.0 ENE, FL US","29.24102","-81.44502","14.6","2021-07-10","0.06"
"US1FLVL0105","PIERSON 1.0 ENE, FL US","29.24102","-81.44502","14.6","2021-07-11","0.00"
"US1FLVL0105","PIERSON 1.0 ENE, FL US","29.24102","-81.44502","14.6","2021-07-12","0.00"
"US1FLVL0105","PIERSON 1.0 ENE, FL US","29.24102","-81.44502","14.6","2021-07-13","0.32"
"US1FLVL0105","PIERSON 1.0 ENE, FL US","29.24102","-81.44502","14.6","2021-07-14","0.10"
"US1FLVL0105","PIERSON 1.0 ENE, FL US","29.24102","-81.44502","14.6","2021-07-15","0.66"
"US1FLVL0105","PIERSON 1.0 ENE, FL US","29.24102","-81.44502","14.6","2021-07-16","0.00"
"US1FLVL0105","PIERSON 1.0 ENE, FL US","29.24102","-81.44502","14.6","2021-07-17","0.00"
"US1FLVL0105","PIERSON 1.0 ENE, FL US","29.24102","-81.44502","14.6","2021-07-18","0.00"
"US1FLVL0105","PIERSON 1.0 ENE, FL US","29.24102","-81.44502","14.6","2021-07-19","0.16"
"US1FLVL0105","PIERSON 1.0 ENE, FL US","29.24102","-81.44502","14.6","2021-07-20","2.26"
"US1FLVL0105","PIERSON 1.0 ENE, FL US","29.24102","-81.44502","14.6","2021-07-21","0.48"
"US1FLHB0017","SUN CITY CENTER 1.0 NE, FL US","27.7305","-82.3384","21.0","2021-07-04","1.76"
"US1FLHB0017","SUN CITY CENTER 1.0 NE, FL US","27.7305","-82.3384","21.0","2021-07-05","0.00"
"US1FLHB0017","SUN CITY CENTER 1.0 NE, FL US","27.7305","-82.3384","21.0","2021-07-06","1.00"
"US1FLHB0017","SUN CITY CENTER 1.0 NE, FL US","27.7305","-82.3384","21.0","2021-07-07","2.18"
"US1FLHB0017","SUN CITY CENTER 1.0 NE, FL US","27.7305","-82.3384","21.0","2021-07-08","0.21"
"US1FLHB0017","SUN CITY CENTER 1.0 NE, FL US","27.7305","-82.3384","21.0","2021-07-09","0.02"
"US1FLHB0017","SUN CITY CENTER 1.0 NE, FL US","27.7305","-82.3384","21.0","2021-07-10","0.00"
"US1FLHB0017","SUN CITY CENTER 1.0 NE, FL US","27.7305","-82.3384","21.0","2021-07-11","0.08"
"US1FLHB0017","SUN CITY CENTER 1.0 NE, FL US","27.7305","-82.3384","21.0","2021-07-12","0.00"
"US1FLHB0017","SUN CITY CENTER 1.0 NE, FL US","27.7305","-82.3384","21.0","2021-07-13","0.15"
"US1FLHB0017","SUN CITY CENTER 1.0 NE, FL US","27.7305","-82.3384","21.0","2021-07-14","0.17"
"US1FLHB0017","SUN CITY CENTER 1.0 NE, FL US","27.7305","-82.3384","21.0","2021-07-16",
"US1FLHB0017","SUN CITY CENTER 1.0 NE, FL US","27.7305","-82.3384","21.0","2021-07-17","0.00"
"US1FLHB0017","SUN CITY CENTER 1.0 NE, FL US","27.7305","-82.3384","21.0","2021-07-18","0.02"
"US1FLHB0017","SUN CITY CENTER 1.0 NE, FL US","27.7305","-82.3384","21.0","2021-07-19","0.00"
"US1FLHB0017","SUN CITY CENTER 1.0 NE, FL US","27.7305","-82.3384","21.0","2021-07-20","0.01"
"US1FLHB0017","SUN CITY CENTER 1.0 NE, FL US","27.7305","-82.3384","21.0","2021-07-21","0.02"
"US1FLMT0043","INDIANTOWN 11.1 NW, FL US","27.164244","-80.576671","12.8","2021-07-04","0.04"
"US1FLMT0043","INDIANTOWN 11.1 NW, FL US","27.164244","-80.576671","12.8","2021-07-05","0.03"
"US1FLMT0043","INDIANTOWN 11.1 NW, FL US","27.164244","-80.576671","12.8","2021-07-06","1.86"
"US1FLMT0043","INDIANTOWN 11.1 NW, FL US","27.164244","-80.576671","12.8","2021-07-07","0.14"
"US1FLMT0043","INDIANTOWN 11.1 NW, FL US","27.164244","-80.576671","12.8","2021-07-08","0.00"
"US1FLMT0043","INDIANTOWN 11.1 NW, FL US","27.164244","-80.576671","12.8","2021-07-09","0.00"
"US1FLMT0043","INDIANTOWN 11.1 NW, FL US","27.164244","-80.576671","12.8","2021-07-10","0.03"
"US1FLMT0043","INDIANTOWN 11.1 NW, FL US","27.164244","-80.576671","12.8","2021-07-11","1.78"
"US1FLMT0043","INDIANTOWN 11.1 NW, FL US","27.164244","-80.576671","12.8","2021-07-12","0.00"
"US1FLMT0043","INDIANTOWN 11.1 NW, FL US","27.164244","-80.576671","12.8","2021-07-13","1.86"
"US1FLMT0043","INDIANTOWN 11.1 NW, FL US","27.164244","-80.576671","12.8","2021-07-14","0.19"
"US1FLMT0043","INDIANTOWN 11.1 NW, FL US","27.164244","-80.576671","12.8","2021-07-15","0.00"
"US1FLMT0043","INDIANTOWN 11.1 NW, FL US","27.164244","-80.576671","12.8","2021-07-16","0.00"
"US1FLMT0043","INDIANTOWN 11.1 NW, FL US","27.164244","-80.576671","12.8","2021-07-17","0.00"
"US1FLMT0043","INDIANTOWN 11.1 NW, FL US","27.164244","-80.576671","12.8","2021-07-18","0.35"
"US1FLMT0043","INDIANTOWN 11.1 NW, FL US","27.164244","-80.576671","12.8","2021-07-19","0.42"
"US1FLMT0043","INDIANTOWN 11.1 NW, FL US","27.164244","-80.576671","12.8","2021-07-20","0.00"
"US1FLMT0043","INDIANTOWN 11.1 NW, FL US","27.164244","-80.576671","12.8","2021-07-21","0.00"
"US1FLHB0016","PLANT CITY 3.4 E, FL US","28.00876","-82.07244","50.0","2021-07-05","0.00"
"US1FLHB0016","PLANT CITY 3.4 E, FL US","28.00876","-82.07244","50.0","2021-07-06","0.42"
"US1FLHB0016","PLANT CITY 3.4 E, FL US","28.00876","-82.07244","50.0","2021-07-07","3.85"
"US1FLHB0016","PLANT CITY 3.4 E, FL US","28.00876","-82.07244","50.0","2021-07-10","0.00"
"US1FLHB0016","PLANT CITY 3.4 E, FL US","28.00876","-82.07244","50.0","2021-07-12","0.24"
"US1FLMT0042","HOBE SOUND 0.6 WNW, FL US","27.076799","-80.148404","5.2","2021-07-04","0.00"
"US1FLMT0042","HOBE SOUND 0.6 WNW, FL US","27.076799","-80.148404","5.2","2021-07-05","0.00"
"US1FLMT0042","HOBE SOUND 0.6 WNW, FL US","27.076799","-80.148404","5.2","2021-07-06","0.13"
"US1FLMT0042","HOBE SOUND 0.6 WNW, FL US","27.076799","-80.148404","5.2","2021-07-07","0.00"
"US1FLMT0042","HOBE SOUND 0.6 WNW, FL US","27.076799","-80.148404","5.2","2021-07-08","0.00"
"US1FLMT0042","HOBE SOUND 0.6 WNW, FL US","27.076799","-80.148404","5.2","2021-07-09","0.10"
"US1FLMT0042","HOBE SOUND 0.6 WNW, FL US","27.076799","-80.148404","5.2","2021-07-10","0.16"
"US1FLMT0042","HOBE SOUND 0.6 WNW, FL US","27.076799","-80.148404","5.2","2021-07-11","0.00"
"US1FLMT0042","HOBE SOUND 0.6 WNW, FL US","27.076799","-80.148404","5.2","2021-07-12","0.00"
"US1FLMT0042","HOBE SOUND 0.6 WNW, FL US","27.076799","-80.148404","5.2","2021-07-13","0.38"
"US1FLMT0042","HOBE SOUND 0.6 WNW, FL US","27.076799","-80.148404","5.2","2021-07-14","0.19"
"US1FLMT0042","HOBE SOUND 0.6 WNW, FL US","27.076799","-80.148404","5.2","2021-07-15","0.00"
"US1FLMT0042","HOBE SOUND 0.6 WNW, FL US","27.076799","-80.148404","5.2","2021-07-16","0.39"
"US1FLMT0042","HOBE SOUND 0.6 WNW, FL US","27.076799","-80.148404","5.2","2021-07-17","0.00"
"US1FLMT0042","HOBE SOUND 0.6 WNW, FL US","27.076799","-80.148404","5.2","2021-07-18","0.05"
"US1FLMT0042","HOBE SOUND 0.6 WNW, FL US","27.076799","-80.148404","5.2","2021-07-19","0.00"
"US1FLMT0042","HOBE SOUND 0.6 WNW, FL US","27.076799","-80.148404","5.2","2021-07-20","0.00"
"US1FLMT0042","HOBE SOUND 0.6 WNW, FL US","27.076799","-80.148404","5.2","2021-07-21","0.42"
"US1FLMT0041","INDIANTOWN 0.5 SW, FL US","27.031407","-80.475169","13.7","2021-07-06","1.54"
"US1FLMT0041","INDIANTOWN 0.5 SW, FL US","27.031407","-80.475169","13.7","2021-07-07","0.04"
"US1FLMT0041","INDIANTOWN 0.5 SW, FL US","27.031407","-80.475169","13.7","2021-07-08","0.10"
"US1FLMT0041","INDIANTOWN 0.5 SW, FL US","27.031407","-80.475169","13.7","2021-07-10","0.05"
"US1FLMT0041","INDIANTOWN 0.5 SW, FL US","27.031407","-80.475169","13.7","2021-07-11","0.75"
"US1FLMT0041","INDIANTOWN 0.5 SW, FL US","27.031407","-80.475169","13.7","2021-07-12","0.10"
"US1FLMT0041","INDIANTOWN 0.5 SW, FL US","27.031407","-80.475169","13.7","2021-07-13","0.40"
"US1FLMT0041","INDIANTOWN 0.5 SW, FL US","27.031407","-80.475169","13.7","2021-07-14","0.20"
"US1FLMT0041","INDIANTOWN 0.5 SW, FL US","27.031407","-80.475169","13.7","2021-07-16","0.04"
"US1FLMT0041","INDIANTOWN 0.5 SW, FL US","27.031407","-80.475169","13.7","2021-07-19","1.03"
"US1FLMT0041","INDIANTOWN 0.5 SW, FL US","27.031407","-80.475169","13.7","2021-07-20","0.40"
"US1FLMT0041","INDIANTOWN 0.5 SW, FL US","27.031407","-80.475169","13.7","2021-07-21","0.02"
"USC00087982","SANFORD, FL US","28.8147","-81.2778","3.7","2021-07-04","0.35"
"USC00087982","SANFORD, FL US","28.8147","-81.2778","3.7","2021-07-05","0.03"
"USC00087982","SANFORD, FL US","28.8147","-81.2778","3.7","2021-07-06","0.17"
"USC00087982","SANFORD, FL US","28.8147","-81.2778","3.7","2021-07-07","0.10"
"USC00087982","SANFORD, FL US","28.8147","-81.2778","3.7","2021-07-08","0.50"
"USC00087982","SANFORD, FL US","28.8147","-81.2778","3.7","2021-07-09","0.80"
"USC00087982","SANFORD, FL US","28.8147","-81.2778","3.7","2021-07-10","0.20"
"USC00087982","SANFORD, FL US","28.8147","-81.2778","3.7","2021-07-11","0.13"
"USC00087982","SANFORD, FL US","28.8147","-81.2778","3.7","2021-07-12","0.00"
"USC00087982","SANFORD, FL US","28.8147","-81.2778","3.7","2021-07-13","0.00"
"USC00087982","SANFORD, FL US","28.8147","-81.2778","3.7","2021-07-14","0.25"
"USC00087982","SANFORD, FL US","28.8147","-81.2778","3.7","2021-07-15","0.00"
"USC00087982","SANFORD, FL US","28.8147","-81.2778","3.7","2021-07-16","0.00"
"USC00087982","SANFORD, FL US","28.8147","-81.2778","3.7","2021-07-17","0.00"
"USC00087982","SANFORD, FL US","28.8147","-81.2778","3.7","2021-07-18","0.10"
"USC00087982","SANFORD, FL US","28.8147","-81.2778","3.7","2021-07-19","0.07"
"USC00087982","SANFORD, FL US","28.8147","-81.2778","3.7","2021-07-20","0.60"
"USC00087982","SANFORD, FL US","28.8147","-81.2778","3.7","2021-07-21","2.50"
"US1FLHB0010","TAMPA 5.1 S, FL US","27.885885","-82.489524","2.1","2021-07-04","4.41"
"US1FLHB0010","TAMPA 5.1 S, FL US","27.885885","-82.489524","2.1","2021-07-05","0.00"
"US1FLHB0010","TAMPA 5.1 S, FL US","27.885885","-82.489524","2.1","2021-07-06","0.71"
"US1FLHB0010","TAMPA 5.1 S, FL US","27.885885","-82.489524","2.1","2021-07-07","1.71"
"US1FLHB0010","TAMPA 5.1 S, FL US","27.885885","-82.489524","2.1","2021-07-08","0.00"
"US1FLHB0010","TAMPA 5.1 S, FL US","27.885885","-82.489524","2.1","2021-07-09","0.00"
"US1FLHB0010","TAMPA 5.1 S, FL US","27.885885","-82.489524","2.1","2021-07-10","0.00"
"US1FLHB0010","TAMPA 5.1 S, FL US","27.885885","-82.489524","2.1","2021-07-11","0.11"
"US1FLHB0010","TAMPA 5.1 S, FL US","27.885885","-82.489524","2.1","2021-07-12","0.00"
"US1FLHB0010","TAMPA 5.1 S, FL US","27.885885","-82.489524","2.1","2021-07-13","0.47"
"US1FLHB0010","TAMPA 5.1 S, FL US","27.885885","-82.489524","2.1","2021-07-14","0.00"
"US1FLHB0010","TAMPA 5.1 S, FL US","27.885885","-82.489524","2.1","2021-07-15","0.01"
"US1FLHB0010","TAMPA 5.1 S, FL US","27.885885","-82.489524","2.1","2021-07-16","0.00"
"US1FLHB0010","TAMPA 5.1 S, FL US","27.885885","-82.489524","2.1","2021-07-17","0.00"
"US1FLHB0010","TAMPA 5.1 S, FL US","27.885885","-82.489524","2.1","2021-07-18","0.00"
"US1FLHB0010","TAMPA 5.1 S, FL US","27.885885","-82.489524","2.1","2021-07-19","0.00"
"US1FLHB0010","TAMPA 5.1 S, FL US","27.885885","-82.489524","2.1","2021-07-20","0.00"
"US1FLHB0010","TAMPA 5.1 S, FL US","27.885885","-82.489524","2.1","2021-07-21","0.00"
"USC00082298","DEVILS GARDEN, FL US","26.66388","-81.08998","7.9","2021-07-04","2.37"
"USC00082298","DEVILS GARDEN, FL US","26.66388","-81.08998","7.9","2021-07-05","0.27"
"USC00082298","DEVILS GARDEN, FL US","26.66388","-81.08998","7.9","2021-07-06","1.21"
"USC00082298","DEVILS GARDEN, FL US","26.66388","-81.08998","7.9","2021-07-07","0.41"
"USC00082298","DEVILS GARDEN, FL US","26.66388","-81.08998","7.9","2021-07-08","0.75"
"USC00082298","DEVILS GARDEN, FL US","26.66388","-81.08998","7.9","2021-07-09","0.03"
"USC00082298","DEVILS GARDEN, FL US","26.66388","-81.08998","7.9","2021-07-10","0.39"
"USC00082298","DEVILS GARDEN, FL US","26.66388","-81.08998","7.9","2021-07-11","0.14"
"USC00082298","DEVILS GARDEN, FL US","26.66388","-81.08998","7.9","2021-07-12","0.36"
"USC00082298","DEVILS GARDEN, FL US","26.66388","-81.08998","7.9","2021-07-13","0.05"
"USC00082298","DEVILS GARDEN, FL US","26.66388","-81.08998","7.9","2021-07-14","0.01"
"USC00082298","DEVILS GARDEN, FL US","26.66388","-81.08998","7.9","2021-07-15","0.00"
"USC00082298","DEVILS GARDEN, FL US","26.66388","-81.08998","7.9","2021-07-16","0.00"
"USC00082298","DEVILS GARDEN, FL US","26.66388","-81.08998","7.9","2021-07-17","0.00"
"USC00082298","DEVILS GARDEN, FL US","26.66388","-81.08998","7.9","2021-07-18","0.00"
"USC00082298","DEVILS GARDEN, FL US","26.66388","-81.08998","7.9","2021-07-19","0.03"
"USC00082298","DEVILS GARDEN, FL US","26.66388","-81.08998","7.9","2021-07-20","0.00"
"USC00082298","DEVILS GARDEN, FL US","26.66388","-81.08998","7.9","2021-07-21","0.00"
"USC00086657","ORTONA LOCK 2, FL US","26.7897","-81.3044","6.1","2021-07-06","0.50"
"USC00086657","ORTONA LOCK 2, FL US","26.7897","-81.3044","6.1","2021-07-07","0.46"
"USC00086657","ORTONA LOCK 2, FL US","26.7897","-81.3044","6.1","2021-07-08","0.04"
"USC00086657","ORTONA LOCK 2, FL US","26.7897","-81.3044","6.1","2021-07-14","0.60"
"USC00086657","ORTONA LOCK 2, FL US","26.7897","-81.3044","6.1","2021-07-15","1.20"
"USC00086657","ORTONA LOCK 2, FL US","26.7897","-81.3044","6.1","2021-07-16","0.00"
"USC00086657","ORTONA LOCK 2, FL US","26.7897","-81.3044","6.1","2021-07-18","0.47"
"USC00086657","ORTONA LOCK 2, FL US","26.7897","-81.3044","6.1","2021-07-20","0.15"
"USC00086657","ORTONA LOCK 2, FL US","26.7897","-81.3044","6.1","2021-07-21","0.95"
"US1FLHB0014","BLOOMINGDALE 1.3 ESE, FL US","27.86801","-82.24052","17.1","2021-07-20","1.85"
"US1FLBY0010","PANAMA CITY BEACH 5.9 WNW, FL US","30.2535","-85.93693","13.4","2021-07-04","1.52"
"US1FLBY0010","PANAMA CITY BEACH 5.9 WNW, FL US","30.2535","-85.93693","13.4","2021-07-05","1.73"
"US1FLBY0010","PANAMA CITY BEACH 5.9 WNW, FL US","30.2535","-85.93693","13.4","2021-07-06","0.44"
"US1FLBY0010","PANAMA CITY BEACH 5.9 WNW, FL US","30.2535","-85.93693","13.4","2021-07-07","0.23"
"US1FLBY0010","PANAMA CITY BEACH 5.9 WNW, FL US","30.2535","-85.93693","13.4","2021-07-08","0.05"
"US1FLBY0010","PANAMA CITY BEACH 5.9 WNW, FL US","30.2535","-85.93693","13.4","2021-07-09","0.00"
"US1FLBY0010","PANAMA CITY BEACH 5.9 WNW, FL US","30.2535","-85.93693","13.4","2021-07-10","0.00"
"US1FLBY0010","PANAMA CITY BEACH 5.9 WNW, FL US","30.2535","-85.93693","13.4","2021-07-11","0.03"
"US1FLBY0010","PANAMA CITY BEACH 5.9 WNW, FL US","30.2535","-85.93693","13.4","2021-07-12","1.43"
"US1FLBY0010","PANAMA CITY BEACH 5.9 WNW, FL US","30.2535","-85.93693","13.4","2021-07-13","0.00"
"US1FLBY0010","PANAMA CITY BEACH 5.9 WNW, FL US","30.2535","-85.93693","13.4","2021-07-14","0.70"
"US1FLBY0010","PANAMA CITY BEACH 5.9 WNW, FL US","30.2535","-85.93693","13.4","2021-07-15","0.00"
"US1FLBY0010","PANAMA CITY BEACH 5.9 WNW, FL US","30.2535","-85.93693","13.4","2021-07-16","0.81"
"US1FLBY0010","PANAMA CITY BEACH 5.9 WNW, FL US","30.2535","-85.93693","13.4","2021-07-17","0.00"
"US1FLBY0010","PANAMA CITY BEACH 5.9 WNW, FL US","30.2535","-85.93693","13.4","2021-07-18","0.00"
"US1FLBY0010","PANAMA CITY BEACH 5.9 WNW, FL US","30.2535","-85.93693","13.4","2021-07-19","0.03"
"US1FLBY0010","PANAMA CITY BEACH 5.9 WNW, FL US","30.2535","-85.93693","13.4","2021-07-20","0.72"
"US1FLBY0010","PANAMA CITY BEACH 5.9 WNW, FL US","30.2535","-85.93693","13.4","2021-07-21","0.70"
"US1FLBY0014","PANAMA CITY BEACH 4.9 ESE, FL US","30.1841333","-85.7765005","4.9","2021-07-05",
"US1FLBY0014","PANAMA CITY BEACH 4.9 ESE, FL US","30.1841333","-85.7765005","4.9","2021-07-06","0.36"
"US1FLBY0014","PANAMA CITY BEACH 4.9 ESE, FL US","30.1841333","-85.7765005","4.9","2021-07-07","0.35"
"US1FLBY0014","PANAMA CITY BEACH 4.9 ESE, FL US","30.1841333","-85.7765005","4.9","2021-07-08","0.06"
"US1FLBY0014","PANAMA CITY BEACH 4.9 ESE, FL US","30.1841333","-85.7765005","4.9","2021-07-12","0.06"
"US1FLBY0014","PANAMA CITY BEACH 4.9 ESE, FL US","30.1841333","-85.7765005","4.9","2021-07-13","0.20"
"US1FLBY0014","PANAMA CITY BEACH 4.9 ESE, FL US","30.1841333","-85.7765005","4.9","2021-07-16","0.17"
"US1FLBY0014","PANAMA CITY BEACH 4.9 ESE, FL US","30.1841333","-85.7765005","4.9","2021-07-20","0.56"
"US1FLBY0014","PANAMA CITY BEACH 4.9 ESE, FL US","30.1841333","-85.7765005","4.9","2021-07-21","0.60"
"US1FLBY0015","FOUNTAIN 3.4 SSE, FL US","30.432762","-85.39918","40.2","2021-07-04","0.66"
"US1FLBY0015","FOUNTAIN 3.4 SSE, FL US","30.432762","-85.39918","40.2","2021-07-05","0.01"
"US1FLBY0015","FOUNTAIN 3.4 SSE, FL US","30.432762","-85.39918","40.2","2021-07-06","0.45"
"US1FLBY0015","FOUNTAIN 3.4 SSE, FL US","30.432762","-85.39918","40.2","2021-07-08",
"US1FLBY0015","FOUNTAIN 3.4 SSE, FL US","30.432762","-85.39918","40.2","2021-07-10",
"US1FLBY0015","FOUNTAIN 3.4 SSE, FL US","30.432762","-85.39918","40.2","2021-07-11","0.20"
"US1FLBY0015","FOUNTAIN 3.4 SSE, FL US","30.432762","-85.39918","40.2","2021-07-12","0.05"
"US1FLBY0015","FOUNTAIN 3.4 SSE, FL US","30.432762","-85.39918","40.2","2021-07-13","0.31"
"US1FLBY0015","FOUNTAIN 3.4 SSE, FL US","30.432762","-85.39918","40.2","2021-07-14","0.19"
"US1FLBY0015","FOUNTAIN 3.4 SSE, FL US","30.432762","-85.39918","40.2","2021-07-19",
"US1FLBY0015","FOUNTAIN 3.4 SSE, FL US","30.432762","-85.39918","40.2","2021-07-20","0.12"
"US1FLBY0015","FOUNTAIN 3.4 SSE, FL US","30.432762","-85.39918","40.2","2021-07-21","0.41"
"US1FLBY0019","LYNN HAVEN 0.4 E, FL US","30.241976","-85.645698","5.8","2021-07-04",
"US1FLBY0019","LYNN HAVEN 0.4 E, FL US","30.241976","-85.645698","5.8","2021-07-05","0.47"
"US1FLBY0019","LYNN HAVEN 0.4 E, FL US","30.241976","-85.645698","5.8","2021-07-06","1.10"
"US1FLBY0019","LYNN HAVEN 0.4 E, FL US","30.241976","-85.645698","5.8","2021-07-07","1.05"
"US1FLBY0019","LYNN HAVEN 0.4 E, FL US","30.241976","-85.645698","5.8","2021-07-08","0.02"
"US1FLBY0019","LYNN HAVEN 0.4 E, FL US","30.241976","-85.645698","5.8","2021-07-09","0.00"
"US1FLBY0019","LYNN HAVEN 0.4 E, FL US","30.241976","-85.645698","5.8","2021-07-11","0.00"
"US1FLBY0019","LYNN HAVEN 0.4 E, FL US","30.241976","-85.645698","5.8","2021-07-12","0.01"
"US1FLMT0039","PALM CITY 0.9 SW, FL US","27.151419","-80.279563","8.2","2021-07-04","0.39"
"US1FLMT0039","PALM CITY 0.9 SW, FL US","27.151419","-80.279563","8.2","2021-07-05","1.18"
"US1FLMT0039","PALM CITY 0.9 SW, FL US","27.151419","-80.279563","8.2","2021-07-06","0.80"
"US1FLMT0039","PALM CITY 0.9 SW, FL US","27.151419","-80.279563","8.2","2021-07-07","0.08"
"US1FLMT0039","PALM CITY 0.9 SW, FL US","27.151419","-80.279563","8.2","2021-07-08","0.00"
"US1FLMT0039","PALM CITY 0.9 SW, FL US","27.151419","-80.279563","8.2","2021-07-09","0.00"
"US1FLMT0039","PALM CITY 0.9 SW, FL US","27.151419","-80.279563","8.2","2021-07-10","0.74"
"US1FLMT0039","PALM CITY 0.9 SW, FL US","27.151419","-80.279563","8.2","2021-07-11","0.01"
"US1FLMT0039","PALM CITY 0.9 SW, FL US","27.151419","-80.279563","8.2","2021-07-12","0.39"
"US1FLMT0039","PALM CITY 0.9 SW, FL US","27.151419","-80.279563","8.2","2021-07-13","0.10"
"US1FLMT0039","PALM CITY 0.9 SW, FL US","27.151419","-80.279563","8.2","2021-07-14","0.02"
"US1FLMT0039","PALM CITY 0.9 SW, FL US","27.151419","-80.279563","8.2","2021-07-15","0.00"
"US1FLMT0039","PALM CITY 0.9 SW, FL US","27.151419","-80.279563","8.2","2021-07-17","0.00"
"US1FLMT0039","PALM CITY 0.9 SW, FL US","27.151419","-80.279563","8.2","2021-07-18","0.01"
"US1FLMT0039","PALM CITY 0.9 SW, FL US","27.151419","-80.279563","8.2","2021-07-19","0.00"
"US1FLMT0039","PALM CITY 0.9 SW, FL US","27.151419","-80.279563","8.2","2021-07-20","0.10"
"US1FLMT0039","PALM CITY 0.9 SW, FL US","27.151419","-80.279563","8.2","2021-07-21","0.00"
"US1FLMT0038","STUART 4.9 S, FL US","27.123758","-80.256584","0.3","2021-07-06","0.73"
"US1FLMT0038","STUART 4.9 S, FL US","27.123758","-80.256584","0.3","2021-07-10","0.54"
"US1FLMT0038","STUART 4.9 S, FL US","27.123758","-80.256584","0.3","2021-07-11","0.40"
"US1FLMT0037","STUART 5.9 SSE, FL US","27.120823","-80.195424","4.6","2021-07-04","0.00"
"US1FLMT0037","STUART 5.9 SSE, FL US","27.120823","-80.195424","4.6","2021-07-05","0.00"
"US1FLMT0037","STUART 5.9 SSE, FL US","27.120823","-80.195424","4.6","2021-07-06","0.12"
"US1FLMT0037","STUART 5.9 SSE, FL US","27.120823","-80.195424","4.6","2021-07-07","0.03"
"US1FLMT0037","STUART 5.9 SSE, FL US","27.120823","-80.195424","4.6","2021-07-08","0.00"
"US1FLMT0037","STUART 5.9 SSE, FL US","27.120823","-80.195424","4.6","2021-07-09","0.48"
"US1FLMT0037","STUART 5.9 SSE, FL US","27.120823","-80.195424","4.6","2021-07-10","0.03"
"US1FLMT0037","STUART 5.9 SSE, FL US","27.120823","-80.195424","4.6","2021-07-11","0.00"
"US1FLMT0037","STUART 5.9 SSE, FL US","27.120823","-80.195424","4.6","2021-07-12","0.00"
"US1FLMT0037","STUART 5.9 SSE, FL US","27.120823","-80.195424","4.6","2021-07-13","0.13"
"US1FLMT0037","STUART 5.9 SSE, FL US","27.120823","-80.195424","4.6","2021-07-14","0.02"
"US1FLMT0037","STUART 5.9 SSE, FL US","27.120823","-80.195424","4.6","2021-07-15","0.00"
"US1FLMT0037","STUART 5.9 SSE, FL US","27.120823","-80.195424","4.6","2021-07-16","0.01"
"US1FLMT0037","STUART 5.9 SSE, FL US","27.120823","-80.195424","4.6","2021-07-17","0.00"
"US1FLMT0037","STUART 5.9 SSE, FL US","27.120823","-80.195424","4.6","2021-07-18","0.02"
"US1FLMT0037","STUART 5.9 SSE, FL US","27.120823","-80.195424","4.6","2021-07-19","0.00"
"US1FLMT0037","STUART 5.9 SSE, FL US","27.120823","-80.195424","4.6","2021-07-20","0.00"
"US1FLMT0037","STUART 5.9 SSE, FL US","27.120823","-80.195424","4.6","2021-07-21","0.02"
"US1FLMT0036","JENSEN BEACH 1.4 N, FL US","27.255964","-80.235149","5.8","2021-07-04","0.00"
"US1FLMT0036","JENSEN BEACH 1.4 N, FL US","27.255964","-80.235149","5.8","2021-07-05","0.08"
"US1FLMT0036","JENSEN BEACH 1.4 N, FL US","27.255964","-80.235149","5.8","2021-07-06","0.13"
"US1FLMT0036","JENSEN BEACH 1.4 N, FL US","27.255964","-80.235149","5.8","2021-07-07","0.08"
"US1FLMT0036","JENSEN BEACH 1.4 N, FL US","27.255964","-80.235149","5.8","2021-07-08","0.00"
"US1FLMT0036","JENSEN BEACH 1.4 N, FL US","27.255964","-80.235149","5.8","2021-07-09","0.03"
"US1FLMT0036","JENSEN BEACH 1.4 N, FL US","27.255964","-80.235149","5.8","2021-07-10","0.00"
"US1FLMT0036","JENSEN BEACH 1.4 N, FL US","27.255964","-80.235149","5.8","2021-07-11","0.00"
"US1FLMT0036","JENSEN BEACH 1.4 N, FL US","27.255964","-80.235149","5.8","2021-07-12","0.11"
"US1FLMT0036","JENSEN BEACH 1.4 N, FL US","27.255964","-80.235149","5.8","2021-07-13","0.11"
"US1FLMT0036","JENSEN BEACH 1.4 N, FL US","27.255964","-80.235149","5.8","2021-07-14","0.00"
"US1FLMT0036","JENSEN BEACH 1.4 N, FL US","27.255964","-80.235149","5.8","2021-07-15","0.00"
"US1FLMT0036","JENSEN BEACH 1.4 N, FL US","27.255964","-80.235149","5.8","2021-07-16","0.00"
"US1FLMT0036","JENSEN BEACH 1.4 N, FL US","27.255964","-80.235149","5.8","2021-07-17","0.00"
"US1FLMT0036","JENSEN BEACH 1.4 N, FL US","27.255964","-80.235149","5.8","2021-07-18","0.26"
"US1FLMT0036","JENSEN BEACH 1.4 N, FL US","27.255964","-80.235149","5.8","2021-07-19","0.00"
"US1FLMT0036","JENSEN BEACH 1.4 N, FL US","27.255964","-80.235149","5.8","2021-07-20","0.00"
"US1FLMT0036","JENSEN BEACH 1.4 N, FL US","27.255964","-80.235149","5.8","2021-07-21","0.00"
"US1FLMT0035","STUART 8.4 S, FL US","27.0728","-80.2583","5.2","2021-07-04","0.00"
"US1FLMT0035","STUART 8.4 S, FL US","27.0728","-80.2583","5.2","2021-07-05","0.00"
"US1FLMT0035","STUART 8.4 S, FL US","27.0728","-80.2583","5.2","2021-07-06","0.49"
"US1FLMT0035","STUART 8.4 S, FL US","27.0728","-80.2583","5.2","2021-07-07","0.25"
"US1FLMT0035","STUART 8.4 S, FL US","27.0728","-80.2583","5.2","2021-07-08","0.00"
"US1FLMT0035","STUART 8.4 S, FL US","27.0728","-80.2583","5.2","2021-07-09","0.07"
"US1FLMT0035","STUART 8.4 S, FL US","27.0728","-80.2583","5.2","2021-07-10","0.00"
"US1FLMT0035","STUART 8.4 S, FL US","27.0728","-80.2583","5.2","2021-07-11","0.00"
"US1FLMT0035","STUART 8.4 S, FL US","27.0728","-80.2583","5.2","2021-07-12","0.51"
"US1FLMT0035","STUART 8.4 S, FL US","27.0728","-80.2583","5.2","2021-07-13","0.65"
"US1FLMT0035","STUART 8.4 S, FL US","27.0728","-80.2583","5.2","2021-07-14","0.28"
"US1FLMT0035","STUART 8.4 S, FL US","27.0728","-80.2583","5.2","2021-07-15","0.00"
"US1FLMT0035","STUART 8.4 S, FL US","27.0728","-80.2583","5.2","2021-07-16","0.28"
"US1FLMT0035","STUART 8.4 S, FL US","27.0728","-80.2583","5.2","2021-07-17","0.00"
"US1FLMT0035","STUART 8.4 S, FL US","27.0728","-80.2583","5.2","2021-07-18","0.00"
"US1FLMT0035","STUART 8.4 S, FL US","27.0728","-80.2583","5.2","2021-07-19","0.00"
"US1FLMT0035","STUART 8.4 S, FL US","27.0728","-80.2583","5.2","2021-07-20","0.00"
"US1FLMT0035","STUART 8.4 S, FL US","27.0728","-80.2583","5.2","2021-07-21","0.00"
"USW00093837","JACKSONVILLE NAS, FL US","30.23333","-81.66667","6.1","2021-07-04","0.83"
"USW00093837","JACKSONVILLE NAS, FL US","30.23333","-81.66667","6.1","2021-07-05","0.43"
"USW00093837","JACKSONVILLE NAS, FL US","30.23333","-81.66667","6.1","2021-07-06","0.00"
"USW00093837","JACKSONVILLE NAS, FL US","30.23333","-81.66667","6.1","2021-07-07","2.83"
"USW00093837","JACKSONVILLE NAS, FL US","30.23333","-81.66667","6.1","2021-07-08","0.07"
"USW00093837","JACKSONVILLE NAS, FL US","30.23333","-81.66667","6.1","2021-07-09","0.00"
"USW00093837","JACKSONVILLE NAS, FL US","30.23333","-81.66667","6.1","2021-07-10","0.00"
"USW00093837","JACKSONVILLE NAS, FL US","30.23333","-81.66667","6.1","2021-07-11","0.00"
"USW00093837","JACKSONVILLE NAS, FL US","30.23333","-81.66667","6.1","2021-07-12","0.00"
"USW00093837","JACKSONVILLE NAS, FL US","30.23333","-81.66667","6.1","2021-07-13","0.02"
"USW00093837","JACKSONVILLE NAS, FL US","30.23333","-81.66667","6.1","2021-07-14","0.00"
"USW00093837","JACKSONVILLE NAS, FL US","30.23333","-81.66667","6.1","2021-07-15","0.00"
"USW00093837","JACKSONVILLE NAS, FL US","30.23333","-81.66667","6.1","2021-07-16","0.00"
"USW00093837","JACKSONVILLE NAS, FL US","30.23333","-81.66667","6.1","2021-07-17","0.00"
"USW00093837","JACKSONVILLE NAS, FL US","30.23333","-81.66667","6.1","2021-07-18","0.00"
"USW00093837","JACKSONVILLE NAS, FL US","30.23333","-81.66667","6.1","2021-07-19","0.14"
"USW00093837","JACKSONVILLE NAS, FL US","30.23333","-81.66667","6.1","2021-07-20","0.14"
"USW00093837","JACKSONVILLE NAS, FL US","30.23333","-81.66667","6.1","2021-07-21","0.00"
"US1FLPK0039","BARTOW 7.8 SE, FL US","27.828452","-81.743273","57.9","2021-07-04","0.72"
"US1FLPK0039","BARTOW 7.8 SE, FL US","27.828452","-81.743273","57.9","2021-07-05","0.00"
"US1FLPK0039","BARTOW 7.8 SE, FL US","27.828452","-81.743273","57.9","2021-07-06","1.23"
"US1FLPK0039","BARTOW 7.8 SE, FL US","27.828452","-81.743273","57.9","2021-07-07","3.75"
"US1FLPK0039","BARTOW 7.8 SE, FL US","27.828452","-81.743273","57.9","2021-07-08","0.06"
"US1FLPK0039","BARTOW 7.8 SE, FL US","27.828452","-81.743273","57.9","2021-07-09","0.33"
"US1FLPK0039","BARTOW 7.8 SE, FL US","27.828452","-81.743273","57.9","2021-07-10","0.00"
"US1FLPK0039","BARTOW 7.8 SE, FL US","27.828452","-81.743273","57.9","2021-07-11","0.36"
"US1FLPK0039","BARTOW 7.8 SE, FL US","27.828452","-81.743273","57.9","2021-07-12","0.23"
"US1FLPK0039","BARTOW 7.8 SE, FL US","27.828452","-81.743273","57.9","2021-07-13","0.20"
"US1FLPK0039","BARTOW 7.8 SE, FL US","27.828452","-81.743273","57.9","2021-07-14","0.22"
"US1FLPK0039","BARTOW 7.8 SE, FL US","27.828452","-81.743273","57.9","2021-07-15","0.11"
"US1FLPK0039","BARTOW 7.8 SE, FL US","27.828452","-81.743273","57.9","2021-07-16","0.00"
"US1FLPK0039","BARTOW 7.8 SE, FL US","27.828452","-81.743273","57.9","2021-07-17","0.00"
"US1FLPK0039","BARTOW 7.8 SE, FL US","27.828452","-81.743273","57.9","2021-07-18","0.00"
"US1FLPK0039","BARTOW 7.8 SE, FL US","27.828452","-81.743273","57.9","2021-07-19","0.00"
"US1FLPK0039","BARTOW 7.8 SE, FL US","27.828452","-81.743273","57.9","2021-07-20","0.09"
"US1FLPK0039","BARTOW 7.8 SE, FL US","27.828452","-81.743273","57.9","2021-07-21","0.02"
"USW00012832","APALACHICOLA AIRPORT, FL US","29.72681","-85.02481","5.5","2021-07-04","0.55"
"USW00012832","APALACHICOLA AIRPORT, FL US","29.72681","-85.02481","5.5","2021-07-05","0.00"
"USW00012832","APALACHICOLA AIRPORT, FL US","29.72681","-85.02481","5.5","2021-07-06","0.35"
"USW00012832","APALACHICOLA AIRPORT, FL US","29.72681","-85.02481","5.5","2021-07-07","0.26"
"USW00012832","APALACHICOLA AIRPORT, FL US","29.72681","-85.02481","5.5","2021-07-08","0.00"
"USW00012832","APALACHICOLA AIRPORT, FL US","29.72681","-85.02481","5.5","2021-07-09","0.32"
"USW00012832","APALACHICOLA AIRPORT, FL US","29.72681","-85.02481","5.5","2021-07-10","0.00"
"USW00012832","APALACHICOLA AIRPORT, FL US","29.72681","-85.02481","5.5","2021-07-11","0.00"
"USW00012832","APALACHICOLA AIRPORT, FL US","29.72681","-85.02481","5.5","2021-07-12","0.02"
"USW00012832","APALACHICOLA AIRPORT, FL US","29.72681","-85.02481","5.5","2021-07-13","0.00"
"USW00012832","APALACHICOLA AIRPORT, FL US","29.72681","-85.02481","5.5","2021-07-14","0.00"
"USW00012832","APALACHICOLA AIRPORT, FL US","29.72681","-85.02481","5.5","2021-07-15","0.00"
"USW00012832","APALACHICOLA AIRPORT, FL US","29.72681","-85.02481","5.5","2021-07-16","0.00"
"USW00012832","APALACHICOLA AIRPORT, FL US","29.72681","-85.02481","5.5","2021-07-19","0.09"
"USW00012832","APALACHICOLA AIRPORT, FL US","29.72681","-85.02481","5.5","2021-07-20","0.59"
"USW00012832","APALACHICOLA AIRPORT, FL US","29.72681","-85.02481","5.5","2021-07-21","0.01"
"US1FLPK0035","FROSTPROOF 4.6 SW, FL US","27.70274","-81.58903","48.2","2021-07-04","0.53"
"US1FLPK0035","FROSTPROOF 4.6 SW, FL US","27.70274","-81.58903","48.2","2021-07-05","0.00"
"US1FLPK0035","FROSTPROOF 4.6 SW, FL US","27.70274","-81.58903","48.2","2021-07-06","0.69"
"US1FLPK0035","FROSTPROOF 4.6 SW, FL US","27.70274","-81.58903","48.2","2021-07-07","1.58"
"US1FLPK0035","FROSTPROOF 4.6 SW, FL US","27.70274","-81.58903","48.2","2021-07-08","0.51"
"US1FLPK0035","FROSTPROOF 4.6 SW, FL US","27.70274","-81.58903","48.2","2021-07-09","0.02"
"US1FLPK0035","FROSTPROOF 4.6 SW, FL US","27.70274","-81.58903","48.2","2021-07-10","0.03"
"US1FLPK0035","FROSTPROOF 4.6 SW, FL US","27.70274","-81.58903","48.2","2021-07-11","0.00"
"US1FLPK0035","FROSTPROOF 4.6 SW, FL US","27.70274","-81.58903","48.2","2021-07-12","0.00"
"US1FLPK0035","FROSTPROOF 4.6 SW, FL US","27.70274","-81.58903","48.2","2021-07-13","0.00"
"US1FLPK0035","FROSTPROOF 4.6 SW, FL US","27.70274","-81.58903","48.2","2021-07-14","0.09"
"US1FLPK0035","FROSTPROOF 4.6 SW, FL US","27.70274","-81.58903","48.2","2021-07-15","0.36"
"US1FLPK0035","FROSTPROOF 4.6 SW, FL US","27.70274","-81.58903","48.2","2021-07-16","0.00"
"US1FLPK0035","FROSTPROOF 4.6 SW, FL US","27.70274","-81.58903","48.2","2021-07-17","0.02"
"US1FLPK0035","FROSTPROOF 4.6 SW, FL US","27.70274","-81.58903","48.2","2021-07-18","0.40"
"US1FLPK0035","FROSTPROOF 4.6 SW, FL US","27.70274","-81.58903","48.2","2021-07-19","0.00"
"US1FLPK0035","FROSTPROOF 4.6 SW, FL US","27.70274","-81.58903","48.2","2021-07-20","1.14"
"US1FLPK0035","FROSTPROOF 4.6 SW, FL US","27.70274","-81.58903","48.2","2021-07-21","0.23"
"USC00088620","STUART, FL US","27.1897","-80.2397","4.0","2021-07-04","0.04"
"USC00088620","STUART, FL US","27.1897","-80.2397","4.0","2021-07-05","0.51"
"USC00088620","STUART, FL US","27.1897","-80.2397","4.0","2021-07-06","0.38"
"USC00088620","STUART, FL US","27.1897","-80.2397","4.0","2021-07-07","0.02"
"USC00088620","STUART, FL US","27.1897","-80.2397","4.0","2021-07-08","0.00"
"USC00088620","STUART, FL US","27.1897","-80.2397","4.0","2021-07-09","0.01"
"USC00088620","STUART, FL US","27.1897","-80.2397","4.0","2021-07-10","1.14"
"USC00088620","STUART, FL US","27.1897","-80.2397","4.0","2021-07-11","0.02"
"USC00088620","STUART, FL US","27.1897","-80.2397","4.0","2021-07-12","0.01"
"USC00088620","STUART, FL US","27.1897","-80.2397","4.0","2021-07-13","0.11"
"USC00088620","STUART, FL US","27.1897","-80.2397","4.0","2021-07-14","0.01"
"USC00088620","STUART, FL US","27.1897","-80.2397","4.0","2021-07-15","0.00"
"USC00088620","STUART, FL US","27.1897","-80.2397","4.0","2021-07-16","0.16"
"USC00088620","STUART, FL US","27.1897","-80.2397","4.0","2021-07-17","0.00"
"USC00088620","STUART, FL US","27.1897","-80.2397","4.0","2021-07-18","0.31"
"USC00088620","STUART, FL US","27.1897","-80.2397","4.0","2021-07-19","0.00"
"USC00088620","STUART, FL US","27.1897","-80.2397","4.0","2021-07-20","0.14"
"USC00088620","STUART, FL US","27.1897","-80.2397","4.0","2021-07-21","0.00"
"US1FLBW0110","HOLLYWOOD 1.1 WNW, FL US","26.0377389","-80.179971","1.8","2021-07-04","0.01"
"US1FLBW0110","HOLLYWOOD 1.1 WNW, FL US","26.0377389","-80.179971","1.8","2021-07-05","0.00"
"US1FLBW0110","HOLLYWOOD 1.1 WNW, FL US","26.0377389","-80.179971","1.8","2021-07-06","0.41"
"US1FLBW0110","HOLLYWOOD 1.1 WNW, FL US","26.0377389","-80.179971","1.8","2021-07-07","0.63"
"US1FLBW0110","HOLLYWOOD 1.1 WNW, FL US","26.0377389","-80.179971","1.8","2021-07-08","0.00"
"US1FLBW0110","HOLLYWOOD 1.1 WNW, FL US","26.0377389","-80.179971","1.8","2021-07-09","0.00"
"US1FLBW0110","HOLLYWOOD 1.1 WNW, FL US","26.0377389","-80.179971","1.8","2021-07-10","0.08"
"US1FLBW0110","HOLLYWOOD 1.1 WNW, FL US","26.0377389","-80.179971","1.8","2021-07-11","0.03"
"US1FLBW0110","HOLLYWOOD 1.1 WNW, FL US","26.0377389","-80.179971","1.8","2021-07-12","0.13"
"US1FLBW0110","HOLLYWOOD 1.1 WNW, FL US","26.0377389","-80.179971","1.8","2021-07-13","1.03"
"US1FLBW0110","HOLLYWOOD 1.1 WNW, FL US","26.0377389","-80.179971","1.8","2021-07-14","0.33"
"US1FLBW0110","HOLLYWOOD 1.1 WNW, FL US","26.0377389","-80.179971","1.8","2021-07-15","0.02"
"US1FLBW0110","HOLLYWOOD 1.1 WNW, FL US","26.0377389","-80.179971","1.8","2021-07-16","0.04"
"US1FLBW0110","HOLLYWOOD 1.1 WNW, FL US","26.0377389","-80.179971","1.8","2021-07-17","0.45"
"US1FLBW0110","HOLLYWOOD 1.1 WNW, FL US","26.0377389","-80.179971","1.8","2021-07-18","0.03"
"US1FLBW0110","HOLLYWOOD 1.1 WNW, FL US","26.0377389","-80.179971","1.8","2021-07-19","0.05"
"US1FLBW0110","HOLLYWOOD 1.1 WNW, FL US","26.0377389","-80.179971","1.8","2021-07-20","0.01"
"US1FLBW0110","HOLLYWOOD 1.1 WNW, FL US","26.0377389","-80.179971","1.8","2021-07-21","0.41"
"US1FLPK0034","LAKELAND 6.9 SW, FL US","27.960836","-81.995608","32.9","2021-07-04","1.56"
"US1FLPK0034","LAKELAND 6.9 SW, FL US","27.960836","-81.995608","32.9","2021-07-05","0.00"
"US1FLPK0034","LAKELAND 6.9 SW, FL US","27.960836","-81.995608","32.9","2021-07-06","0.02"
"US1FLPK0034","LAKELAND 6.9 SW, FL US","27.960836","-81.995608","32.9","2021-07-07","4.20"
"US1FLPK0034","LAKELAND 6.9 SW, FL US","27.960836","-81.995608","32.9","2021-07-08","0.09"
"US1FLPK0034","LAKELAND 6.9 SW, FL US","27.960836","-81.995608","32.9","2021-07-09","0.49"
"US1FLPK0034","LAKELAND 6.9 SW, FL US","27.960836","-81.995608","32.9","2021-07-10","0.28"
"US1FLPK0034","LAKELAND 6.9 SW, FL US","27.960836","-81.995608","32.9","2021-07-11","1.08"
"US1FLPK0034","LAKELAND 6.9 SW, FL US","27.960836","-81.995608","32.9","2021-07-12","0.54"
"US1FLPK0034","LAKELAND 6.9 SW, FL US","27.960836","-81.995608","32.9","2021-07-13","0.03"
"US1FLPK0034","LAKELAND 6.9 SW, FL US","27.960836","-81.995608","32.9","2021-07-14","0.35"
"US1FLPK0034","LAKELAND 6.9 SW, FL US","27.960836","-81.995608","32.9","2021-07-15","0.06"
"US1FLPK0034","LAKELAND 6.9 SW, FL US","27.960836","-81.995608","32.9","2021-07-16","0.00"
"US1FLPK0034","LAKELAND 6.9 SW, FL US","27.960836","-81.995608","32.9","2021-07-17","0.00"
"US1FLPK0034","LAKELAND 6.9 SW, FL US","27.960836","-81.995608","32.9","2021-07-18","0.00"
"US1FLPK0034","LAKELAND 6.9 SW, FL US","27.960836","-81.995608","32.9","2021-07-19","0.01"
"US1FLPK0034","LAKELAND 6.9 SW, FL US","27.960836","-81.995608","32.9","2021-07-20","0.21"
"US1FLPK0034","LAKELAND 6.9 SW, FL US","27.960836","-81.995608","32.9","2021-07-21","0.08"
"US1FLPK0032","LAKELAND 5.3 WNW, FL US","28.06498","-82.04227","34.1","2021-07-04","0.75"
"US1FLPK0032","LAKELAND 5.3 WNW, FL US","28.06498","-82.04227","34.1","2021-07-05","0.00"
"US1FLPK0032","LAKELAND 5.3 WNW, FL US","28.06498","-82.04227","34.1","2021-07-06","0.00"
"US1FLPK0032","LAKELAND 5.3 WNW, FL US","28.06498","-82.04227","34.1","2021-07-07","3.89"
"US1FLPK0032","LAKELAND 5.3 WNW, FL US","28.06498","-82.04227","34.1","2021-07-08","0.21"
"US1FLPK0032","LAKELAND 5.3 WNW, FL US","28.06498","-82.04227","34.1","2021-07-09","0.00"
"US1FLPK0032","LAKELAND 5.3 WNW, FL US","28.06498","-82.04227","34.1","2021-07-10","0.00"
"US1FLPK0032","LAKELAND 5.3 WNW, FL US","28.06498","-82.04227","34.1","2021-07-11","0.05"
"US1FLPK0032","LAKELAND 5.3 WNW, FL US","28.06498","-82.04227","34.1","2021-07-12","0.06"
"US1FLPK0032","LAKELAND 5.3 WNW, FL US","28.06498","-82.04227","34.1","2021-07-13","0.06"
"US1FLPK0032","LAKELAND 5.3 WNW, FL US","28.06498","-82.04227","34.1","2021-07-14","0.45"
"US1FLPK0032","LAKELAND 5.3 WNW, FL US","28.06498","-82.04227","34.1","2021-07-15","0.06"
"US1FLPK0032","LAKELAND 5.3 WNW, FL US","28.06498","-82.04227","34.1","2021-07-16","0.00"
"US1FLPK0032","LAKELAND 5.3 WNW, FL US","28.06498","-82.04227","34.1","2021-07-17","0.00"
"US1FLPK0032","LAKELAND 5.3 WNW, FL US","28.06498","-82.04227","34.1","2021-07-18","0.00"
"US1FLPK0032","LAKELAND 5.3 WNW, FL US","28.06498","-82.04227","34.1","2021-07-19","0.17"
"US1FLPK0032","LAKELAND 5.3 WNW, FL US","28.06498","-82.04227","34.1","2021-07-20","0.43"
"US1FLPK0032","LAKELAND 5.3 WNW, FL US","28.06498","-82.04227","34.1","2021-07-21","0.00"
"USC00085359","MARCO ISLAND, FL US","25.9491","-81.7138","3.0","2021-07-04","0.00"
"USC00085359","MARCO ISLAND, FL US","25.9491","-81.7138","3.0","2021-07-05","0.00"
"USC00085359","MARCO ISLAND, FL US","25.9491","-81.7138","3.0","2021-07-06","0.20"
"USC00085359","MARCO ISLAND, FL US","25.9491","-81.7138","3.0","2021-07-07","4.03"
"USC00085359","MARCO ISLAND, FL US","25.9491","-81.7138","3.0","2021-07-08","0.00"
"USC00085359","MARCO ISLAND, FL US","25.9491","-81.7138","3.0","2021-07-09","0.00"
"USC00085359","MARCO ISLAND, FL US","25.9491","-81.7138","3.0","2021-07-10","0.08"
"USC00085359","MARCO ISLAND, FL US","25.9491","-81.7138","3.0","2021-07-11","0.93"
"USC00085359","MARCO ISLAND, FL US","25.9491","-81.7138","3.0","2021-07-12","0.25"
"USC00085359","MARCO ISLAND, FL US","25.9491","-81.7138","3.0","2021-07-13","0.01"
"USC00085359","MARCO ISLAND, FL US","25.9491","-81.7138","3.0","2021-07-14","1.46"
"USC00085359","MARCO ISLAND, FL US","25.9491","-81.7138","3.0","2021-07-15","0.27"
"USC00085359","MARCO ISLAND, FL US","25.9491","-81.7138","3.0","2021-07-16","0.41"
"USC00085359","MARCO ISLAND, FL US","25.9491","-81.7138","3.0","2021-07-17","0.22"
"USC00085359","MARCO ISLAND, FL US","25.9491","-81.7138","3.0","2021-07-18","0.02"
"USC00085359","MARCO ISLAND, FL US","25.9491","-81.7138","3.0","2021-07-19","0.00"
"USC00085359","MARCO ISLAND, FL US","25.9491","-81.7138","3.0","2021-07-20","0.00"
"USC00085359","MARCO ISLAND, FL US","25.9491","-81.7138","3.0","2021-07-21","0.00"
"US1FLBW0116","PLANTATION 2.3 WNW, FL US","26.139089","-80.295318","2.1","2021-07-05","0.02"
"US1FLBW0116","PLANTATION 2.3 WNW, FL US","26.139089","-80.295318","2.1","2021-07-06","0.32"
"US1FLBW0116","PLANTATION 2.3 WNW, FL US","26.139089","-80.295318","2.1","2021-07-07","0.27"
"US1FLBW0116","PLANTATION 2.3 WNW, FL US","26.139089","-80.295318","2.1","2021-07-09",
"US1FLBW0116","PLANTATION 2.3 WNW, FL US","26.139089","-80.295318","2.1","2021-07-12",
"US1FLBW0116","PLANTATION 2.3 WNW, FL US","26.139089","-80.295318","2.1","2021-07-14","0.13"
"US1FLBW0116","PLANTATION 2.3 WNW, FL US","26.139089","-80.295318","2.1","2021-07-15","0.22"
"US1FLBW0116","PLANTATION 2.3 WNW, FL US","26.139089","-80.295318","2.1","2021-07-16","0.09"
"US1FLBW0116","PLANTATION 2.3 WNW, FL US","26.139089","-80.295318","2.1","2021-07-19",
"US1FLBW0116","PLANTATION 2.3 WNW, FL US","26.139089","-80.295318","2.1","2021-07-20","0.01"
"US1FLBW0116","PLANTATION 2.3 WNW, FL US","26.139089","-80.295318","2.1","2021-07-21","3.05"
"US1FLLK0017","LEESBURG 5.4 SSE, FL US","28.736608505249","-81.8464813232422","29.6","2021-07-04","0.61"
"US1FLLK0017","LEESBURG 5.4 SSE, FL US","28.736608505249","-81.8464813232422","29.6","2021-07-06","0.00"
"US1FLLK0017","LEESBURG 5.4 SSE, FL US","28.736608505249","-81.8464813232422","29.6","2021-07-07","0.86"
"US1FLLK0017","LEESBURG 5.4 SSE, FL US","28.736608505249","-81.8464813232422","29.6","2021-07-09",
"US1FLLK0017","LEESBURG 5.4 SSE, FL US","28.736608505249","-81.8464813232422","29.6","2021-07-10","0.05"
"US1FLLK0017","LEESBURG 5.4 SSE, FL US","28.736608505249","-81.8464813232422","29.6","2021-07-11","0.00"
"US1FLLK0017","LEESBURG 5.4 SSE, FL US","28.736608505249","-81.8464813232422","29.6","2021-07-12","0.00"
"US1FLLK0017","LEESBURG 5.4 SSE, FL US","28.736608505249","-81.8464813232422","29.6","2021-07-13","1.12"
"US1FLLK0017","LEESBURG 5.4 SSE, FL US","28.736608505249","-81.8464813232422","29.6","2021-07-15","0.87"
"US1FLLK0017","LEESBURG 5.4 SSE, FL US","28.736608505249","-81.8464813232422","29.6","2021-07-16","0.00"
"US1FLLK0017","LEESBURG 5.4 SSE, FL US","28.736608505249","-81.8464813232422","29.6","2021-07-17","0.00"
"US1FLLK0017","LEESBURG 5.4 SSE, FL US","28.736608505249","-81.8464813232422","29.6","2021-07-18","0.00"
"US1FLLK0017","LEESBURG 5.4 SSE, FL US","28.736608505249","-81.8464813232422","29.6","2021-07-19","0.00"
"US1FLLK0017","LEESBURG 5.4 SSE, FL US","28.736608505249","-81.8464813232422","29.6","2021-07-20","0.14"
"US1FLLK0017","LEESBURG 5.4 SSE, FL US","28.736608505249","-81.8464813232422","29.6","2021-07-21","0.00"
"US1FLLK0016","LADY LAKE 2.5 SSW, FL US","28.892491","-81.9404069","24.1","2021-07-04","0.42"
"US1FLLK0016","LADY LAKE 2.5 SSW, FL US","28.892491","-81.9404069","24.1","2021-07-05","1.00"
"US1FLLK0016","LADY LAKE 2.5 SSW, FL US","28.892491","-81.9404069","24.1","2021-07-06","0.02"
"US1FLLK0016","LADY LAKE 2.5 SSW, FL US","28.892491","-81.9404069","24.1","2021-07-07","0.84"
"US1FLLK0016","LADY LAKE 2.5 SSW, FL US","28.892491","-81.9404069","24.1","2021-07-08","0.13"
"US1FLLK0016","LADY LAKE 2.5 SSW, FL US","28.892491","-81.9404069","24.1","2021-07-09","0.51"
"US1FLLK0016","LADY LAKE 2.5 SSW, FL US","28.892491","-81.9404069","24.1","2021-07-10","0.55"
"US1FLLK0016","LADY LAKE 2.5 SSW, FL US","28.892491","-81.9404069","24.1","2021-07-11","0.00"
"US1FLLK0016","LADY LAKE 2.5 SSW, FL US","28.892491","-81.9404069","24.1","2021-07-12","0.00"
"US1FLLK0016","LADY LAKE 2.5 SSW, FL US","28.892491","-81.9404069","24.1","2021-07-13","1.11"
"US1FLLK0016","LADY LAKE 2.5 SSW, FL US","28.892491","-81.9404069","24.1","2021-07-14","0.02"
"US1FLLK0016","LADY LAKE 2.5 SSW, FL US","28.892491","-81.9404069","24.1","2021-07-15","0.02"
"US1FLLK0016","LADY LAKE 2.5 SSW, FL US","28.892491","-81.9404069","24.1","2021-07-16","0.00"
"US1FLLK0016","LADY LAKE 2.5 SSW, FL US","28.892491","-81.9404069","24.1","2021-07-17","0.00"
"US1FLLK0016","LADY LAKE 2.5 SSW, FL US","28.892491","-81.9404069","24.1","2021-07-18","0.00"
"US1FLLK0016","LADY LAKE 2.5 SSW, FL US","28.892491","-81.9404069","24.1","2021-07-19","0.00"
"US1FLLK0016","LADY LAKE 2.5 SSW, FL US","28.892491","-81.9404069","24.1","2021-07-20","0.00"
"US1FLLK0016","LADY LAKE 2.5 SSW, FL US","28.892491","-81.9404069","24.1","2021-07-21","0.15"
"US1FLSL0022","PORT ST. LUCIE 2.4 N, FL US","27.313837","-80.356329","4.9","2021-07-04",
"US1FLSL0022","PORT ST. LUCIE 2.4 N, FL US","27.313837","-80.356329","4.9","2021-07-05","0.00"
"US1FLSL0022","PORT ST. LUCIE 2.4 N, FL US","27.313837","-80.356329","4.9","2021-07-06","0.52"
"US1FLSL0022","PORT ST. LUCIE 2.4 N, FL US","27.313837","-80.356329","4.9","2021-07-07","0.04"
"US1FLSL0022","PORT ST. LUCIE 2.4 N, FL US","27.313837","-80.356329","4.9","2021-07-08","0.07"
"US1FLSL0022","PORT ST. LUCIE 2.4 N, FL US","27.313837","-80.356329","4.9","2021-07-09","0.01"
"US1FLSL0022","PORT ST. LUCIE 2.4 N, FL US","27.313837","-80.356329","4.9","2021-07-10","0.12"
"US1FLSL0022","PORT ST. LUCIE 2.4 N, FL US","27.313837","-80.356329","4.9","2021-07-11","0.03"
"US1FLSL0022","PORT ST. LUCIE 2.4 N, FL US","27.313837","-80.356329","4.9","2021-07-12","0.00"
"US1FLSL0022","PORT ST. LUCIE 2.4 N, FL US","27.313837","-80.356329","4.9","2021-07-13","0.05"
"US1FLSL0022","PORT ST. LUCIE 2.4 N, FL US","27.313837","-80.356329","4.9","2021-07-19",
"US1FLSL0022","PORT ST. LUCIE 2.4 N, FL US","27.313837","-80.356329","4.9","2021-07-20","0.05"
"US1FLSL0022","PORT ST. LUCIE 2.4 N, FL US","27.313837","-80.356329","4.9","2021-07-21","0.62"
"USR0000FMIL","MILES CITY FLORIDA, FL US","26.2483","-81.2967","4.6","2021-07-04",
"USR0000FMIL","MILES CITY FLORIDA, FL US","26.2483","-81.2967","4.6","2021-07-05",
"USR0000FMIL","MILES CITY FLORIDA, FL US","26.2483","-81.2967","4.6","2021-07-06",
"USR0000FMIL","MILES CITY FLORIDA, FL US","26.2483","-81.2967","4.6","2021-07-07",
"USR0000FMIL","MILES CITY FLORIDA, FL US","26.2483","-81.2967","4.6","2021-07-08",
"USR0000FMIL","MILES CITY FLORIDA, FL US","26.2483","-81.2967","4.6","2021-07-09",
"USR0000FMIL","MILES CITY FLORIDA, FL US","26.2483","-81.2967","4.6","2021-07-10",
"USR0000FMIL","MILES CITY FLORIDA, FL US","26.2483","-81.2967","4.6","2021-07-11",
"USR0000FMIL","MILES CITY FLORIDA, FL US","26.2483","-81.2967","4.6","2021-07-12",
"USR0000FMIL","MILES CITY FLORIDA, FL US","26.2483","-81.2967","4.6","2021-07-13",
"USR0000FMIL","MILES CITY FLORIDA, FL US","26.2483","-81.2967","4.6","2021-07-14",
"USR0000FMIL","MILES CITY FLORIDA, FL US","26.2483","-81.2967","4.6","2021-07-15",
"USR0000FMIL","MILES CITY FLORIDA, FL US","26.2483","-81.2967","4.6","2021-07-16",
"USR0000FMIL","MILES CITY FLORIDA, FL US","26.2483","-81.2967","4.6","2021-07-17",
"USR0000FMIL","MILES CITY FLORIDA, FL US","26.2483","-81.2967","4.6","2021-07-18",
"USR0000FMIL","MILES CITY FLORIDA, FL US","26.2483","-81.2967","4.6","2021-07-19",
"USR0000FMIL","MILES CITY FLORIDA, FL US","26.2483","-81.2967","4.6","2021-07-20",
"USR0000FMIL","MILES CITY FLORIDA, FL US","26.2483","-81.2967","4.6","2021-07-21",
"USC00087760","ROYAL PALM RANGER STATION, FL US","25.3866","-80.5936","2.1","2021-07-04","0.00"
"USC00087760","ROYAL PALM RANGER STATION, FL US","25.3866","-80.5936","2.1","2021-07-05","0.36"
"USC00087760","ROYAL PALM RANGER STATION, FL US","25.3866","-80.5936","2.1","2021-07-06","0.38"
"USC00087760","ROYAL PALM RANGER STATION, FL US","25.3866","-80.5936","2.1","2021-07-07","0.00"
"USC00087760","ROYAL PALM RANGER STATION, FL US","25.3866","-80.5936","2.1","2021-07-08","0.00"
"USC00087760","ROYAL PALM RANGER STATION, FL US","25.3866","-80.5936","2.1","2021-07-09","0.00"
"USC00087760","ROYAL PALM RANGER STATION, FL US","25.3866","-80.5936","2.1","2021-07-10","0.05"
"USC00087760","ROYAL PALM RANGER STATION, FL US","25.3866","-80.5936","2.1","2021-07-11","0.07"
"USC00087760","ROYAL PALM RANGER STATION, FL US","25.3866","-80.5936","2.1","2021-07-12","0.20"
"USC00087760","ROYAL PALM RANGER STATION, FL US","25.3866","-80.5936","2.1","2021-07-13","1.88"
"USC00087760","ROYAL PALM RANGER STATION, FL US","25.3866","-80.5936","2.1","2021-07-14","0.00"
"USC00087760","ROYAL PALM RANGER STATION, FL US","25.3866","-80.5936","2.1","2021-07-15","0.05"
"USC00087760","ROYAL PALM RANGER STATION, FL US","25.3866","-80.5936","2.1","2021-07-16","0.00"
"USC00087760","ROYAL PALM RANGER STATION, FL US","25.3866","-80.5936","2.1","2021-07-17","0.00"
"USC00087760","ROYAL PALM RANGER STATION, FL US","25.3866","-80.5936","2.1","2021-07-18","0.00"
"USC00087760","ROYAL PALM RANGER STATION, FL US","25.3866","-80.5936","2.1","2021-07-19","0.00"
"USC00087760","ROYAL PALM RANGER STATION, FL US","25.3866","-80.5936","2.1","2021-07-20","0.01"
"USC00087760","ROYAL PALM RANGER STATION, FL US","25.3866","-80.5936","2.1","2021-07-21","0.00"
"USR0000FSUM","SUMATRA FLORIDA, FL US","30.0175","-84.9842","18.3","2021-07-04",
"USR0000FSUM","SUMATRA FLORIDA, FL US","30.0175","-84.9842","18.3","2021-07-05",
"USR0000FSUM","SUMATRA FLORIDA, FL US","30.0175","-84.9842","18.3","2021-07-06",
"USR0000FSUM","SUMATRA FLORIDA, FL US","30.0175","-84.9842","18.3","2021-07-07",
"USR0000FSUM","SUMATRA FLORIDA, FL US","30.0175","-84.9842","18.3","2021-07-08",
"USR0000FSUM","SUMATRA FLORIDA, FL US","30.0175","-84.9842","18.3","2021-07-09",
"USR0000FSUM","SUMATRA FLORIDA, FL US","30.0175","-84.9842","18.3","2021-07-10",
"USR0000FSUM","SUMATRA FLORIDA, FL US","30.0175","-84.9842","18.3","2021-07-11",
"USR0000FSUM","SUMATRA FLORIDA, FL US","30.0175","-84.9842","18.3","2021-07-12",
"USR0000FSUM","SUMATRA FLORIDA, FL US","30.0175","-84.9842","18.3","2021-07-13",
"USR0000FSUM","SUMATRA FLORIDA, FL US","30.0175","-84.9842","18.3","2021-07-14",
"USR0000FSUM","SUMATRA FLORIDA, FL US","30.0175","-84.9842","18.3","2021-07-15",
"USR0000FSUM","SUMATRA FLORIDA, FL US","30.0175","-84.9842","18.3","2021-07-16",
"USR0000FSUM","SUMATRA FLORIDA, FL US","30.0175","-84.9842","18.3","2021-07-17",
"USR0000FSUM","SUMATRA FLORIDA, FL US","30.0175","-84.9842","18.3","2021-07-18",
"USR0000FSUM","SUMATRA FLORIDA, FL US","30.0175","-84.9842","18.3","2021-07-19",
"USR0000FSUM","SUMATRA FLORIDA, FL US","30.0175","-84.9842","18.3","2021-07-20",
"USR0000FSUM","SUMATRA FLORIDA, FL US","30.0175","-84.9842","18.3","2021-07-21",
"USW00012842","TAMPA INTERNATIONAL AIRPORT, FL US","27.96331","-82.54","1.8","2021-07-04","0.00"
"USW00012842","TAMPA INTERNATIONAL AIRPORT, FL US","27.96331","-82.54","1.8","2021-07-05","0.18"
"USW00012842","TAMPA INTERNATIONAL AIRPORT, FL US","27.96331","-82.54","1.8","2021-07-06","0.66"
"USW00012842","TAMPA INTERNATIONAL AIRPORT, FL US","27.96331","-82.54","1.8","2021-07-07","0.90"
"USW00012842","TAMPA INTERNATIONAL AIRPORT, FL US","27.96331","-82.54","1.8","2021-07-08","0.01"
"USW00012842","TAMPA INTERNATIONAL AIRPORT, FL US","27.96331","-82.54","1.8","2021-07-09","0.00"
"USW00012842","TAMPA INTERNATIONAL AIRPORT, FL US","27.96331","-82.54","1.8","2021-07-10","0.00"
"USW00012842","TAMPA INTERNATIONAL AIRPORT, FL US","27.96331","-82.54","1.8","2021-07-11","0.00"
"USW00012842","TAMPA INTERNATIONAL AIRPORT, FL US","27.96331","-82.54","1.8","2021-07-12","0.30"
"USW00012842","TAMPA INTERNATIONAL AIRPORT, FL US","27.96331","-82.54","1.8","2021-07-13","0.21"
"USW00012842","TAMPA INTERNATIONAL AIRPORT, FL US","27.96331","-82.54","1.8","2021-07-14","0.03"
"USW00012842","TAMPA INTERNATIONAL AIRPORT, FL US","27.96331","-82.54","1.8","2021-07-15","0.00"
"USW00012842","TAMPA INTERNATIONAL AIRPORT, FL US","27.96331","-82.54","1.8","2021-07-16","0.00"
"USW00012842","TAMPA INTERNATIONAL AIRPORT, FL US","27.96331","-82.54","1.8","2021-07-17","0.01"
"USW00012842","TAMPA INTERNATIONAL AIRPORT, FL US","27.96331","-82.54","1.8","2021-07-18","0.00"
"USW00012842","TAMPA INTERNATIONAL AIRPORT, FL US","27.96331","-82.54","1.8","2021-07-19","0.50"
"USW00012842","TAMPA INTERNATIONAL AIRPORT, FL US","27.96331","-82.54","1.8","2021-07-20","0.00"
"USW00012842","TAMPA INTERNATIONAL AIRPORT, FL US","27.96331","-82.54","1.8","2021-07-21","0.37"
"USC00083163","FORT LAUDERDALE, FL US","26.1019","-80.2011","4.9","2021-07-04","0.00"
"USC00083163","FORT LAUDERDALE, FL US","26.1019","-80.2011","4.9","2021-07-05","0.00"
"USC00083163","FORT LAUDERDALE, FL US","26.1019","-80.2011","4.9","2021-07-06","0.30"
"USC00083163","FORT LAUDERDALE, FL US","26.1019","-80.2011","4.9","2021-07-07","0.47"
"USC00083163","FORT LAUDERDALE, FL US","26.1019","-80.2011","4.9","2021-07-08","0.00"
"USC00083163","FORT LAUDERDALE, FL US","26.1019","-80.2011","4.9","2021-07-09","0.15"
"USC00083163","FORT LAUDERDALE, FL US","26.1019","-80.2011","4.9","2021-07-10","0.00"
"USC00083163","FORT LAUDERDALE, FL US","26.1019","-80.2011","4.9","2021-07-11","0.10"
"USC00083163","FORT LAUDERDALE, FL US","26.1019","-80.2011","4.9","2021-07-12","0.63"
"USC00083163","FORT LAUDERDALE, FL US","26.1019","-80.2011","4.9","2021-07-13","1.72"
"USC00083163","FORT LAUDERDALE, FL US","26.1019","-80.2011","4.9","2021-07-14","0.19"
"USC00083163","FORT LAUDERDALE, FL US","26.1019","-80.2011","4.9","2021-07-15","0.00"
"USC00083163","FORT LAUDERDALE, FL US","26.1019","-80.2011","4.9","2021-07-16","0.22"
"USC00083163","FORT LAUDERDALE, FL US","26.1019","-80.2011","4.9","2021-07-17","0.25"
"USC00083163","FORT LAUDERDALE, FL US","26.1019","-80.2011","4.9","2021-07-18","0.21"
"USC00083163","FORT LAUDERDALE, FL US","26.1019","-80.2011","4.9","2021-07-19","0.00"
"USC00083163","FORT LAUDERDALE, FL US","26.1019","-80.2011","4.9","2021-07-20","0.09"
"USC00083163","FORT LAUDERDALE, FL US","26.1019","-80.2011","4.9","2021-07-21","0.58"
"USW00012843","VERO BEACH INTERNATIONAL AIRPORT, FL US","27.6553","-80.41425","5.7","2021-07-04","0.00"
"USW00012843","VERO BEACH INTERNATIONAL AIRPORT, FL US","27.6553","-80.41425","5.7","2021-07-05","0.27"
"USW00012843","VERO BEACH INTERNATIONAL AIRPORT, FL US","27.6553","-80.41425","5.7","2021-07-06","0.00"
"USW00012843","VERO BEACH INTERNATIONAL AIRPORT, FL US","27.6553","-80.41425","5.7","2021-07-07","0.07"
"USW00012843","VERO BEACH INTERNATIONAL AIRPORT, FL US","27.6553","-80.41425","5.7","2021-07-08","0.00"
"USW00012843","VERO BEACH INTERNATIONAL AIRPORT, FL US","27.6553","-80.41425","5.7","2021-07-09","0.53"
"USW00012843","VERO BEACH INTERNATIONAL AIRPORT, FL US","27.6553","-80.41425","5.7","2021-07-10","0.00"
"USW00012843","VERO BEACH INTERNATIONAL AIRPORT, FL US","27.6553","-80.41425","5.7","2021-07-11","0.00"
"USW00012843","VERO BEACH INTERNATIONAL AIRPORT, FL US","27.6553","-80.41425","5.7","2021-07-12","0.05"
"USW00012843","VERO BEACH INTERNATIONAL AIRPORT, FL US","27.6553","-80.41425","5.7","2021-07-13","0.05"
"USW00012843","VERO BEACH INTERNATIONAL AIRPORT, FL US","27.6553","-80.41425","5.7","2021-07-14","0.00"
"USW00012843","VERO BEACH INTERNATIONAL AIRPORT, FL US","27.6553","-80.41425","5.7","2021-07-15","0.01"
"USW00012843","VERO BEACH INTERNATIONAL AIRPORT, FL US","27.6553","-80.41425","5.7","2021-07-16","0.00"
"USW00012843","VERO BEACH INTERNATIONAL AIRPORT, FL US","27.6553","-80.41425","5.7","2021-07-17","0.01"
"USW00012843","VERO BEACH INTERNATIONAL AIRPORT, FL US","27.6553","-80.41425","5.7","2021-07-18","0.00"
"USW00012843","VERO BEACH INTERNATIONAL AIRPORT, FL US","27.6553","-80.41425","5.7","2021-07-19","0.02"
"USW00012843","VERO BEACH INTERNATIONAL AIRPORT, FL US","27.6553","-80.41425","5.7","2021-07-20","0.15"
"USW00012843","VERO BEACH INTERNATIONAL AIRPORT, FL US","27.6553","-80.41425","5.7","2021-07-21","0.16"
"US1FLBW0121","POMPANO BEACH 3.1 NE, FL US","26.27232","-80.10258","3.0","2021-07-04","0.02"
"US1FLBW0121","POMPANO BEACH 3.1 NE, FL US","26.27232","-80.10258","3.0","2021-07-05","0.01"
"US1FLBW0121","POMPANO BEACH 3.1 NE, FL US","26.27232","-80.10258","3.0","2021-07-06","0.65"
"US1FLBW0121","POMPANO BEACH 3.1 NE, FL US","26.27232","-80.10258","3.0","2021-07-07","0.05"
"US1FLBW0121","POMPANO BEACH 3.1 NE, FL US","26.27232","-80.10258","3.0","2021-07-08","0.20"
"US1FLBW0121","POMPANO BEACH 3.1 NE, FL US","26.27232","-80.10258","3.0","2021-07-09","0.00"
"US1FLBW0121","POMPANO BEACH 3.1 NE, FL US","26.27232","-80.10258","3.0","2021-07-10","0.05"
"US1FLBW0121","POMPANO BEACH 3.1 NE, FL US","26.27232","-80.10258","3.0","2021-07-11","0.45"
"US1FLBW0121","POMPANO BEACH 3.1 NE, FL US","26.27232","-80.10258","3.0","2021-07-12","0.65"
"US1FLBW0121","POMPANO BEACH 3.1 NE, FL US","26.27232","-80.10258","3.0","2021-07-13","0.05"
"US1FLBW0121","POMPANO BEACH 3.1 NE, FL US","26.27232","-80.10258","3.0","2021-07-14","0.27"
"US1FLBW0121","POMPANO BEACH 3.1 NE, FL US","26.27232","-80.10258","3.0","2021-07-15","0.03"
"US1FLBW0121","POMPANO BEACH 3.1 NE, FL US","26.27232","-80.10258","3.0","2021-07-16","0.00"
"US1FLBW0121","POMPANO BEACH 3.1 NE, FL US","26.27232","-80.10258","3.0","2021-07-17","0.03"
"US1FLBW0121","POMPANO BEACH 3.1 NE, FL US","26.27232","-80.10258","3.0","2021-07-18","0.50"
"US1FLBW0121","POMPANO BEACH 3.1 NE, FL US","26.27232","-80.10258","3.0","2021-07-19","0.02"
"US1FLBW0121","POMPANO BEACH 3.1 NE, FL US","26.27232","-80.10258","3.0","2021-07-20","0.02"
"US1FLBW0121","POMPANO BEACH 3.1 NE, FL US","26.27232","-80.10258","3.0","2021-07-21","0.12"
"USW00012841","ORLANDO EXECUTIVE AIRPORT, FL US","28.54653","-81.33544","31.7","2021-07-04","0.16"
"USW00012841","ORLANDO EXECUTIVE AIRPORT, FL US","28.54653","-81.33544","31.7","2021-07-05","0.00"
"USW00012841","ORLANDO EXECUTIVE AIRPORT, FL US","28.54653","-81.33544","31.7","2021-07-06","0.17"
"USW00012841","ORLANDO EXECUTIVE AIRPORT, FL US","28.54653","-81.33544","31.7","2021-07-07","0.72"
"USW00012841","ORLANDO EXECUTIVE AIRPORT, FL US","28.54653","-81.33544","31.7","2021-07-08","0.42"
"USW00012841","ORLANDO EXECUTIVE AIRPORT, FL US","28.54653","-81.33544","31.7","2021-07-09","0.00"
"USW00012841","ORLANDO EXECUTIVE AIRPORT, FL US","28.54653","-81.33544","31.7","2021-07-10","0.00"
"USW00012841","ORLANDO EXECUTIVE AIRPORT, FL US","28.54653","-81.33544","31.7","2021-07-11","0.10"
"USW00012841","ORLANDO EXECUTIVE AIRPORT, FL US","28.54653","-81.33544","31.7","2021-07-12","0.83"
"USW00012841","ORLANDO EXECUTIVE AIRPORT, FL US","28.54653","-81.33544","31.7","2021-07-13","0.01"
"USW00012841","ORLANDO EXECUTIVE AIRPORT, FL US","28.54653","-81.33544","31.7","2021-07-14","0.13"
"USW00012841","ORLANDO EXECUTIVE AIRPORT, FL US","28.54653","-81.33544","31.7","2021-07-15","0.00"
"USW00012841","ORLANDO EXECUTIVE AIRPORT, FL US","28.54653","-81.33544","31.7","2021-07-16","0.00"
"USW00012841","ORLANDO EXECUTIVE AIRPORT, FL US","28.54653","-81.33544","31.7","2021-07-17","0.00"
"USW00012841","ORLANDO EXECUTIVE AIRPORT, FL US","28.54653","-81.33544","31.7","2021-07-18","0.01"
"USW00012841","ORLANDO EXECUTIVE AIRPORT, FL US","28.54653","-81.33544","31.7","2021-07-19","0.00"
"USW00012841","ORLANDO EXECUTIVE AIRPORT, FL US","28.54653","-81.33544","31.7","2021-07-20","2.53"
"USW00012841","ORLANDO EXECUTIVE AIRPORT, FL US","28.54653","-81.33544","31.7","2021-07-21","0.00"
"USC00083168","FORT LAUDERDALE BEACH, FL US","26.1408","-80.1061","1.2","2021-07-08","0.00"
"USC00083168","FORT LAUDERDALE BEACH, FL US","26.1408","-80.1061","1.2","2021-07-12","0.20"
"USC00083168","FORT LAUDERDALE BEACH, FL US","26.1408","-80.1061","1.2","2021-07-21","0.06"
"USW00093841","WHITING FIELD NAS, FL US","30.71667","-87.01667","60.7","2021-07-04",
"USW00093841","WHITING FIELD NAS, FL US","30.71667","-87.01667","60.7","2021-07-05",
"USW00093841","WHITING FIELD NAS, FL US","30.71667","-87.01667","60.7","2021-07-06","0.00"
"USW00093841","WHITING FIELD NAS, FL US","30.71667","-87.01667","60.7","2021-07-07",
"USW00093841","WHITING FIELD NAS, FL US","30.71667","-87.01667","60.7","2021-07-08",
"USW00093841","WHITING FIELD NAS, FL US","30.71667","-87.01667","60.7","2021-07-09",
"USW00093841","WHITING FIELD NAS, FL US","30.71667","-87.01667","60.7","2021-07-10",
"USW00093841","WHITING FIELD NAS, FL US","30.71667","-87.01667","60.7","2021-07-11","0.00"
"USW00093841","WHITING FIELD NAS, FL US","30.71667","-87.01667","60.7","2021-07-12","0.00"
"USW00093841","WHITING FIELD NAS, FL US","30.71667","-87.01667","60.7","2021-07-13",
"USW00093841","WHITING FIELD NAS, FL US","30.71667","-87.01667","60.7","2021-07-14",
"USW00093841","WHITING FIELD NAS, FL US","30.71667","-87.01667","60.7","2021-07-15",
"USW00093841","WHITING FIELD NAS, FL US","30.71667","-87.01667","60.7","2021-07-16",
"USW00093841","WHITING FIELD NAS, FL US","30.71667","-87.01667","60.7","2021-07-17",
"USW00093841","WHITING FIELD NAS, FL US","30.71667","-87.01667","60.7","2021-07-18",
"USW00093841","WHITING FIELD NAS, FL US","30.71667","-87.01667","60.7","2021-07-19",
"USW00093841","WHITING FIELD NAS, FL US","30.71667","-87.01667","60.7","2021-07-20","0.00"
"USW00093841","WHITING FIELD NAS, FL US","30.71667","-87.01667","60.7","2021-07-21","0.00"
"US1FLLK0003","GROVELAND 1.7 E, FL US","28.565","-81.824","34.1","2021-07-04","0.86"
"US1FLLK0003","GROVELAND 1.7 E, FL US","28.565","-81.824","34.1","2021-07-05","0.18"
"US1FLLK0003","GROVELAND 1.7 E, FL US","28.565","-81.824","34.1","2021-07-06","0.00"
"US1FLLK0003","GROVELAND 1.7 E, FL US","28.565","-81.824","34.1","2021-07-07","0.99"
"US1FLLK0003","GROVELAND 1.7 E, FL US","28.565","-81.824","34.1","2021-07-08","0.53"
"US1FLLK0003","GROVELAND 1.7 E, FL US","28.565","-81.824","34.1","2021-07-09","1.27"
"US1FLLK0003","GROVELAND 1.7 E, FL US","28.565","-81.824","34.1","2021-07-10","0.00"
"US1FLLK0003","GROVELAND 1.7 E, FL US","28.565","-81.824","34.1","2021-07-11","0.00"
"US1FLLK0003","GROVELAND 1.7 E, FL US","28.565","-81.824","34.1","2021-07-12","0.00"
"US1FLLK0003","GROVELAND 1.7 E, FL US","28.565","-81.824","34.1","2021-07-13","0.25"
"US1FLLK0003","GROVELAND 1.7 E, FL US","28.565","-81.824","34.1","2021-07-14","0.00"
"US1FLLK0003","GROVELAND 1.7 E, FL US","28.565","-81.824","34.1","2021-07-15","1.17"
"US1FLLK0003","GROVELAND 1.7 E, FL US","28.565","-81.824","34.1","2021-07-16","0.00"
"US1FLLK0003","GROVELAND 1.7 E, FL US","28.565","-81.824","34.1","2021-07-17","0.00"
"US1FLLK0003","GROVELAND 1.7 E, FL US","28.565","-81.824","34.1","2021-07-18","0.00"
"US1FLLK0003","GROVELAND 1.7 E, FL US","28.565","-81.824","34.1","2021-07-19","0.00"
"US1FLLK0003","GROVELAND 1.7 E, FL US","28.565","-81.824","34.1","2021-07-20","0.79"
"US1FLLK0003","GROVELAND 1.7 E, FL US","28.565","-81.824","34.1","2021-07-21","0.22"
"USW00012839","MIAMI INTERNATIONAL AIRPORT, FL US","25.78805","-80.31694","1.4","2021-07-04","0.00"
"USW00012839","MIAMI INTERNATIONAL AIRPORT, FL US","25.78805","-80.31694","1.4","2021-07-05","1.20"
"USW00012839","MIAMI INTERNATIONAL AIRPORT, FL US","25.78805","-80.31694","1.4","2021-07-06","0.44"
"USW00012839","MIAMI INTERNATIONAL AIRPORT, FL US","25.78805","-80.31694","1.4","2021-07-07","0.00"
"USW00012839","MIAMI INTERNATIONAL AIRPORT, FL US","25.78805","-80.31694","1.4","2021-07-08","0.00"
"USW00012839","MIAMI INTERNATIONAL AIRPORT, FL US","25.78805","-80.31694","1.4","2021-07-09","0.00"
"USW00012839","MIAMI INTERNATIONAL AIRPORT, FL US","25.78805","-80.31694","1.4","2021-07-10","0.18"
"USW00012839","MIAMI INTERNATIONAL AIRPORT, FL US","25.78805","-80.31694","1.4","2021-07-11","0.20"
"USW00012839","MIAMI INTERNATIONAL AIRPORT, FL US","25.78805","-80.31694","1.4","2021-07-12","1.26"
"USW00012839","MIAMI INTERNATIONAL AIRPORT, FL US","25.78805","-80.31694","1.4","2021-07-13","1.68"
"USW00012839","MIAMI INTERNATIONAL AIRPORT, FL US","25.78805","-80.31694","1.4","2021-07-14","0.02"
"USW00012839","MIAMI INTERNATIONAL AIRPORT, FL US","25.78805","-80.31694","1.4","2021-07-15","0.00"
"USW00012839","MIAMI INTERNATIONAL AIRPORT, FL US","25.78805","-80.31694","1.4","2021-07-16","0.10"
"USW00012839","MIAMI INTERNATIONAL AIRPORT, FL US","25.78805","-80.31694","1.4","2021-07-17","0.50"
"USW00012839","MIAMI INTERNATIONAL AIRPORT, FL US","25.78805","-80.31694","1.4","2021-07-18","0.00"
"USW00012839","MIAMI INTERNATIONAL AIRPORT, FL US","25.78805","-80.31694","1.4","2021-07-19","0.00"
"USW00012839","MIAMI INTERNATIONAL AIRPORT, FL US","25.78805","-80.31694","1.4","2021-07-20","0.46"
"USW00012839","MIAMI INTERNATIONAL AIRPORT, FL US","25.78805","-80.31694","1.4","2021-07-21","0.05"
"US1FLSL0019","PORT ST. LUCIE 4.0 NE, FL US","27.323691","-80.311118","4.3","2021-07-04","0.21"
"US1FLSL0019","PORT ST. LUCIE 4.0 NE, FL US","27.323691","-80.311118","4.3","2021-07-05","0.00"
"US1FLSL0019","PORT ST. LUCIE 4.0 NE, FL US","27.323691","-80.311118","4.3","2021-07-06","0.42"
"US1FLSL0019","PORT ST. LUCIE 4.0 NE, FL US","27.323691","-80.311118","4.3","2021-07-07","0.06"
"US1FLSL0019","PORT ST. LUCIE 4.0 NE, FL US","27.323691","-80.311118","4.3","2021-07-09","0.08"
"US1FLSL0019","PORT ST. LUCIE 4.0 NE, FL US","27.323691","-80.311118","4.3","2021-07-10","0.32"
"US1FLSL0019","PORT ST. LUCIE 4.0 NE, FL US","27.323691","-80.311118","4.3","2021-07-11","0.02"
"US1FLSL0019","PORT ST. LUCIE 4.0 NE, FL US","27.323691","-80.311118","4.3","2021-07-12","0.00"
"US1FLSL0019","PORT ST. LUCIE 4.0 NE, FL US","27.323691","-80.311118","4.3","2021-07-13","0.10"
"US1FLSL0019","PORT ST. LUCIE 4.0 NE, FL US","27.323691","-80.311118","4.3","2021-07-14","0.05"
"US1FLSL0019","PORT ST. LUCIE 4.0 NE, FL US","27.323691","-80.311118","4.3","2021-07-15","0.00"
"US1FLSL0019","PORT ST. LUCIE 4.0 NE, FL US","27.323691","-80.311118","4.3","2021-07-16","0.00"
"US1FLSL0019","PORT ST. LUCIE 4.0 NE, FL US","27.323691","-80.311118","4.3","2021-07-17","0.00"
"US1FLSL0019","PORT ST. LUCIE 4.0 NE, FL US","27.323691","-80.311118","4.3","2021-07-18","0.23"
"US1FLSL0019","PORT ST. LUCIE 4.0 NE, FL US","27.323691","-80.311118","4.3","2021-07-19","0.00"
"US1FLSL0019","PORT ST. LUCIE 4.0 NE, FL US","27.323691","-80.311118","4.3","2021-07-20","0.00"
"US1FLSL0019","PORT ST. LUCIE 4.0 NE, FL US","27.323691","-80.311118","4.3","2021-07-21","0.05"
"US1FLSL0017","TRADITION 5.6 W, FL US","27.268118","-80.445381","7.0","2021-07-04","0.13"
"US1FLSL0017","TRADITION 5.6 W, FL US","27.268118","-80.445381","7.0","2021-07-05","0.00"
"US1FLSL0017","TRADITION 5.6 W, FL US","27.268118","-80.445381","7.0","2021-07-06","1.09"
"US1FLSL0017","TRADITION 5.6 W, FL US","27.268118","-80.445381","7.0","2021-07-07","0.02"
"US1FLSL0017","TRADITION 5.6 W, FL US","27.268118","-80.445381","7.0","2021-07-08","0.00"
"US1FLSL0017","TRADITION 5.6 W, FL US","27.268118","-80.445381","7.0","2021-07-09","0.00"
"US1FLSL0017","TRADITION 5.6 W, FL US","27.268118","-80.445381","7.0","2021-07-10","0.00"
"US1FLSL0017","TRADITION 5.6 W, FL US","27.268118","-80.445381","7.0","2021-07-11","2.54"
"US1FLSL0017","TRADITION 5.6 W, FL US","27.268118","-80.445381","7.0","2021-07-12","0.05"
"US1FLSL0017","TRADITION 5.6 W, FL US","27.268118","-80.445381","7.0","2021-07-13","0.10"
"US1FLSL0017","TRADITION 5.6 W, FL US","27.268118","-80.445381","7.0","2021-07-14","0.33"
"US1FLSL0017","TRADITION 5.6 W, FL US","27.268118","-80.445381","7.0","2021-07-15","0.00"
"US1FLSL0017","TRADITION 5.6 W, FL US","27.268118","-80.445381","7.0","2021-07-16","0.00"
"US1FLSL0017","TRADITION 5.6 W, FL US","27.268118","-80.445381","7.0","2021-07-17","0.00"
"US1FLSL0017","TRADITION 5.6 W, FL US","27.268118","-80.445381","7.0","2021-07-18","0.24"
"US1FLSL0017","TRADITION 5.6 W, FL US","27.268118","-80.445381","7.0","2021-07-19","0.36"
"US1FLSL0017","TRADITION 5.6 W, FL US","27.268118","-80.445381","7.0","2021-07-20","0.02"
"US1FLSL0017","TRADITION 5.6 W, FL US","27.268118","-80.445381","7.0","2021-07-21","0.74"
"USW00012838","MELBOURNE INTERNATIONAL AIRPORT, FL US","28.09969","-80.6356","6.7","2021-07-04","0.36"
"USW00012838","MELBOURNE INTERNATIONAL AIRPORT, FL US","28.09969","-80.6356","6.7","2021-07-05","0.70"
"USW00012838","MELBOURNE INTERNATIONAL AIRPORT, FL US","28.09969","-80.6356","6.7","2021-07-06","0.00"
"USW00012838","MELBOURNE INTERNATIONAL AIRPORT, FL US","28.09969","-80.6356","6.7","2021-07-07","0.06"
"USW00012838","MELBOURNE INTERNATIONAL AIRPORT, FL US","28.09969","-80.6356","6.7","2021-07-08","0.00"
"USW00012838","MELBOURNE INTERNATIONAL AIRPORT, FL US","28.09969","-80.6356","6.7","2021-07-09","0.14"
"USW00012838","MELBOURNE INTERNATIONAL AIRPORT, FL US","28.09969","-80.6356","6.7","2021-07-10","0.01"
"USW00012838","MELBOURNE INTERNATIONAL AIRPORT, FL US","28.09969","-80.6356","6.7","2021-07-11","0.00"
"USW00012838","MELBOURNE INTERNATIONAL AIRPORT, FL US","28.09969","-80.6356","6.7","2021-07-12","0.00"
"USW00012838","MELBOURNE INTERNATIONAL AIRPORT, FL US","28.09969","-80.6356","6.7","2021-07-13","0.06"
"USW00012838","MELBOURNE INTERNATIONAL AIRPORT, FL US","28.09969","-80.6356","6.7","2021-07-14","0.19"
"USW00012838","MELBOURNE INTERNATIONAL AIRPORT, FL US","28.09969","-80.6356","6.7","2021-07-15","0.01"
"USW00012838","MELBOURNE INTERNATIONAL AIRPORT, FL US","28.09969","-80.6356","6.7","2021-07-16","0.09"
"USW00012838","MELBOURNE INTERNATIONAL AIRPORT, FL US","28.09969","-80.6356","6.7","2021-07-17","0.00"
"USW00012838","MELBOURNE INTERNATIONAL AIRPORT, FL US","28.09969","-80.6356","6.7","2021-07-18","0.00"
"USW00012838","MELBOURNE INTERNATIONAL AIRPORT, FL US","28.09969","-80.6356","6.7","2021-07-19","0.00"
"USW00012838","MELBOURNE INTERNATIONAL AIRPORT, FL US","28.09969","-80.6356","6.7","2021-07-20","0.00"
"USW00012838","MELBOURNE INTERNATIONAL AIRPORT, FL US","28.09969","-80.6356","6.7","2021-07-21","0.00"
"USW00012835","FORT MYERS PAGE FIELD AIRPORT, FL US","26.58495","-81.86146","3.8","2021-07-04","0.00"
"USW00012835","FORT MYERS PAGE FIELD AIRPORT, FL US","26.58495","-81.86146","3.8","2021-07-05","0.14"
"USW00012835","FORT MYERS PAGE FIELD AIRPORT, FL US","26.58495","-81.86146","3.8","2021-07-06","2.39"
"USW00012835","FORT MYERS PAGE FIELD AIRPORT, FL US","26.58495","-81.86146","3.8","2021-07-07","2.23"
"USW00012835","FORT MYERS PAGE FIELD AIRPORT, FL US","26.58495","-81.86146","3.8","2021-07-08","0.00"
"USW00012835","FORT MYERS PAGE FIELD AIRPORT, FL US","26.58495","-81.86146","3.8","2021-07-09","0.00"
"USW00012835","FORT MYERS PAGE FIELD AIRPORT, FL US","26.58495","-81.86146","3.8","2021-07-10","0.21"
"USW00012835","FORT MYERS PAGE FIELD AIRPORT, FL US","26.58495","-81.86146","3.8","2021-07-11","0.18"
"USW00012835","FORT MYERS PAGE FIELD AIRPORT, FL US","26.58495","-81.86146","3.8","2021-07-12","0.00"
"USW00012835","FORT MYERS PAGE FIELD AIRPORT, FL US","26.58495","-81.86146","3.8","2021-07-13","0.27"
"USW00012835","FORT MYERS PAGE FIELD AIRPORT, FL US","26.58495","-81.86146","3.8","2021-07-14","0.04"
"USW00012835","FORT MYERS PAGE FIELD AIRPORT, FL US","26.58495","-81.86146","3.8","2021-07-15","0.00"
"USW00012835","FORT MYERS PAGE FIELD AIRPORT, FL US","26.58495","-81.86146","3.8","2021-07-16","0.00"
"USW00012835","FORT MYERS PAGE FIELD AIRPORT, FL US","26.58495","-81.86146","3.8","2021-07-17","0.47"
"USW00012835","FORT MYERS PAGE FIELD AIRPORT, FL US","26.58495","-81.86146","3.8","2021-07-18","0.82"
"USW00012835","FORT MYERS PAGE FIELD AIRPORT, FL US","26.58495","-81.86146","3.8","2021-07-19","0.35"
"USW00012835","FORT MYERS PAGE FIELD AIRPORT, FL US","26.58495","-81.86146","3.8","2021-07-20","0.00"
"USW00012835","FORT MYERS PAGE FIELD AIRPORT, FL US","26.58495","-81.86146","3.8","2021-07-21","0.00"
"USW00012836","KEY WEST INTERNATIONAL AIRPORT, FL US","24.55706","-81.75539","0.3","2021-07-04","0.00"
"USW00012836","KEY WEST INTERNATIONAL AIRPORT, FL US","24.55706","-81.75539","0.3","2021-07-05","0.82"
"USW00012836","KEY WEST INTERNATIONAL AIRPORT, FL US","24.55706","-81.75539","0.3","2021-07-06","3.67"
"USW00012836","KEY WEST INTERNATIONAL AIRPORT, FL US","24.55706","-81.75539","0.3","2021-07-07","0.00"
"USW00012836","KEY WEST INTERNATIONAL AIRPORT, FL US","24.55706","-81.75539","0.3","2021-07-08","0.00"
"USW00012836","KEY WEST INTERNATIONAL AIRPORT, FL US","24.55706","-81.75539","0.3","2021-07-09","0.00"
"USW00012836","KEY WEST INTERNATIONAL AIRPORT, FL US","24.55706","-81.75539","0.3","2021-07-10","0.16"
"USW00012836","KEY WEST INTERNATIONAL AIRPORT, FL US","24.55706","-81.75539","0.3","2021-07-11","0.61"
"USW00012836","KEY WEST INTERNATIONAL AIRPORT, FL US","24.55706","-81.75539","0.3","2021-07-12","0.12"
"USW00012836","KEY WEST INTERNATIONAL AIRPORT, FL US","24.55706","-81.75539","0.3","2021-07-13","0.04"
"USW00012836","KEY WEST INTERNATIONAL AIRPORT, FL US","24.55706","-81.75539","0.3","2021-07-14","0.01"
"USW00012836","KEY WEST INTERNATIONAL AIRPORT, FL US","24.55706","-81.75539","0.3","2021-07-15","0.38"
"USW00012836","KEY WEST INTERNATIONAL AIRPORT, FL US","24.55706","-81.75539","0.3","2021-07-16","0.11"
"USW00012836","KEY WEST INTERNATIONAL AIRPORT, FL US","24.55706","-81.75539","0.3","2021-07-17","0.00"
"USW00012836","KEY WEST INTERNATIONAL AIRPORT, FL US","24.55706","-81.75539","0.3","2021-07-18","0.00"
"USW00012836","KEY WEST INTERNATIONAL AIRPORT, FL US","24.55706","-81.75539","0.3","2021-07-19","0.00"
"USW00012836","KEY WEST INTERNATIONAL AIRPORT, FL US","24.55706","-81.75539","0.3","2021-07-20","0.00"
"USW00012836","KEY WEST INTERNATIONAL AIRPORT, FL US","24.55706","-81.75539","0.3","2021-07-21","0.00"
"USW00012833","CROSS CITY AIRPORT, FL US","29.63333","-83.10528","11.6","2021-07-04","1.60"
"USW00012833","CROSS CITY AIRPORT, FL US","29.63333","-83.10528","11.6","2021-07-05","0.50"
"USW00012833","CROSS CITY AIRPORT, FL US","29.63333","-83.10528","11.6","2021-07-06","0.20"
"USW00012833","CROSS CITY AIRPORT, FL US","29.63333","-83.10528","11.6","2021-07-07","3.14"
"USW00012833","CROSS CITY AIRPORT, FL US","29.63333","-83.10528","11.6","2021-07-08","0.06"
"USW00012833","CROSS CITY AIRPORT, FL US","29.63333","-83.10528","11.6","2021-07-09","0.15"
"USW00012833","CROSS CITY AIRPORT, FL US","29.63333","-83.10528","11.6","2021-07-10","0.00"
"USW00012833","CROSS CITY AIRPORT, FL US","29.63333","-83.10528","11.6","2021-07-11","0.00"
"USW00012833","CROSS CITY AIRPORT, FL US","29.63333","-83.10528","11.6","2021-07-12","0.07"
"USW00012833","CROSS CITY AIRPORT, FL US","29.63333","-83.10528","11.6","2021-07-13","0.65"
"USW00012833","CROSS CITY AIRPORT, FL US","29.63333","-83.10528","11.6","2021-07-14","0.01"
"USW00012833","CROSS CITY AIRPORT, FL US","29.63333","-83.10528","11.6","2021-07-15","0.00"
"USW00012833","CROSS CITY AIRPORT, FL US","29.63333","-83.10528","11.6","2021-07-16","0.00"
"USW00012833","CROSS CITY AIRPORT, FL US","29.63333","-83.10528","11.6","2021-07-17","0.00"
"USW00012833","CROSS CITY AIRPORT, FL US","29.63333","-83.10528","11.6","2021-07-18","0.57"
"USW00012833","CROSS CITY AIRPORT, FL US","29.63333","-83.10528","11.6","2021-07-19","0.00"
"USW00012833","CROSS CITY AIRPORT, FL US","29.63333","-83.10528","11.6","2021-07-20","0.17"
"USW00012833","CROSS CITY AIRPORT, FL US","29.63333","-83.10528","11.6","2021-07-21","0.00"
"USW00012834","DAYTONA BEACH INTERNATIONAL AIRPORT, FL US","29.17351","-81.07185","7.9","2021-07-04","0.09"
"USW00012834","DAYTONA BEACH INTERNATIONAL AIRPORT, FL US","29.17351","-81.07185","7.9","2021-07-05","0.00"
"USW00012834","DAYTONA BEACH INTERNATIONAL AIRPORT, FL US","29.17351","-81.07185","7.9","2021-07-06","0.00"
"USW00012834","DAYTONA BEACH INTERNATIONAL AIRPORT, FL US","29.17351","-81.07185","7.9","2021-07-07","0.57"
"USW00012834","DAYTONA BEACH INTERNATIONAL AIRPORT, FL US","29.17351","-81.07185","7.9","2021-07-08","0.07"
"USW00012834","DAYTONA BEACH INTERNATIONAL AIRPORT, FL US","29.17351","-81.07185","7.9","2021-07-09","1.30"
"USW00012834","DAYTONA BEACH INTERNATIONAL AIRPORT, FL US","29.17351","-81.07185","7.9","2021-07-10","0.01"
"USW00012834","DAYTONA BEACH INTERNATIONAL AIRPORT, FL US","29.17351","-81.07185","7.9","2021-07-11","0.00"
"USW00012834","DAYTONA BEACH INTERNATIONAL AIRPORT, FL US","29.17351","-81.07185","7.9","2021-07-12","0.00"
"USW00012834","DAYTONA BEACH INTERNATIONAL AIRPORT, FL US","29.17351","-81.07185","7.9","2021-07-13","0.00"
"USW00012834","DAYTONA BEACH INTERNATIONAL AIRPORT, FL US","29.17351","-81.07185","7.9","2021-07-14","0.03"
"USW00012834","DAYTONA BEACH INTERNATIONAL AIRPORT, FL US","29.17351","-81.07185","7.9","2021-07-15","0.00"
"USW00012834","DAYTONA BEACH INTERNATIONAL AIRPORT, FL US","29.17351","-81.07185","7.9","2021-07-16","0.00"
"USW00012834","DAYTONA BEACH INTERNATIONAL AIRPORT, FL US","29.17351","-81.07185","7.9","2021-07-17","0.00"
"USW00012834","DAYTONA BEACH INTERNATIONAL AIRPORT, FL US","29.17351","-81.07185","7.9","2021-07-18","0.00"
"USW00012834","DAYTONA BEACH INTERNATIONAL AIRPORT, FL US","29.17351","-81.07185","7.9","2021-07-19","0.16"
"USW00012834","DAYTONA BEACH INTERNATIONAL AIRPORT, FL US","29.17351","-81.07185","7.9","2021-07-20","1.34"
"USW00012834","DAYTONA BEACH INTERNATIONAL AIRPORT, FL US","29.17351","-81.07185","7.9","2021-07-21","0.04"
"US1FLSL0011","FORT PIERCE 2.8 SSE, FL US","27.386425","-80.328599","3.0","2021-07-04","0.53"
"US1FLSL0011","FORT PIERCE 2.8 SSE, FL US","27.386425","-80.328599","3.0","2021-07-05","0.00"
"US1FLSL0011","FORT PIERCE 2.8 SSE, FL US","27.386425","-80.328599","3.0","2021-07-06","0.78"
"US1FLSL0011","FORT PIERCE 2.8 SSE, FL US","27.386425","-80.328599","3.0","2021-07-07","0.02"
"US1FLSL0011","FORT PIERCE 2.8 SSE, FL US","27.386425","-80.328599","3.0","2021-07-08","0.08"
"US1FLSL0011","FORT PIERCE 2.8 SSE, FL US","27.386425","-80.328599","3.0","2021-07-09","0.46"
"US1FLSL0011","FORT PIERCE 2.8 SSE, FL US","27.386425","-80.328599","3.0","2021-07-10","0.01"
"US1FLSL0011","FORT PIERCE 2.8 SSE, FL US","27.386425","-80.328599","3.0","2021-07-11","0.03"
"US1FLSL0011","FORT PIERCE 2.8 SSE, FL US","27.386425","-80.328599","3.0","2021-07-12","0.00"
"US1FLSL0011","FORT PIERCE 2.8 SSE, FL US","27.386425","-80.328599","3.0","2021-07-13","0.05"
"US1FLSL0011","FORT PIERCE 2.8 SSE, FL US","27.386425","-80.328599","3.0","2021-07-14","0.00"
"US1FLSL0011","FORT PIERCE 2.8 SSE, FL US","27.386425","-80.328599","3.0","2021-07-15","0.00"
"US1FLSL0011","FORT PIERCE 2.8 SSE, FL US","27.386425","-80.328599","3.0","2021-07-16","0.00"
"US1FLSL0011","FORT PIERCE 2.8 SSE, FL US","27.386425","-80.328599","3.0","2021-07-17","0.00"
"US1FLSL0011","FORT PIERCE 2.8 SSE, FL US","27.386425","-80.328599","3.0","2021-07-18","0.46"
"US1FLSL0011","FORT PIERCE 2.8 SSE, FL US","27.386425","-80.328599","3.0","2021-07-19","0.00"
"US1FLSL0011","FORT PIERCE 2.8 SSE, FL US","27.386425","-80.328599","3.0","2021-07-20","0.00"
"US1FLSL0011","FORT PIERCE 2.8 SSE, FL US","27.386425","-80.328599","3.0","2021-07-21","0.26"
"USR0000FOLU","OLUSTEE FLORIDA, FL US","30.2","-82.4","45.7","2021-07-04",
"USR0000FOLU","OLUSTEE FLORIDA, FL US","30.2","-82.4","45.7","2021-07-05",
"USR0000FOLU","OLUSTEE FLORIDA, FL US","30.2","-82.4","45.7","2021-07-06",
"USR0000FOLU","OLUSTEE FLORIDA, FL US","30.2","-82.4","45.7","2021-07-07",
"USR0000FOLU","OLUSTEE FLORIDA, FL US","30.2","-82.4","45.7","2021-07-08",
"USR0000FOLU","OLUSTEE FLORIDA, FL US","30.2","-82.4","45.7","2021-07-09",
"USR0000FOLU","OLUSTEE FLORIDA, FL US","30.2","-82.4","45.7","2021-07-10",
"USR0000FOLU","OLUSTEE FLORIDA, FL US","30.2","-82.4","45.7","2021-07-11",
"USR0000FOLU","OLUSTEE FLORIDA, FL US","30.2","-82.4","45.7","2021-07-12",
"USR0000FOLU","OLUSTEE FLORIDA, FL US","30.2","-82.4","45.7","2021-07-13",
"USR0000FOLU","OLUSTEE FLORIDA, FL US","30.2","-82.4","45.7","2021-07-14",
"USR0000FOLU","OLUSTEE FLORIDA, FL US","30.2","-82.4","45.7","2021-07-15",
"USR0000FOLU","OLUSTEE FLORIDA, FL US","30.2","-82.4","45.7","2021-07-16",
"USR0000FOLU","OLUSTEE FLORIDA, FL US","30.2","-82.4","45.7","2021-07-17",
"USR0000FOLU","OLUSTEE FLORIDA, FL US","30.2","-82.4","45.7","2021-07-18",
"USR0000FOLU","OLUSTEE FLORIDA, FL US","30.2","-82.4","45.7","2021-07-19",
"USR0000FOLU","OLUSTEE FLORIDA, FL US","30.2","-82.4","45.7","2021-07-20",
"USR0000FOLU","OLUSTEE FLORIDA, FL US","30.2","-82.4","45.7","2021-07-21",
"US1FLSL0015","FORT PIERCE 3.4 NNE, FL US","27.487398","-80.303462","0.3","2021-07-04","0.14"
"US1FLSL0015","FORT PIERCE 3.4 NNE, FL US","27.487398","-80.303462","0.3","2021-07-05","0.00"
"US1FLSL0015","FORT PIERCE 3.4 NNE, FL US","27.487398","-80.303462","0.3","2021-07-07","0.00"
"US1FLSL0015","FORT PIERCE 3.4 NNE, FL US","27.487398","-80.303462","0.3","2021-07-08","0.10"
"US1FLSL0015","FORT PIERCE 3.4 NNE, FL US","27.487398","-80.303462","0.3","2021-07-09","0.00"
"US1FLSL0015","FORT PIERCE 3.4 NNE, FL US","27.487398","-80.303462","0.3","2021-07-13",
"US1FLSL0015","FORT PIERCE 3.4 NNE, FL US","27.487398","-80.303462","0.3","2021-07-14","0.16"
"US1FLSL0015","FORT PIERCE 3.4 NNE, FL US","27.487398","-80.303462","0.3","2021-07-15","0.00"
"US1FLSL0015","FORT PIERCE 3.4 NNE, FL US","27.487398","-80.303462","0.3","2021-07-16","0.00"
"US1FLSL0015","FORT PIERCE 3.4 NNE, FL US","27.487398","-80.303462","0.3","2021-07-17","0.05"
"US1FLSL0013","PORT ST. LUCIE 2.4 SSW, FL US","27.249422","-80.371835","11.0","2021-07-04","0.06"
"US1FLSL0013","PORT ST. LUCIE 2.4 SSW, FL US","27.249422","-80.371835","11.0","2021-07-05","0.34"
"US1FLSL0013","PORT ST. LUCIE 2.4 SSW, FL US","27.249422","-80.371835","11.0","2021-07-06","1.16"
"US1FLSL0013","PORT ST. LUCIE 2.4 SSW, FL US","27.249422","-80.371835","11.0","2021-07-07","0.17"
"US1FLSL0013","PORT ST. LUCIE 2.4 SSW, FL US","27.249422","-80.371835","11.0","2021-07-08","0.09"
"US1FLSL0013","PORT ST. LUCIE 2.4 SSW, FL US","27.249422","-80.371835","11.0","2021-07-09","0.00"
"US1FLSL0013","PORT ST. LUCIE 2.4 SSW, FL US","27.249422","-80.371835","11.0","2021-07-10","0.04"
"US1FLSL0013","PORT ST. LUCIE 2.4 SSW, FL US","27.249422","-80.371835","11.0","2021-07-11","0.04"
"US1FLSL0013","PORT ST. LUCIE 2.4 SSW, FL US","27.249422","-80.371835","11.0","2021-07-12","0.02"
"US1FLSL0013","PORT ST. LUCIE 2.4 SSW, FL US","27.249422","-80.371835","11.0","2021-07-13","0.13"
"US1FLSL0013","PORT ST. LUCIE 2.4 SSW, FL US","27.249422","-80.371835","11.0","2021-07-14","0.09"
"US1FLSL0013","PORT ST. LUCIE 2.4 SSW, FL US","27.249422","-80.371835","11.0","2021-07-15","0.09"
"US1FLSL0013","PORT ST. LUCIE 2.4 SSW, FL US","27.249422","-80.371835","11.0","2021-07-16","0.00"
"US1FLSL0013","PORT ST. LUCIE 2.4 SSW, FL US","27.249422","-80.371835","11.0","2021-07-17","0.00"
"US1FLSL0013","PORT ST. LUCIE 2.4 SSW, FL US","27.249422","-80.371835","11.0","2021-07-18","0.77"
"US1FLSL0013","PORT ST. LUCIE 2.4 SSW, FL US","27.249422","-80.371835","11.0","2021-07-19","0.00"
"US1FLSL0013","PORT ST. LUCIE 2.4 SSW, FL US","27.249422","-80.371835","11.0","2021-07-20","1.11"
"US1FLSL0013","PORT ST. LUCIE 2.4 SSW, FL US","27.249422","-80.371835","11.0","2021-07-21","0.01"
"US1FLMR0068","OCALA 3.2 ENE, FL US","29.20591","-82.08169","25.6","2021-07-04","0.31"
"US1FLMR0068","OCALA 3.2 ENE, FL US","29.20591","-82.08169","25.6","2021-07-05","0.11"
"US1FLMR0068","OCALA 3.2 ENE, FL US","29.20591","-82.08169","25.6","2021-07-06","0.03"
"US1FLMR0068","OCALA 3.2 ENE, FL US","29.20591","-82.08169","25.6","2021-07-07","0.23"
"US1FLMR0068","OCALA 3.2 ENE, FL US","29.20591","-82.08169","25.6","2021-07-08","0.64"
"US1FLMR0068","OCALA 3.2 ENE, FL US","29.20591","-82.08169","25.6","2021-07-09","0.19"
"US1FLMR0068","OCALA 3.2 ENE, FL US","29.20591","-82.08169","25.6","2021-07-10","0.64"
"US1FLMR0068","OCALA 3.2 ENE, FL US","29.20591","-82.08169","25.6","2021-07-11","0.02"
"US1FLMR0068","OCALA 3.2 ENE, FL US","29.20591","-82.08169","25.6","2021-07-12","0.05"
"US1FLMR0068","OCALA 3.2 ENE, FL US","29.20591","-82.08169","25.6","2021-07-13","0.02"
"US1FLMR0068","OCALA 3.2 ENE, FL US","29.20591","-82.08169","25.6","2021-07-14","0.00"
"US1FLMR0068","OCALA 3.2 ENE, FL US","29.20591","-82.08169","25.6","2021-07-15","0.00"
"US1FLMR0068","OCALA 3.2 ENE, FL US","29.20591","-82.08169","25.6","2021-07-16","0.00"
"US1FLMR0068","OCALA 3.2 ENE, FL US","29.20591","-82.08169","25.6","2021-07-17","0.00"
"US1FLMR0068","OCALA 3.2 ENE, FL US","29.20591","-82.08169","25.6","2021-07-18","0.00"
"US1FLMR0068","OCALA 3.2 ENE, FL US","29.20591","-82.08169","25.6","2021-07-19","0.00"
"US1FLMR0068","OCALA 3.2 ENE, FL US","29.20591","-82.08169","25.6","2021-07-20","0.12"
"US1FLMR0068","OCALA 3.2 ENE, FL US","29.20591","-82.08169","25.6","2021-07-21","0.08"
"US1FLPK0018","LAKELAND HIGHLANDS 0.3 SE, FL US","27.957","-81.946","70.1","2021-07-04","1.46"
"US1FLPK0018","LAKELAND HIGHLANDS 0.3 SE, FL US","27.957","-81.946","70.1","2021-07-05","0.00"
"US1FLPK0018","LAKELAND HIGHLANDS 0.3 SE, FL US","27.957","-81.946","70.1","2021-07-06","0.05"
"US1FLPK0018","LAKELAND HIGHLANDS 0.3 SE, FL US","27.957","-81.946","70.1","2021-07-07","3.37"
"US1FLPK0018","LAKELAND HIGHLANDS 0.3 SE, FL US","27.957","-81.946","70.1","2021-07-08","0.10"
"US1FLPK0018","LAKELAND HIGHLANDS 0.3 SE, FL US","27.957","-81.946","70.1","2021-07-09","0.22"
"US1FLPK0018","LAKELAND HIGHLANDS 0.3 SE, FL US","27.957","-81.946","70.1","2021-07-10","0.00"
"US1FLPK0018","LAKELAND HIGHLANDS 0.3 SE, FL US","27.957","-81.946","70.1","2021-07-11","0.41"
"US1FLPK0018","LAKELAND HIGHLANDS 0.3 SE, FL US","27.957","-81.946","70.1","2021-07-12","0.59"
"US1FLPK0018","LAKELAND HIGHLANDS 0.3 SE, FL US","27.957","-81.946","70.1","2021-07-13","0.08"
"US1FLPK0018","LAKELAND HIGHLANDS 0.3 SE, FL US","27.957","-81.946","70.1","2021-07-14","0.03"
"US1FLPK0018","LAKELAND HIGHLANDS 0.3 SE, FL US","27.957","-81.946","70.1","2021-07-15","0.08"
"US1FLPK0018","LAKELAND HIGHLANDS 0.3 SE, FL US","27.957","-81.946","70.1","2021-07-16","0.00"
"US1FLPK0018","LAKELAND HIGHLANDS 0.3 SE, FL US","27.957","-81.946","70.1","2021-07-17","0.00"
"US1FLPK0018","LAKELAND HIGHLANDS 0.3 SE, FL US","27.957","-81.946","70.1","2021-07-18","0.00"
"US1FLPK0018","LAKELAND HIGHLANDS 0.3 SE, FL US","27.957","-81.946","70.1","2021-07-19","0.00"
"US1FLPK0018","LAKELAND HIGHLANDS 0.3 SE, FL US","27.957","-81.946","70.1","2021-07-20","0.02"
"US1FLPK0018","LAKELAND HIGHLANDS 0.3 SE, FL US","27.957","-81.946","70.1","2021-07-21","0.01"
"USC00085377","MARIANNA 7 NE, FL US","30.7341","-85.0305","35.1","2021-07-06",
"USC00085377","MARIANNA 7 NE, FL US","30.7341","-85.0305","35.1","2021-07-07","1.15"
"USC00085377","MARIANNA 7 NE, FL US","30.7341","-85.0305","35.1","2021-07-08","0.25"
"USC00085377","MARIANNA 7 NE, FL US","30.7341","-85.0305","35.1","2021-07-09","0.02"
"USC00085377","MARIANNA 7 NE, FL US","30.7341","-85.0305","35.1","2021-07-12",
"USC00085377","MARIANNA 7 NE, FL US","30.7341","-85.0305","35.1","2021-07-13","0.01"
"USC00085377","MARIANNA 7 NE, FL US","30.7341","-85.0305","35.1","2021-07-14","0.00"
"USC00085377","MARIANNA 7 NE, FL US","30.7341","-85.0305","35.1","2021-07-15","0.00"
"USC00085377","MARIANNA 7 NE, FL US","30.7341","-85.0305","35.1","2021-07-16","0.16"
"USC00085377","MARIANNA 7 NE, FL US","30.7341","-85.0305","35.1","2021-07-19",
"USC00085377","MARIANNA 7 NE, FL US","30.7341","-85.0305","35.1","2021-07-20","0.54"
"USC00085377","MARIANNA 7 NE, FL US","30.7341","-85.0305","35.1","2021-07-21","0.86"
"USW00012854","ORLANDO SANFORD AIRPORT, FL US","28.77951","-81.24356","14.9","2021-07-04","0.15"
"USW00012854","ORLANDO SANFORD AIRPORT, FL US","28.77951","-81.24356","14.9","2021-07-05","0.08"
"USW00012854","ORLANDO SANFORD AIRPORT, FL US","28.77951","-81.24356","14.9","2021-07-06","0.05"
"USW00012854","ORLANDO SANFORD AIRPORT, FL US","28.77951","-81.24356","14.9","2021-07-07","0.59"
"USW00012854","ORLANDO SANFORD AIRPORT, FL US","28.77951","-81.24356","14.9","2021-07-08","0.58"
"USW00012854","ORLANDO SANFORD AIRPORT, FL US","28.77951","-81.24356","14.9","2021-07-09","0.02"
"USW00012854","ORLANDO SANFORD AIRPORT, FL US","28.77951","-81.24356","14.9","2021-07-10","0.01"
"USW00012854","ORLANDO SANFORD AIRPORT, FL US","28.77951","-81.24356","14.9","2021-07-11","0.00"
"USW00012854","ORLANDO SANFORD AIRPORT, FL US","28.77951","-81.24356","14.9","2021-07-12","0.00"
"USW00012854","ORLANDO SANFORD AIRPORT, FL US","28.77951","-81.24356","14.9","2021-07-13","0.65"
"USW00012854","ORLANDO SANFORD AIRPORT, FL US","28.77951","-81.24356","14.9","2021-07-14","0.00"
"USW00012854","ORLANDO SANFORD AIRPORT, FL US","28.77951","-81.24356","14.9","2021-07-15","0.01"
"USW00012854","ORLANDO SANFORD AIRPORT, FL US","28.77951","-81.24356","14.9","2021-07-16","0.00"
"USW00012854","ORLANDO SANFORD AIRPORT, FL US","28.77951","-81.24356","14.9","2021-07-17","0.00"
"USW00012854","ORLANDO SANFORD AIRPORT, FL US","28.77951","-81.24356","14.9","2021-07-18","0.00"
"USW00012854","ORLANDO SANFORD AIRPORT, FL US","28.77951","-81.24356","14.9","2021-07-19","0.12"
"USW00012854","ORLANDO SANFORD AIRPORT, FL US","28.77951","-81.24356","14.9","2021-07-20","2.87"
"USW00012854","ORLANDO SANFORD AIRPORT, FL US","28.77951","-81.24356","14.9","2021-07-21","0.00"
"US1FLPK0013","WINTER HAVEN 1.3 WSW, FL US","28.033727","-81.741493","43.0","2021-07-07","2.31"
"US1FLPK0013","WINTER HAVEN 1.3 WSW, FL US","28.033727","-81.741493","43.0","2021-07-09",
"US1FLPK0013","WINTER HAVEN 1.3 WSW, FL US","28.033727","-81.741493","43.0","2021-07-10","1.41"
"US1FLPK0013","WINTER HAVEN 1.3 WSW, FL US","28.033727","-81.741493","43.0","2021-07-11","0.02"
"US1FLPK0013","WINTER HAVEN 1.3 WSW, FL US","28.033727","-81.741493","43.0","2021-07-12","0.09"
"US1FLPK0013","WINTER HAVEN 1.3 WSW, FL US","28.033727","-81.741493","43.0","2021-07-13","0.00"
"US1FLPK0013","WINTER HAVEN 1.3 WSW, FL US","28.033727","-81.741493","43.0","2021-07-17",
"US1FLPK0013","WINTER HAVEN 1.3 WSW, FL US","28.033727","-81.741493","43.0","2021-07-18","0.00"
"US1FLPK0013","WINTER HAVEN 1.3 WSW, FL US","28.033727","-81.741493","43.0","2021-07-19","0.25"
"US1FLPK0013","WINTER HAVEN 1.3 WSW, FL US","28.033727","-81.741493","43.0","2021-07-20","1.38"
"US1FLPK0013","WINTER HAVEN 1.3 WSW, FL US","28.033727","-81.741493","43.0","2021-07-21","0.00"
"USC00084289","INVERNESS 3 SE, FL US","28.80286","-82.31266","17.7","2021-07-04","1.80"
"USC00084289","INVERNESS 3 SE, FL US","28.80286","-82.31266","17.7","2021-07-05","1.50"
"USC00084289","INVERNESS 3 SE, FL US","28.80286","-82.31266","17.7","2021-07-06","0.04"
"USC00084289","INVERNESS 3 SE, FL US","28.80286","-82.31266","17.7","2021-07-07","2.00"
"USC00084289","INVERNESS 3 SE, FL US","28.80286","-82.31266","17.7","2021-07-08","1.06"
"USC00084289","INVERNESS 3 SE, FL US","28.80286","-82.31266","17.7","2021-07-09","0.50"
"USC00084289","INVERNESS 3 SE, FL US","28.80286","-82.31266","17.7","2021-07-10","0.10"
"USC00084289","INVERNESS 3 SE, FL US","28.80286","-82.31266","17.7","2021-07-11","0.00"
"USC00084289","INVERNESS 3 SE, FL US","28.80286","-82.31266","17.7","2021-07-12","0.18"
"USC00084289","INVERNESS 3 SE, FL US","28.80286","-82.31266","17.7","2021-07-13","0.00"
"USC00084289","INVERNESS 3 SE, FL US","28.80286","-82.31266","17.7","2021-07-14","0.00"
"USC00084289","INVERNESS 3 SE, FL US","28.80286","-82.31266","17.7","2021-07-15","0.00"
"USC00084289","INVERNESS 3 SE, FL US","28.80286","-82.31266","17.7","2021-07-16","0.00"
"USC00084289","INVERNESS 3 SE, FL US","28.80286","-82.31266","17.7","2021-07-17","0.00"
"USC00084289","INVERNESS 3 SE, FL US","28.80286","-82.31266","17.7","2021-07-18","0.00"
"USC00084289","INVERNESS 3 SE, FL US","28.80286","-82.31266","17.7","2021-07-19","0.00"
"USC00084289","INVERNESS 3 SE, FL US","28.80286","-82.31266","17.7","2021-07-20","1.27"
"USC00084289","INVERNESS 3 SE, FL US","28.80286","-82.31266","17.7","2021-07-21","0.20"
"USW00012850","KEY WEST NAS, FL US","24.58333","-81.68333","1.8","2021-07-04","0.00"
"USW00012850","KEY WEST NAS, FL US","24.58333","-81.68333","1.8","2021-07-05","0.67"
"USW00012850","KEY WEST NAS, FL US","24.58333","-81.68333","1.8","2021-07-06","4.17"
"USW00012850","KEY WEST NAS, FL US","24.58333","-81.68333","1.8","2021-07-07","0.00"
"USW00012850","KEY WEST NAS, FL US","24.58333","-81.68333","1.8","2021-07-08","0.00"
"USW00012850","KEY WEST NAS, FL US","24.58333","-81.68333","1.8","2021-07-09","0.00"
"USW00012850","KEY WEST NAS, FL US","24.58333","-81.68333","1.8","2021-07-10","0.12"
"USW00012850","KEY WEST NAS, FL US","24.58333","-81.68333","1.8","2021-07-11","0.51"
"USW00012850","KEY WEST NAS, FL US","24.58333","-81.68333","1.8","2021-07-12","0.47"
"USW00012850","KEY WEST NAS, FL US","24.58333","-81.68333","1.8","2021-07-13","0.00"
"USW00012850","KEY WEST NAS, FL US","24.58333","-81.68333","1.8","2021-07-14","0.01"
"USW00012850","KEY WEST NAS, FL US","24.58333","-81.68333","1.8","2021-07-15","0.60"
"USW00012850","KEY WEST NAS, FL US","24.58333","-81.68333","1.8","2021-07-16","0.00"
"USW00012850","KEY WEST NAS, FL US","24.58333","-81.68333","1.8","2021-07-17","0.00"
"USW00012850","KEY WEST NAS, FL US","24.58333","-81.68333","1.8","2021-07-18","0.00"
"USW00012850","KEY WEST NAS, FL US","24.58333","-81.68333","1.8","2021-07-19","0.00"
"USW00012850","KEY WEST NAS, FL US","24.58333","-81.68333","1.8","2021-07-20","0.00"
"USW00012850","KEY WEST NAS, FL US","24.58333","-81.68333","1.8","2021-07-21","0.00"
"US1FLLK0036","CLERMONT 2.1 NW, FL US","28.573674","-81.782141","29.9","2021-07-04","0.78"
"US1FLLK0036","CLERMONT 2.1 NW, FL US","28.573674","-81.782141","29.9","2021-07-05","0.29"
"US1FLLK0036","CLERMONT 2.1 NW, FL US","28.573674","-81.782141","29.9","2021-07-06","0.20"
"US1FLLK0036","CLERMONT 2.1 NW, FL US","28.573674","-81.782141","29.9","2021-07-07","1.67"
"US1FLLK0036","CLERMONT 2.1 NW, FL US","28.573674","-81.782141","29.9","2021-07-08","2.71"
"US1FLLK0036","CLERMONT 2.1 NW, FL US","28.573674","-81.782141","29.9","2021-07-09","1.04"
"US1FLLK0036","CLERMONT 2.1 NW, FL US","28.573674","-81.782141","29.9","2021-07-10","0.01"
"US1FLLK0036","CLERMONT 2.1 NW, FL US","28.573674","-81.782141","29.9","2021-07-12","0.40"
"US1FLLK0036","CLERMONT 2.1 NW, FL US","28.573674","-81.782141","29.9","2021-07-20",
"US1FLLK0036","CLERMONT 2.1 NW, FL US","28.573674","-81.782141","29.9","2021-07-21","0.69"
"US1FLPB0106","SANDALFOOT COVE 0.8 NW, FL US","26.346721","-80.197888","10.1","2021-07-04","0.00"
"US1FLPB0106","SANDALFOOT COVE 0.8 NW, FL US","26.346721","-80.197888","10.1","2021-07-05","0.02"
"US1FLPB0106","SANDALFOOT COVE 0.8 NW, FL US","26.346721","-80.197888","10.1","2021-07-06","0.40"
"US1FLPB0106","SANDALFOOT COVE 0.8 NW, FL US","26.346721","-80.197888","10.1","2021-07-07","0.06"
"US1FLPB0106","SANDALFOOT COVE 0.8 NW, FL US","26.346721","-80.197888","10.1","2021-07-08","0.00"
"US1FLPB0106","SANDALFOOT COVE 0.8 NW, FL US","26.346721","-80.197888","10.1","2021-07-09","0.83"
"US1FLPB0106","SANDALFOOT COVE 0.8 NW, FL US","26.346721","-80.197888","10.1","2021-07-10","0.01"
"US1FLPB0106","SANDALFOOT COVE 0.8 NW, FL US","26.346721","-80.197888","10.1","2021-07-11","0.01"
"US1FLPB0106","SANDALFOOT COVE 0.8 NW, FL US","26.346721","-80.197888","10.1","2021-07-12","0.05"
"US1FLPB0106","SANDALFOOT COVE 0.8 NW, FL US","26.346721","-80.197888","10.1","2021-07-13","0.45"
"US1FLPB0106","SANDALFOOT COVE 0.8 NW, FL US","26.346721","-80.197888","10.1","2021-07-14","0.55"
"US1FLPB0106","SANDALFOOT COVE 0.8 NW, FL US","26.346721","-80.197888","10.1","2021-07-15","0.00"
"US1FLPB0106","SANDALFOOT COVE 0.8 NW, FL US","26.346721","-80.197888","10.1","2021-07-16","0.00"
"US1FLPB0106","SANDALFOOT COVE 0.8 NW, FL US","26.346721","-80.197888","10.1","2021-07-17","0.05"
"US1FLPB0106","SANDALFOOT COVE 0.8 NW, FL US","26.346721","-80.197888","10.1","2021-07-18","0.00"
"US1FLPB0106","SANDALFOOT COVE 0.8 NW, FL US","26.346721","-80.197888","10.1","2021-07-20","0.30"
"US1FLPB0106","SANDALFOOT COVE 0.8 NW, FL US","26.346721","-80.197888","10.1","2021-07-21","1.45"
"USW00012849","FORT LAUDERDALE INTERNATIONAL AIRPORT, FL US","26.07875","-80.16223","1.0","2021-07-04","0.00"
"USW00012849","FORT LAUDERDALE INTERNATIONAL AIRPORT, FL US","26.07875","-80.16223","1.0","2021-07-05","0.53"
"USW00012849","FORT LAUDERDALE INTERNATIONAL AIRPORT, FL US","26.07875","-80.16223","1.0","2021-07-06","0.24"
"USW00012849","FORT LAUDERDALE INTERNATIONAL AIRPORT, FL US","26.07875","-80.16223","1.0","2021-07-07","0.12"
"USW00012849","FORT LAUDERDALE INTERNATIONAL AIRPORT, FL US","26.07875","-80.16223","1.0","2021-07-08","0.00"
"USW00012849","FORT LAUDERDALE INTERNATIONAL AIRPORT, FL US","26.07875","-80.16223","1.0","2021-07-09","0.02"
"USW00012849","FORT LAUDERDALE INTERNATIONAL AIRPORT, FL US","26.07875","-80.16223","1.0","2021-07-10","0.00"
"USW00012849","FORT LAUDERDALE INTERNATIONAL AIRPORT, FL US","26.07875","-80.16223","1.0","2021-07-11","0.46"
"USW00012849","FORT LAUDERDALE INTERNATIONAL AIRPORT, FL US","26.07875","-80.16223","1.0","2021-07-12","1.26"
"USW00012849","FORT LAUDERDALE INTERNATIONAL AIRPORT, FL US","26.07875","-80.16223","1.0","2021-07-13","0.30"
"USW00012849","FORT LAUDERDALE INTERNATIONAL AIRPORT, FL US","26.07875","-80.16223","1.0","2021-07-14","0.00"
"USW00012849","FORT LAUDERDALE INTERNATIONAL AIRPORT, FL US","26.07875","-80.16223","1.0","2021-07-15","0.29"
"USW00012849","FORT LAUDERDALE INTERNATIONAL AIRPORT, FL US","26.07875","-80.16223","1.0","2021-07-16","0.00"
"USW00012849","FORT LAUDERDALE INTERNATIONAL AIRPORT, FL US","26.07875","-80.16223","1.0","2021-07-17","0.27"
"USW00012849","FORT LAUDERDALE INTERNATIONAL AIRPORT, FL US","26.07875","-80.16223","1.0","2021-07-18","0.00"
"USW00012849","FORT LAUDERDALE INTERNATIONAL AIRPORT, FL US","26.07875","-80.16223","1.0","2021-07-19","0.00"
"USW00012849","FORT LAUDERDALE INTERNATIONAL AIRPORT, FL US","26.07875","-80.16223","1.0","2021-07-20","0.60"
"USW00012849","FORT LAUDERDALE INTERNATIONAL AIRPORT, FL US","26.07875","-80.16223","1.0","2021-07-21","0.00"
"USW00012844","WEST PALM BEACH INTERNATIONAL AIRPORT, FL US","26.6851","-80.09918","3.5","2021-07-04","0.00"
"USW00012844","WEST PALM BEACH INTERNATIONAL AIRPORT, FL US","26.6851","-80.09918","3.5","2021-07-05","0.85"
"USW00012844","WEST PALM BEACH INTERNATIONAL AIRPORT, FL US","26.6851","-80.09918","3.5","2021-07-06","0.04"
"USW00012844","WEST PALM BEACH INTERNATIONAL AIRPORT, FL US","26.6851","-80.09918","3.5","2021-07-07","0.00"
"USW00012844","WEST PALM BEACH INTERNATIONAL AIRPORT, FL US","26.6851","-80.09918","3.5","2021-07-08","0.18"
"USW00012844","WEST PALM BEACH INTERNATIONAL AIRPORT, FL US","26.6851","-80.09918","3.5","2021-07-09","0.00"
"USW00012844","WEST PALM BEACH INTERNATIONAL AIRPORT, FL US","26.6851","-80.09918","3.5","2021-07-10","0.00"
"USW00012844","WEST PALM BEACH INTERNATIONAL AIRPORT, FL US","26.6851","-80.09918","3.5","2021-07-11","0.74"
"USW00012844","WEST PALM BEACH INTERNATIONAL AIRPORT, FL US","26.6851","-80.09918","3.5","2021-07-12","0.07"
"USW00012844","WEST PALM BEACH INTERNATIONAL AIRPORT, FL US","26.6851","-80.09918","3.5","2021-07-13","0.19"
"USW00012844","WEST PALM BEACH INTERNATIONAL AIRPORT, FL US","26.6851","-80.09918","3.5","2021-07-14","0.37"
"USW00012844","WEST PALM BEACH INTERNATIONAL AIRPORT, FL US","26.6851","-80.09918","3.5","2021-07-15","0.08"
"USW00012844","WEST PALM BEACH INTERNATIONAL AIRPORT, FL US","26.6851","-80.09918","3.5","2021-07-16","0.05"
"USW00012844","WEST PALM BEACH INTERNATIONAL AIRPORT, FL US","26.6851","-80.09918","3.5","2021-07-17","0.02"
"USW00012844","WEST PALM BEACH INTERNATIONAL AIRPORT, FL US","26.6851","-80.09918","3.5","2021-07-18","0.00"
"USW00012844","WEST PALM BEACH INTERNATIONAL AIRPORT, FL US","26.6851","-80.09918","3.5","2021-07-19","0.00"
"USW00012844","WEST PALM BEACH INTERNATIONAL AIRPORT, FL US","26.6851","-80.09918","3.5","2021-07-20","0.53"
"USW00012844","WEST PALM BEACH INTERNATIONAL AIRPORT, FL US","26.6851","-80.09918","3.5","2021-07-21","0.71"
"US1FLMR0074","BELLEVIEW 1.6 E, FL US","29.05604","-82.02892","22.3","2021-07-04","0.17"
"US1FLMR0074","BELLEVIEW 1.6 E, FL US","29.05604","-82.02892","22.3","2021-07-05","1.17"
"US1FLMR0074","BELLEVIEW 1.6 E, FL US","29.05604","-82.02892","22.3","2021-07-06","0.04"
"US1FLMR0074","BELLEVIEW 1.6 E, FL US","29.05604","-82.02892","22.3","2021-07-07","0.87"
"US1FLMR0074","BELLEVIEW 1.6 E, FL US","29.05604","-82.02892","22.3","2021-07-08","0.93"
"US1FLMR0074","BELLEVIEW 1.6 E, FL US","29.05604","-82.02892","22.3","2021-07-09","0.01"
"US1FLMR0074","BELLEVIEW 1.6 E, FL US","29.05604","-82.02892","22.3","2021-07-10","0.00"
"US1FLMR0074","BELLEVIEW 1.6 E, FL US","29.05604","-82.02892","22.3","2021-07-11","0.10"
"US1FLMR0074","BELLEVIEW 1.6 E, FL US","29.05604","-82.02892","22.3","2021-07-12","0.00"
"US1FLMR0074","BELLEVIEW 1.6 E, FL US","29.05604","-82.02892","22.3","2021-07-13","0.05"
"US1FLMR0074","BELLEVIEW 1.6 E, FL US","29.05604","-82.02892","22.3","2021-07-14","0.00"
"US1FLMR0074","BELLEVIEW 1.6 E, FL US","29.05604","-82.02892","22.3","2021-07-15","0.16"
"US1FLMR0074","BELLEVIEW 1.6 E, FL US","29.05604","-82.02892","22.3","2021-07-16","0.00"
"US1FLMR0074","BELLEVIEW 1.6 E, FL US","29.05604","-82.02892","22.3","2021-07-17","0.00"
"US1FLMR0074","BELLEVIEW 1.6 E, FL US","29.05604","-82.02892","22.3","2021-07-18","0.00"
"US1FLMR0074","BELLEVIEW 1.6 E, FL US","29.05604","-82.02892","22.3","2021-07-19","0.05"
"US1FLMR0074","BELLEVIEW 1.6 E, FL US","29.05604","-82.02892","22.3","2021-07-20","0.56"
"US1FLMR0074","BELLEVIEW 1.6 E, FL US","29.05604","-82.02892","22.3","2021-07-21","0.00"
"US1FLLK0031","LADY LAKE 5.5 S, FL US","28.849946","-81.944595","26.2","2021-07-04","0.75"
"US1FLLK0031","LADY LAKE 5.5 S, FL US","28.849946","-81.944595","26.2","2021-07-05","0.45"
"US1FLLK0031","LADY LAKE 5.5 S, FL US","28.849946","-81.944595","26.2","2021-07-06","0.02"
"US1FLLK0031","LADY LAKE 5.5 S, FL US","28.849946","-81.944595","26.2","2021-07-07","1.00"
"US1FLLK0031","LADY LAKE 5.5 S, FL US","28.849946","-81.944595","26.2","2021-07-08","0.35"
"US1FLLK0031","LADY LAKE 5.5 S, FL US","28.849946","-81.944595","26.2","2021-07-09","0.75"
"US1FLLK0031","LADY LAKE 5.5 S, FL US","28.849946","-81.944595","26.2","2021-07-10","1.08"
"US1FLLK0031","LADY LAKE 5.5 S, FL US","28.849946","-81.944595","26.2","2021-07-11","0.02"
"US1FLLK0031","LADY LAKE 5.5 S, FL US","28.849946","-81.944595","26.2","2021-07-12","0.00"
"US1FLLK0031","LADY LAKE 5.5 S, FL US","28.849946","-81.944595","26.2","2021-07-13","0.12"
"US1FLLK0031","LADY LAKE 5.5 S, FL US","28.849946","-81.944595","26.2","2021-07-14","0.00"
"US1FLLK0031","LADY LAKE 5.5 S, FL US","28.849946","-81.944595","26.2","2021-07-15","0.07"
"US1FLLK0031","LADY LAKE 5.5 S, FL US","28.849946","-81.944595","26.2","2021-07-16","0.00"
"US1FLLK0031","LADY LAKE 5.5 S, FL US","28.849946","-81.944595","26.2","2021-07-17","0.00"
"US1FLLK0031","LADY LAKE 5.5 S, FL US","28.849946","-81.944595","26.2","2021-07-19","0.00"
"US1FLLK0031","LADY LAKE 5.5 S, FL US","28.849946","-81.944595","26.2","2021-07-20","0.20"
"US1FLLK0031","LADY LAKE 5.5 S, FL US","28.849946","-81.944595","26.2","2021-07-21","0.00"
"US1FLSL0048","FORT PIERCE 5.4 SSE, FL US","27.364963","-80.303427","5.2","2021-07-04","0.75"
"US1FLSL0048","FORT PIERCE 5.4 SSE, FL US","27.364963","-80.303427","5.2","2021-07-08","0.12"
"US1FLSL0048","FORT PIERCE 5.4 SSE, FL US","27.364963","-80.303427","5.2","2021-07-10","0.20"
"US1FLSL0048","FORT PIERCE 5.4 SSE, FL US","27.364963","-80.303427","5.2","2021-07-13","0.06"
"US1FLSL0048","FORT PIERCE 5.4 SSE, FL US","27.364963","-80.303427","5.2","2021-07-14","0.06"
"US1FLSL0048","FORT PIERCE 5.4 SSE, FL US","27.364963","-80.303427","5.2","2021-07-16","0.00"
"US1FLSL0048","FORT PIERCE 5.4 SSE, FL US","27.364963","-80.303427","5.2","2021-07-17","0.00"
"US1FLSL0048","FORT PIERCE 5.4 SSE, FL US","27.364963","-80.303427","5.2","2021-07-18","0.29"
"US1FLLK0030","LEESBURG 2.7 NW, FL US","28.836163","-81.913656","23.2","2021-07-04","0.87"
"US1FLLK0030","LEESBURG 2.7 NW, FL US","28.836163","-81.913656","23.2","2021-07-05","0.00"
"US1FLLK0030","LEESBURG 2.7 NW, FL US","28.836163","-81.913656","23.2","2021-07-06","0.00"
"US1FLLK0030","LEESBURG 2.7 NW, FL US","28.836163","-81.913656","23.2","2021-07-07","1.49"
"US1FLLK0030","LEESBURG 2.7 NW, FL US","28.836163","-81.913656","23.2","2021-07-08","1.42"
"US1FLLK0030","LEESBURG 2.7 NW, FL US","28.836163","-81.913656","23.2","2021-07-09","1.26"
"US1FLLK0030","LEESBURG 2.7 NW, FL US","28.836163","-81.913656","23.2","2021-07-10","0.12"
"US1FLLK0030","LEESBURG 2.7 NW, FL US","28.836163","-81.913656","23.2","2021-07-11","0.00"
"US1FLLK0030","LEESBURG 2.7 NW, FL US","28.836163","-81.913656","23.2","2021-07-12","0.27"
"US1FLLK0030","LEESBURG 2.7 NW, FL US","28.836163","-81.913656","23.2","2021-07-13","0.00"
"US1FLLK0030","LEESBURG 2.7 NW, FL US","28.836163","-81.913656","23.2","2021-07-14","0.55"
"US1FLLK0030","LEESBURG 2.7 NW, FL US","28.836163","-81.913656","23.2","2021-07-15","0.00"
"US1FLLK0030","LEESBURG 2.7 NW, FL US","28.836163","-81.913656","23.2","2021-07-16","0.00"
"US1FLLK0030","LEESBURG 2.7 NW, FL US","28.836163","-81.913656","23.2","2021-07-17","0.00"
"US1FLLK0030","LEESBURG 2.7 NW, FL US","28.836163","-81.913656","23.2","2021-07-18","0.00"
"US1FLLK0030","LEESBURG 2.7 NW, FL US","28.836163","-81.913656","23.2","2021-07-19","0.24"
"US1FLLK0030","LEESBURG 2.7 NW, FL US","28.836163","-81.913656","23.2","2021-07-20","0.00"
"US1FLLK0030","LEESBURG 2.7 NW, FL US","28.836163","-81.913656","23.2","2021-07-21","0.00"
"US1FLMR0079","OCALA 8.3 W, FL US","29.178154","-82.268324","28.7","2021-07-04","1.39"
"US1FLMR0079","OCALA 8.3 W, FL US","29.178154","-82.268324","28.7","2021-07-05","0.21"
"US1FLMR0079","OCALA 8.3 W, FL US","29.178154","-82.268324","28.7","2021-07-06","0.34"
"US1FLMR0079","OCALA 8.3 W, FL US","29.178154","-82.268324","28.7","2021-07-07","0.86"
"US1FLMR0079","OCALA 8.3 W, FL US","29.178154","-82.268324","28.7","2021-07-08","1.73"
"US1FLMR0079","OCALA 8.3 W, FL US","29.178154","-82.268324","28.7","2021-07-09","0.05"
"US1FLMR0079","OCALA 8.3 W, FL US","29.178154","-82.268324","28.7","2021-07-10","0.41"
"US1FLMR0079","OCALA 8.3 W, FL US","29.178154","-82.268324","28.7","2021-07-12","0.02"
"US1FLMR0079","OCALA 8.3 W, FL US","29.178154","-82.268324","28.7","2021-07-13","0.00"
"US1FLMR0079","OCALA 8.3 W, FL US","29.178154","-82.268324","28.7","2021-07-14","0.09"
"US1FLMR0079","OCALA 8.3 W, FL US","29.178154","-82.268324","28.7","2021-07-15","0.04"
"US1FLMR0079","OCALA 8.3 W, FL US","29.178154","-82.268324","28.7","2021-07-16","0.00"
"US1FLMR0079","OCALA 8.3 W, FL US","29.178154","-82.268324","28.7","2021-07-17","0.00"
"US1FLMR0079","OCALA 8.3 W, FL US","29.178154","-82.268324","28.7","2021-07-18","0.00"
"US1FLMR0079","OCALA 8.3 W, FL US","29.178154","-82.268324","28.7","2021-07-19","2.13"
"US1FLMR0079","OCALA 8.3 W, FL US","29.178154","-82.268324","28.7","2021-07-20","1.14"
"US1FLMR0079","OCALA 8.3 W, FL US","29.178154","-82.268324","28.7","2021-07-21","0.00"
"USW00012861","OCALA JIM TAYLOR FIELD, FL US","29.16667","-82.23333","26.5","2021-07-04","0.31"
"USW00012861","OCALA JIM TAYLOR FIELD, FL US","29.16667","-82.23333","26.5","2021-07-05","0.01"
"USW00012861","OCALA JIM TAYLOR FIELD, FL US","29.16667","-82.23333","26.5","2021-07-06","0.26"
"USW00012861","OCALA JIM TAYLOR FIELD, FL US","29.16667","-82.23333","26.5","2021-07-07","1.72"
"USW00012861","OCALA JIM TAYLOR FIELD, FL US","29.16667","-82.23333","26.5","2021-07-08","0.03"
"USW00012861","OCALA JIM TAYLOR FIELD, FL US","29.16667","-82.23333","26.5","2021-07-09","0.22"
"USW00012861","OCALA JIM TAYLOR FIELD, FL US","29.16667","-82.23333","26.5","2021-07-10","0.06"
"USW00012861","OCALA JIM TAYLOR FIELD, FL US","29.16667","-82.23333","26.5","2021-07-11","0.00"
"USW00012861","OCALA JIM TAYLOR FIELD, FL US","29.16667","-82.23333","26.5","2021-07-12","0.00"
"USW00012861","OCALA JIM TAYLOR FIELD, FL US","29.16667","-82.23333","26.5","2021-07-13","0.00"
"USW00012861","OCALA JIM TAYLOR FIELD, FL US","29.16667","-82.23333","26.5","2021-07-14","0.02"
"USW00012861","OCALA JIM TAYLOR FIELD, FL US","29.16667","-82.23333","26.5","2021-07-15","0.00"
"USW00012861","OCALA JIM TAYLOR FIELD, FL US","29.16667","-82.23333","26.5","2021-07-16","0.00"
"USW00012861","OCALA JIM TAYLOR FIELD, FL US","29.16667","-82.23333","26.5","2021-07-17","0.00"
"USW00012861","OCALA JIM TAYLOR FIELD, FL US","29.16667","-82.23333","26.5","2021-07-18","1.06"
"USW00012861","OCALA JIM TAYLOR FIELD, FL US","29.16667","-82.23333","26.5","2021-07-19","0.42"
"USW00012861","OCALA JIM TAYLOR FIELD, FL US","29.16667","-82.23333","26.5","2021-07-20","0.11"
"USW00012861","OCALA JIM TAYLOR FIELD, FL US","29.16667","-82.23333","26.5","2021-07-21","0.00"
"USC00087304","PORT SALERNO 5 W, FL US","27.0997","-80.2627","3.7","2021-07-04","0.00"
"USC00087304","PORT SALERNO 5 W, FL US","27.0997","-80.2627","3.7","2021-07-05","0.03"
"USC00087304","PORT SALERNO 5 W, FL US","27.0997","-80.2627","3.7","2021-07-06","0.73"
"USC00087304","PORT SALERNO 5 W, FL US","27.0997","-80.2627","3.7","2021-07-07","0.15"
"USC00087304","PORT SALERNO 5 W, FL US","27.0997","-80.2627","3.7","2021-07-08","0.00"
"USC00087304","PORT SALERNO 5 W, FL US","27.0997","-80.2627","3.7","2021-07-09","0.00"
"USC00087304","PORT SALERNO 5 W, FL US","27.0997","-80.2627","3.7","2021-07-10","0.22"
"USC00087304","PORT SALERNO 5 W, FL US","27.0997","-80.2627","3.7","2021-07-11","0.00"
"USC00087304","PORT SALERNO 5 W, FL US","27.0997","-80.2627","3.7","2021-07-12","0.48"
"USC00087304","PORT SALERNO 5 W, FL US","27.0997","-80.2627","3.7","2021-07-13","0.17"
"USC00087304","PORT SALERNO 5 W, FL US","27.0997","-80.2627","3.7","2021-07-14","0.05"
"USC00087304","PORT SALERNO 5 W, FL US","27.0997","-80.2627","3.7","2021-07-15","0.00"
"USC00087304","PORT SALERNO 5 W, FL US","27.0997","-80.2627","3.7","2021-07-16","0.24"
"USC00087304","PORT SALERNO 5 W, FL US","27.0997","-80.2627","3.7","2021-07-17","0.00"
"USC00087304","PORT SALERNO 5 W, FL US","27.0997","-80.2627","3.7","2021-07-18","0.00"
"USC00087304","PORT SALERNO 5 W, FL US","27.0997","-80.2627","3.7","2021-07-19","0.00"
"USC00087304","PORT SALERNO 5 W, FL US","27.0997","-80.2627","3.7","2021-07-20","0.06"
"USC00087304","PORT SALERNO 5 W, FL US","27.0997","-80.2627","3.7","2021-07-21","0.01"
"US1FLLK0025","ASTATULA 1.0 E, FL US","28.7109184265137","-81.7188262939453","26.8","2021-07-19",
"US1FLLK0022","LADY LAKE 2.0 NNW, FL US","28.954757","-81.93905","27.1","2021-07-04","0.50"
"US1FLLK0022","LADY LAKE 2.0 NNW, FL US","28.954757","-81.93905","27.1","2021-07-05","0.62"
"US1FLLK0022","LADY LAKE 2.0 NNW, FL US","28.954757","-81.93905","27.1","2021-07-06","0.00"
"US1FLLK0022","LADY LAKE 2.0 NNW, FL US","28.954757","-81.93905","27.1","2021-07-07","0.71"
"US1FLLK0022","LADY LAKE 2.0 NNW, FL US","28.954757","-81.93905","27.1","2021-07-08","0.63"
"US1FLLK0022","LADY LAKE 2.0 NNW, FL US","28.954757","-81.93905","27.1","2021-07-09","0.38"
"US1FLLK0022","LADY LAKE 2.0 NNW, FL US","28.954757","-81.93905","27.1","2021-07-10","0.08"
"US1FLLK0022","LADY LAKE 2.0 NNW, FL US","28.954757","-81.93905","27.1","2021-07-11","0.00"
"US1FLLK0022","LADY LAKE 2.0 NNW, FL US","28.954757","-81.93905","27.1","2021-07-12","0.00"
"US1FLLK0022","LADY LAKE 2.0 NNW, FL US","28.954757","-81.93905","27.1","2021-07-13","0.41"
"US1FLLK0022","LADY LAKE 2.0 NNW, FL US","28.954757","-81.93905","27.1","2021-07-14","0.00"
"US1FLLK0022","LADY LAKE 2.0 NNW, FL US","28.954757","-81.93905","27.1","2021-07-15","0.03"
"US1FLLK0022","LADY LAKE 2.0 NNW, FL US","28.954757","-81.93905","27.1","2021-07-16","0.00"
"US1FLLK0022","LADY LAKE 2.0 NNW, FL US","28.954757","-81.93905","27.1","2021-07-17","0.00"
"US1FLLK0022","LADY LAKE 2.0 NNW, FL US","28.954757","-81.93905","27.1","2021-07-18","0.00"
"US1FLLK0022","LADY LAKE 2.0 NNW, FL US","28.954757","-81.93905","27.1","2021-07-19","0.00"
"US1FLLK0022","LADY LAKE 2.0 NNW, FL US","28.954757","-81.93905","27.1","2021-07-20","1.10"
"US1FLLK0022","LADY LAKE 2.0 NNW, FL US","28.954757","-81.93905","27.1","2021-07-21","0.02"
"US1FLLK0028","FRUITLAND PARK 0.8 NNW, FL US","28.8679","-81.9152","37.2","2021-07-04","0.76"
"US1FLLK0028","FRUITLAND PARK 0.8 NNW, FL US","28.8679","-81.9152","37.2","2021-07-05","0.66"
"US1FLLK0028","FRUITLAND PARK 0.8 NNW, FL US","28.8679","-81.9152","37.2","2021-07-06","0.01"
"US1FLLK0028","FRUITLAND PARK 0.8 NNW, FL US","28.8679","-81.9152","37.2","2021-07-07","0.57"
"US1FLLK0028","FRUITLAND PARK 0.8 NNW, FL US","28.8679","-81.9152","37.2","2021-07-08","0.63"
"US1FLLK0028","FRUITLAND PARK 0.8 NNW, FL US","28.8679","-81.9152","37.2","2021-07-09","0.92"
"US1FLLK0028","FRUITLAND PARK 0.8 NNW, FL US","28.8679","-81.9152","37.2","2021-07-10","1.61"
"US1FLLK0028","FRUITLAND PARK 0.8 NNW, FL US","28.8679","-81.9152","37.2","2021-07-11","0.00"
"US1FLLK0028","FRUITLAND PARK 0.8 NNW, FL US","28.8679","-81.9152","37.2","2021-07-12","0.00"
"US1FLLK0028","FRUITLAND PARK 0.8 NNW, FL US","28.8679","-81.9152","37.2","2021-07-13","0.06"
"US1FLLK0028","FRUITLAND PARK 0.8 NNW, FL US","28.8679","-81.9152","37.2","2021-07-14","0.00"
"US1FLLK0028","FRUITLAND PARK 0.8 NNW, FL US","28.8679","-81.9152","37.2","2021-07-15","0.07"
"US1FLLK0028","FRUITLAND PARK 0.8 NNW, FL US","28.8679","-81.9152","37.2","2021-07-16","0.00"
"US1FLLK0028","FRUITLAND PARK 0.8 NNW, FL US","28.8679","-81.9152","37.2","2021-07-17","0.00"
"US1FLLK0028","FRUITLAND PARK 0.8 NNW, FL US","28.8679","-81.9152","37.2","2021-07-18","0.00"
"US1FLLK0028","FRUITLAND PARK 0.8 NNW, FL US","28.8679","-81.9152","37.2","2021-07-19","0.00"
"US1FLLK0028","FRUITLAND PARK 0.8 NNW, FL US","28.8679","-81.9152","37.2","2021-07-20","0.29"
"US1FLLK0028","FRUITLAND PARK 0.8 NNW, FL US","28.8679","-81.9152","37.2","2021-07-21","0.00"
"US1FLLK0027","OAKLAND 3.4 WSW, FL US","28.542227","-81.683054","43.0","2021-07-04","0.65"
"US1FLLK0027","OAKLAND 3.4 WSW, FL US","28.542227","-81.683054","43.0","2021-07-05","0.01"
"US1FLLK0027","OAKLAND 3.4 WSW, FL US","28.542227","-81.683054","43.0","2021-07-06","0.21"
"US1FLLK0027","OAKLAND 3.4 WSW, FL US","28.542227","-81.683054","43.0","2021-07-07","2.01"
"US1FLLK0027","OAKLAND 3.4 WSW, FL US","28.542227","-81.683054","43.0","2021-07-08","0.63"
"US1FLLK0027","OAKLAND 3.4 WSW, FL US","28.542227","-81.683054","43.0","2021-07-09","0.57"
"US1FLBW0103","MIRAMAR 2.1 W, FL US","25.974669","-80.36703","1.5","2021-07-05",
"US1FLBW0103","MIRAMAR 2.1 W, FL US","25.974669","-80.36703","1.5","2021-07-06","1.06"
"US1FLBW0103","MIRAMAR 2.1 W, FL US","25.974669","-80.36703","1.5","2021-07-07","0.47"
"US1FLBW0103","MIRAMAR 2.1 W, FL US","25.974669","-80.36703","1.5","2021-07-08","0.00"
"US1FLBW0103","MIRAMAR 2.1 W, FL US","25.974669","-80.36703","1.5","2021-07-09","0.01"
"US1FLBW0103","MIRAMAR 2.1 W, FL US","25.974669","-80.36703","1.5","2021-07-10","0.00"
"US1FLBW0103","MIRAMAR 2.1 W, FL US","25.974669","-80.36703","1.5","2021-07-11","0.11"
"US1FLBW0103","MIRAMAR 2.1 W, FL US","25.974669","-80.36703","1.5","2021-07-12","1.40"
"US1FLBW0103","MIRAMAR 2.1 W, FL US","25.974669","-80.36703","1.5","2021-07-13","1.53"
"US1FLBW0103","MIRAMAR 2.1 W, FL US","25.974669","-80.36703","1.5","2021-07-14","1.12"
"US1FLBW0103","MIRAMAR 2.1 W, FL US","25.974669","-80.36703","1.5","2021-07-15","0.06"
"US1FLBW0103","MIRAMAR 2.1 W, FL US","25.974669","-80.36703","1.5","2021-07-16","0.05"
"US1FLBW0103","MIRAMAR 2.1 W, FL US","25.974669","-80.36703","1.5","2021-07-17","0.04"
"US1FLBW0103","MIRAMAR 2.1 W, FL US","25.974669","-80.36703","1.5","2021-07-18","0.01"
"US1FLBW0103","MIRAMAR 2.1 W, FL US","25.974669","-80.36703","1.5","2021-07-19","0.00"
"US1FLBW0103","MIRAMAR 2.1 W, FL US","25.974669","-80.36703","1.5","2021-07-20","0.00"
"US1FLBW0103","MIRAMAR 2.1 W, FL US","25.974669","-80.36703","1.5","2021-07-21","0.27"
"US1FLSL0033","FORT PIERCE 5.1 SSW, FL US","27.370372","-80.342765","1.5","2021-07-04","0.57"
"US1FLSL0033","FORT PIERCE 5.1 SSW, FL US","27.370372","-80.342765","1.5","2021-07-05","0.00"
"US1FLSL0033","FORT PIERCE 5.1 SSW, FL US","27.370372","-80.342765","1.5","2021-07-06","0.73"
"US1FLSL0033","FORT PIERCE 5.1 SSW, FL US","27.370372","-80.342765","1.5","2021-07-07","0.04"
"US1FLSL0033","FORT PIERCE 5.1 SSW, FL US","27.370372","-80.342765","1.5","2021-07-08","0.13"
"US1FLSL0033","FORT PIERCE 5.1 SSW, FL US","27.370372","-80.342765","1.5","2021-07-09","0.00"
"US1FLSL0033","FORT PIERCE 5.1 SSW, FL US","27.370372","-80.342765","1.5","2021-07-10","0.00"
"US1FLSL0033","FORT PIERCE 5.1 SSW, FL US","27.370372","-80.342765","1.5","2021-07-11","0.04"
"US1FLSL0033","FORT PIERCE 5.1 SSW, FL US","27.370372","-80.342765","1.5","2021-07-12","0.00"
"US1FLSL0033","FORT PIERCE 5.1 SSW, FL US","27.370372","-80.342765","1.5","2021-07-13","0.06"
"US1FLSL0033","FORT PIERCE 5.1 SSW, FL US","27.370372","-80.342765","1.5","2021-07-14","0.01"
"US1FLSL0033","FORT PIERCE 5.1 SSW, FL US","27.370372","-80.342765","1.5","2021-07-15","0.00"
"US1FLSL0033","FORT PIERCE 5.1 SSW, FL US","27.370372","-80.342765","1.5","2021-07-16","0.00"
"US1FLSL0033","FORT PIERCE 5.1 SSW, FL US","27.370372","-80.342765","1.5","2021-07-17","0.00"
"US1FLSL0033","FORT PIERCE 5.1 SSW, FL US","27.370372","-80.342765","1.5","2021-07-18","0.55"
"US1FLSL0033","FORT PIERCE 5.1 SSW, FL US","27.370372","-80.342765","1.5","2021-07-19","0.00"
"US1FLSL0033","FORT PIERCE 5.1 SSW, FL US","27.370372","-80.342765","1.5","2021-07-20","0.00"
"US1FLSL0033","FORT PIERCE 5.1 SSW, FL US","27.370372","-80.342765","1.5","2021-07-21","0.67"
"US1FLLK0021","LADY LAKE 1.2 ESE, FL US","28.92","-81.9116","27.1","2021-07-04","0.44"
"US1FLLK0021","LADY LAKE 1.2 ESE, FL US","28.92","-81.9116","27.1","2021-07-05","0.57"
"US1FLLK0021","LADY LAKE 1.2 ESE, FL US","28.92","-81.9116","27.1","2021-07-06","0.00"
"US1FLLK0021","LADY LAKE 1.2 ESE, FL US","28.92","-81.9116","27.1","2021-07-07","0.73"
"US1FLLK0021","LADY LAKE 1.2 ESE, FL US","28.92","-81.9116","27.1","2021-07-08","0.83"
"US1FLLK0021","LADY LAKE 1.2 ESE, FL US","28.92","-81.9116","27.1","2021-07-09","0.85"
"US1FLLK0021","LADY LAKE 1.2 ESE, FL US","28.92","-81.9116","27.1","2021-07-10","0.71"
"US1FLLK0021","LADY LAKE 1.2 ESE, FL US","28.92","-81.9116","27.1","2021-07-11","0.02"
"US1FLLK0021","LADY LAKE 1.2 ESE, FL US","28.92","-81.9116","27.1","2021-07-12","0.00"
"US1FLLK0021","LADY LAKE 1.2 ESE, FL US","28.92","-81.9116","27.1","2021-07-13","0.86"
"US1FLLK0021","LADY LAKE 1.2 ESE, FL US","28.92","-81.9116","27.1","2021-07-14","0.07"
"US1FLLK0021","LADY LAKE 1.2 ESE, FL US","28.92","-81.9116","27.1","2021-07-15","0.25"
"US1FLLK0021","LADY LAKE 1.2 ESE, FL US","28.92","-81.9116","27.1","2021-07-16","0.00"
"US1FLLK0021","LADY LAKE 1.2 ESE, FL US","28.92","-81.9116","27.1","2021-07-17","0.00"
"US1FLLK0021","LADY LAKE 1.2 ESE, FL US","28.92","-81.9116","27.1","2021-07-18","0.00"
"US1FLLK0021","LADY LAKE 1.2 ESE, FL US","28.92","-81.9116","27.1","2021-07-19","0.00"
"US1FLLK0021","LADY LAKE 1.2 ESE, FL US","28.92","-81.9116","27.1","2021-07-20","0.23"
"US1FLLK0021","LADY LAKE 1.2 ESE, FL US","28.92","-81.9116","27.1","2021-07-21","0.04"
"US1FLBV0109","SATELLITE BEACH 1.7 NNW, FL US","28.199197","-80.609386","2.4","2021-07-04","0.02"
"US1FLBV0109","SATELLITE BEACH 1.7 NNW, FL US","28.199197","-80.609386","2.4","2021-07-05","0.71"
"US1FLBV0109","SATELLITE BEACH 1.7 NNW, FL US","28.199197","-80.609386","2.4","2021-07-18",
"US1FLBV0109","SATELLITE BEACH 1.7 NNW, FL US","28.199197","-80.609386","2.4","2021-07-19","0.00"
"US1FLBV0109","SATELLITE BEACH 1.7 NNW, FL US","28.199197","-80.609386","2.4","2021-07-20","0.00"
"US1FLBV0109","SATELLITE BEACH 1.7 NNW, FL US","28.199197","-80.609386","2.4","2021-07-21","0.12"
"US1FLSM0027","ALTAMONTE SPRINGS 1.4 SE, FL US","28.64617","-81.38053","41.1","2021-07-04","0.31"
"US1FLSM0027","ALTAMONTE SPRINGS 1.4 SE, FL US","28.64617","-81.38053","41.1","2021-07-06","1.58"
"US1FLSM0027","ALTAMONTE SPRINGS 1.4 SE, FL US","28.64617","-81.38053","41.1","2021-07-07","0.84"
"US1FLSM0027","ALTAMONTE SPRINGS 1.4 SE, FL US","28.64617","-81.38053","41.1","2021-07-19",
"US1FLSM0027","ALTAMONTE SPRINGS 1.4 SE, FL US","28.64617","-81.38053","41.1","2021-07-20","0.25"
"US1FLSM0027","ALTAMONTE SPRINGS 1.4 SE, FL US","28.64617","-81.38053","41.1","2021-07-21","1.82"
"US1FLBV0107","INDIALANTIC 2.1 NNW, FL US","28.116404","-80.580601","5.5","2021-07-04","0.11"
"US1FLBV0107","INDIALANTIC 2.1 NNW, FL US","28.116404","-80.580601","5.5","2021-07-05","0.56"
"US1FLBV0107","INDIALANTIC 2.1 NNW, FL US","28.116404","-80.580601","5.5","2021-07-06","0.22"
"US1FLBV0107","INDIALANTIC 2.1 NNW, FL US","28.116404","-80.580601","5.5","2021-07-07","0.14"
"US1FLBV0107","INDIALANTIC 2.1 NNW, FL US","28.116404","-80.580601","5.5","2021-07-08","0.03"
"US1FLBV0107","INDIALANTIC 2.1 NNW, FL US","28.116404","-80.580601","5.5","2021-07-09","0.33"
"US1FLBV0107","INDIALANTIC 2.1 NNW, FL US","28.116404","-80.580601","5.5","2021-07-10","0.13"
"US1FLBV0107","INDIALANTIC 2.1 NNW, FL US","28.116404","-80.580601","5.5","2021-07-11","0.00"
"US1FLBV0107","INDIALANTIC 2.1 NNW, FL US","28.116404","-80.580601","5.5","2021-07-12","0.00"
"US1FLBV0107","INDIALANTIC 2.1 NNW, FL US","28.116404","-80.580601","5.5","2021-07-13","0.17"
"US1FLBV0107","INDIALANTIC 2.1 NNW, FL US","28.116404","-80.580601","5.5","2021-07-14","0.30"
"US1FLBV0107","INDIALANTIC 2.1 NNW, FL US","28.116404","-80.580601","5.5","2021-07-15","0.00"
"US1FLBV0107","INDIALANTIC 2.1 NNW, FL US","28.116404","-80.580601","5.5","2021-07-16","0.01"
"US1FLBV0107","INDIALANTIC 2.1 NNW, FL US","28.116404","-80.580601","5.5","2021-07-17","0.01"
"US1FLBV0107","INDIALANTIC 2.1 NNW, FL US","28.116404","-80.580601","5.5","2021-07-18","0.00"
"US1FLBV0107","INDIALANTIC 2.1 NNW, FL US","28.116404","-80.580601","5.5","2021-07-19","0.00"
"US1FLBV0107","INDIALANTIC 2.1 NNW, FL US","28.116404","-80.580601","5.5","2021-07-20","0.00"
"US1FLBV0107","INDIALANTIC 2.1 NNW, FL US","28.116404","-80.580601","5.5","2021-07-21","0.01"
"US1FLBV0102","PALM BAY 2.6 NW, FL US","28.009979","-80.691883","7.0","2021-07-04","0.00"
"US1FLBV0102","PALM BAY 2.6 NW, FL US","28.009979","-80.691883","7.0","2021-07-05","0.42"
"US1FLBV0102","PALM BAY 2.6 NW, FL US","28.009979","-80.691883","7.0","2021-07-06","0.00"
"US1FLBV0102","PALM BAY 2.6 NW, FL US","28.009979","-80.691883","7.0","2021-07-07","0.37"
"US1FLBV0102","PALM BAY 2.6 NW, FL US","28.009979","-80.691883","7.0","2021-07-08","0.00"
"US1FLBV0102","PALM BAY 2.6 NW, FL US","28.009979","-80.691883","7.0","2021-07-09","0.35"
"US1FLBV0102","PALM BAY 2.6 NW, FL US","28.009979","-80.691883","7.0","2021-07-10","0.42"
"US1FLBV0102","PALM BAY 2.6 NW, FL US","28.009979","-80.691883","7.0","2021-07-11","0.27"
"US1FLBV0102","PALM BAY 2.6 NW, FL US","28.009979","-80.691883","7.0","2021-07-12","0.05"
"US1FLBV0102","PALM BAY 2.6 NW, FL US","28.009979","-80.691883","7.0","2021-07-13","0.46"
"US1FLBV0102","PALM BAY 2.6 NW, FL US","28.009979","-80.691883","7.0","2021-07-14","0.00"
"US1FLBV0102","PALM BAY 2.6 NW, FL US","28.009979","-80.691883","7.0","2021-07-15","0.00"
"US1FLBV0102","PALM BAY 2.6 NW, FL US","28.009979","-80.691883","7.0","2021-07-16","0.00"
"US1FLBV0102","PALM BAY 2.6 NW, FL US","28.009979","-80.691883","7.0","2021-07-17","0.00"
"US1FLBV0102","PALM BAY 2.6 NW, FL US","28.009979","-80.691883","7.0","2021-07-18","0.00"
"US1FLBV0102","PALM BAY 2.6 NW, FL US","28.009979","-80.691883","7.0","2021-07-19","0.00"
"US1FLBV0102","PALM BAY 2.6 NW, FL US","28.009979","-80.691883","7.0","2021-07-20","0.00"
"US1FLBV0102","PALM BAY 2.6 NW, FL US","28.009979","-80.691883","7.0","2021-07-21","0.00"
"USC00086240","NICEVILLE, FL US","30.5316","-86.4928","22.6","2021-07-04","0.81"
"USC00086240","NICEVILLE, FL US","30.5316","-86.4928","22.6","2021-07-05","0.15"
"USC00086240","NICEVILLE, FL US","30.5316","-86.4928","22.6","2021-07-06","0.20"
"USC00086240","NICEVILLE, FL US","30.5316","-86.4928","22.6","2021-07-07","0.61"
"USC00086240","NICEVILLE, FL US","30.5316","-86.4928","22.6","2021-07-08","0.00"
"USC00086240","NICEVILLE, FL US","30.5316","-86.4928","22.6","2021-07-09","0.00"
"USC00086240","NICEVILLE, FL US","30.5316","-86.4928","22.6","2021-07-10","0.00"
"USC00086240","NICEVILLE, FL US","30.5316","-86.4928","22.6","2021-07-11","0.13"
"USC00086240","NICEVILLE, FL US","30.5316","-86.4928","22.6","2021-07-12","0.86"
"USC00086240","NICEVILLE, FL US","30.5316","-86.4928","22.6","2021-07-13","0.60"
"USC00086240","NICEVILLE, FL US","30.5316","-86.4928","22.6","2021-07-14","0.00"
"USC00086240","NICEVILLE, FL US","30.5316","-86.4928","22.6","2021-07-15","0.00"
"USC00086240","NICEVILLE, FL US","30.5316","-86.4928","22.6","2021-07-16","0.00"
"USC00086240","NICEVILLE, FL US","30.5316","-86.4928","22.6","2021-07-17","0.00"
"USC00086240","NICEVILLE, FL US","30.5316","-86.4928","22.6","2021-07-18","0.00"
"USC00086240","NICEVILLE, FL US","30.5316","-86.4928","22.6","2021-07-19","0.91"
"USC00086240","NICEVILLE, FL US","30.5316","-86.4928","22.6","2021-07-20","0.50"
"USC00086240","NICEVILLE, FL US","30.5316","-86.4928","22.6","2021-07-21","0.71"
"US1FLBV0103","PALM BAY 0.9 NE, FL US","27.99491","-80.65048","9.1","2021-07-04","0.08"
"US1FLBV0103","PALM BAY 0.9 NE, FL US","27.99491","-80.65048","9.1","2021-07-05","0.03"
"US1FLBV0103","PALM BAY 0.9 NE, FL US","27.99491","-80.65048","9.1","2021-07-06","0.26"
"US1FLBV0103","PALM BAY 0.9 NE, FL US","27.99491","-80.65048","9.1","2021-07-07","0.01"
"US1FLBV0103","PALM BAY 0.9 NE, FL US","27.99491","-80.65048","9.1","2021-07-08","0.08"
"US1FLBV0103","PALM BAY 0.9 NE, FL US","27.99491","-80.65048","9.1","2021-07-09","0.04"
"US1FLBV0103","PALM BAY 0.9 NE, FL US","27.99491","-80.65048","9.1","2021-07-10","0.23"
"US1FLBV0103","PALM BAY 0.9 NE, FL US","27.99491","-80.65048","9.1","2021-07-11","0.09"
"US1FLBV0103","PALM BAY 0.9 NE, FL US","27.99491","-80.65048","9.1","2021-07-12","0.52"
"US1FLBV0103","PALM BAY 0.9 NE, FL US","27.99491","-80.65048","9.1","2021-07-13","0.19"
"US1FLBV0103","PALM BAY 0.9 NE, FL US","27.99491","-80.65048","9.1","2021-07-14","0.03"
"US1FLBV0103","PALM BAY 0.9 NE, FL US","27.99491","-80.65048","9.1","2021-07-15","0.01"
"US1FLBV0103","PALM BAY 0.9 NE, FL US","27.99491","-80.65048","9.1","2021-07-16","0.01"
"US1FLBW0153","PEMBROKE PINES 4.1 E, FL US","26.007778","-80.229722","2.4","2021-07-06","0.49"
"US1FLBW0153","PEMBROKE PINES 4.1 E, FL US","26.007778","-80.229722","2.4","2021-07-07","0.61"
"US1FLBW0153","PEMBROKE PINES 4.1 E, FL US","26.007778","-80.229722","2.4","2021-07-11","0.04"
"US1FLBW0153","PEMBROKE PINES 4.1 E, FL US","26.007778","-80.229722","2.4","2021-07-12","0.43"
"US1FLBW0153","PEMBROKE PINES 4.1 E, FL US","26.007778","-80.229722","2.4","2021-07-13","1.04"
"US1FLBW0153","PEMBROKE PINES 4.1 E, FL US","26.007778","-80.229722","2.4","2021-07-15","0.03"
"US1FLBW0153","PEMBROKE PINES 4.1 E, FL US","26.007778","-80.229722","2.4","2021-07-17","0.12"
"US1FLBW0153","PEMBROKE PINES 4.1 E, FL US","26.007778","-80.229722","2.4","2021-07-19","0.04"
"US1FLBW0153","PEMBROKE PINES 4.1 E, FL US","26.007778","-80.229722","2.4","2021-07-20","0.00"
"US1FLBW0153","PEMBROKE PINES 4.1 E, FL US","26.007778","-80.229722","2.4","2021-07-21","0.34"
"USW00012876","WINTER HAVEN GILBERT AIRPORT, FL US","28.06137","-81.75684","43.5","2021-07-04","0.00"
"USW00012876","WINTER HAVEN GILBERT AIRPORT, FL US","28.06137","-81.75684","43.5","2021-07-05","0.05"
"USW00012876","WINTER HAVEN GILBERT AIRPORT, FL US","28.06137","-81.75684","43.5","2021-07-06","0.47"
"USW00012876","WINTER HAVEN GILBERT AIRPORT, FL US","28.06137","-81.75684","43.5","2021-07-07","1.95"
"USW00012876","WINTER HAVEN GILBERT AIRPORT, FL US","28.06137","-81.75684","43.5","2021-07-08","0.07"
"USW00012876","WINTER HAVEN GILBERT AIRPORT, FL US","28.06137","-81.75684","43.5","2021-07-09","1.46"
"USW00012876","WINTER HAVEN GILBERT AIRPORT, FL US","28.06137","-81.75684","43.5","2021-07-10","0.00"
"USW00012876","WINTER HAVEN GILBERT AIRPORT, FL US","28.06137","-81.75684","43.5","2021-07-11","0.01"
"USW00012876","WINTER HAVEN GILBERT AIRPORT, FL US","28.06137","-81.75684","43.5","2021-07-12","0.00"
"USW00012876","WINTER HAVEN GILBERT AIRPORT, FL US","28.06137","-81.75684","43.5","2021-07-13","0.04"
"USW00012876","WINTER HAVEN GILBERT AIRPORT, FL US","28.06137","-81.75684","43.5","2021-07-14","0.10"
"USW00012876","WINTER HAVEN GILBERT AIRPORT, FL US","28.06137","-81.75684","43.5","2021-07-15","0.00"
"USW00012876","WINTER HAVEN GILBERT AIRPORT, FL US","28.06137","-81.75684","43.5","2021-07-16","0.00"
"USW00012876","WINTER HAVEN GILBERT AIRPORT, FL US","28.06137","-81.75684","43.5","2021-07-17","0.00"
"USW00012876","WINTER HAVEN GILBERT AIRPORT, FL US","28.06137","-81.75684","43.5","2021-07-18","0.38"
"USW00012876","WINTER HAVEN GILBERT AIRPORT, FL US","28.06137","-81.75684","43.5","2021-07-19","0.91"
"USW00012876","WINTER HAVEN GILBERT AIRPORT, FL US","28.06137","-81.75684","43.5","2021-07-20","0.00"
"USW00012876","WINTER HAVEN GILBERT AIRPORT, FL US","28.06137","-81.75684","43.5","2021-07-21","0.35"
"US1FLPK0078","LOUGHMAN 2.0 ESE, FL US","28.221142","-81.544237","26.8","2021-07-04","0.43"
"US1FLPK0078","LOUGHMAN 2.0 ESE, FL US","28.221142","-81.544237","26.8","2021-07-07","1.09"
"US1FLPK0078","LOUGHMAN 2.0 ESE, FL US","28.221142","-81.544237","26.8","2021-07-08","0.04"
"US1FLPK0078","LOUGHMAN 2.0 ESE, FL US","28.221142","-81.544237","26.8","2021-07-09","0.06"
"US1FLPK0078","LOUGHMAN 2.0 ESE, FL US","28.221142","-81.544237","26.8","2021-07-10","0.08"
"US1FLPK0078","LOUGHMAN 2.0 ESE, FL US","28.221142","-81.544237","26.8","2021-07-11","0.02"
"US1FLPK0078","LOUGHMAN 2.0 ESE, FL US","28.221142","-81.544237","26.8","2021-07-12","0.44"
"US1FLPK0078","LOUGHMAN 2.0 ESE, FL US","28.221142","-81.544237","26.8","2021-07-13","0.10"
"US1FLPK0078","LOUGHMAN 2.0 ESE, FL US","28.221142","-81.544237","26.8","2021-07-14","0.00"
"US1FLPK0078","LOUGHMAN 2.0 ESE, FL US","28.221142","-81.544237","26.8","2021-07-15","0.35"
"US1FLPK0078","LOUGHMAN 2.0 ESE, FL US","28.221142","-81.544237","26.8","2021-07-16","0.01"
"US1FLPK0078","LOUGHMAN 2.0 ESE, FL US","28.221142","-81.544237","26.8","2021-07-17","0.00"
"US1FLPK0078","LOUGHMAN 2.0 ESE, FL US","28.221142","-81.544237","26.8","2021-07-18","0.00"
"US1FLPK0078","LOUGHMAN 2.0 ESE, FL US","28.221142","-81.544237","26.8","2021-07-19","0.04"
"US1FLPK0078","LOUGHMAN 2.0 ESE, FL US","28.221142","-81.544237","26.8","2021-07-20","0.14"
"US1FLPK0078","LOUGHMAN 2.0 ESE, FL US","28.221142","-81.544237","26.8","2021-07-21","0.03"
"USW00012873","ST PETERSBURG CLEARWATER INTERNATIONAL AIRPORT, FL US","27.91255","-82.68555","0.1","2021-07-04","0.00"
"USW00012873","ST PETERSBURG CLEARWATER INTERNATIONAL AIRPORT, FL US","27.91255","-82.68555","0.1","2021-07-05","0.22"
"USW00012873","ST PETERSBURG CLEARWATER INTERNATIONAL AIRPORT, FL US","27.91255","-82.68555","0.1","2021-07-06","0.27"
"USW00012873","ST PETERSBURG CLEARWATER INTERNATIONAL AIRPORT, FL US","27.91255","-82.68555","0.1","2021-07-07","2.96"
"USW00012873","ST PETERSBURG CLEARWATER INTERNATIONAL AIRPORT, FL US","27.91255","-82.68555","0.1","2021-07-08","0.17"
"USW00012873","ST PETERSBURG CLEARWATER INTERNATIONAL AIRPORT, FL US","27.91255","-82.68555","0.1","2021-07-09","0.00"
"USW00012873","ST PETERSBURG CLEARWATER INTERNATIONAL AIRPORT, FL US","27.91255","-82.68555","0.1","2021-07-10","0.00"
"USW00012873","ST PETERSBURG CLEARWATER INTERNATIONAL AIRPORT, FL US","27.91255","-82.68555","0.1","2021-07-11","0.00"
"USW00012873","ST PETERSBURG CLEARWATER INTERNATIONAL AIRPORT, FL US","27.91255","-82.68555","0.1","2021-07-12","0.53"
"USW00012873","ST PETERSBURG CLEARWATER INTERNATIONAL AIRPORT, FL US","27.91255","-82.68555","0.1","2021-07-13","0.01"
"USW00012873","ST PETERSBURG CLEARWATER INTERNATIONAL AIRPORT, FL US","27.91255","-82.68555","0.1","2021-07-14","0.13"
"USW00012873","ST PETERSBURG CLEARWATER INTERNATIONAL AIRPORT, FL US","27.91255","-82.68555","0.1","2021-07-15","0.00"
"USW00012873","ST PETERSBURG CLEARWATER INTERNATIONAL AIRPORT, FL US","27.91255","-82.68555","0.1","2021-07-16","0.08"
"USW00012873","ST PETERSBURG CLEARWATER INTERNATIONAL AIRPORT, FL US","27.91255","-82.68555","0.1","2021-07-17","0.01"
"USW00012873","ST PETERSBURG CLEARWATER INTERNATIONAL AIRPORT, FL US","27.91255","-82.68555","0.1","2021-07-18","0.00"
"USW00012873","ST PETERSBURG CLEARWATER INTERNATIONAL AIRPORT, FL US","27.91255","-82.68555","0.1","2021-07-19","0.00"
"USW00012873","ST PETERSBURG CLEARWATER INTERNATIONAL AIRPORT, FL US","27.91255","-82.68555","0.1","2021-07-20","0.00"
"USW00012873","ST PETERSBURG CLEARWATER INTERNATIONAL AIRPORT, FL US","27.91255","-82.68555","0.1","2021-07-21","0.08"
"US1FLBW0155","COOPER CITY 1.3 NE, FL US","26.057653","-80.275665","0.0","2021-07-04","0.00"
"US1FLBW0155","COOPER CITY 1.3 NE, FL US","26.057653","-80.275665","0.0","2021-07-05","0.00"
"US1FLBW0155","COOPER CITY 1.3 NE, FL US","26.057653","-80.275665","0.0","2021-07-06","0.53"
"US1FLBW0155","COOPER CITY 1.3 NE, FL US","26.057653","-80.275665","0.0","2021-07-07","0.65"
"US1FLBW0155","COOPER CITY 1.3 NE, FL US","26.057653","-80.275665","0.0","2021-07-08","0.00"
"US1FLBW0155","COOPER CITY 1.3 NE, FL US","26.057653","-80.275665","0.0","2021-07-09","0.24"
"US1FLBW0155","COOPER CITY 1.3 NE, FL US","26.057653","-80.275665","0.0","2021-07-10","0.00"
"US1FLBW0155","COOPER CITY 1.3 NE, FL US","26.057653","-80.275665","0.0","2021-07-11","0.05"
"US1FLBW0155","COOPER CITY 1.3 NE, FL US","26.057653","-80.275665","0.0","2021-07-12","0.26"
"US1FLBW0155","COOPER CITY 1.3 NE, FL US","26.057653","-80.275665","0.0","2021-07-13","1.24"
"US1FLBW0155","COOPER CITY 1.3 NE, FL US","26.057653","-80.275665","0.0","2021-07-14","0.98"
"US1FLBW0155","COOPER CITY 1.3 NE, FL US","26.057653","-80.275665","0.0","2021-07-15","0.12"
"US1FLBW0155","COOPER CITY 1.3 NE, FL US","26.057653","-80.275665","0.0","2021-07-16","0.00"
"US1FLBW0155","COOPER CITY 1.3 NE, FL US","26.057653","-80.275665","0.0","2021-07-17","0.19"
"US1FLBW0155","COOPER CITY 1.3 NE, FL US","26.057653","-80.275665","0.0","2021-07-18","0.03"
"US1FLBW0155","COOPER CITY 1.3 NE, FL US","26.057653","-80.275665","0.0","2021-07-19","0.00"
"US1FLBW0155","COOPER CITY 1.3 NE, FL US","26.057653","-80.275665","0.0","2021-07-20","0.00"
"US1FLBW0155","COOPER CITY 1.3 NE, FL US","26.057653","-80.275665","0.0","2021-07-21","0.69"
"US1FLPK0076","AUBURNDALE 2.4 NNE, FL US","28.1019","-81.7813","47.5","2021-07-04","0.01"
"US1FLPK0076","AUBURNDALE 2.4 NNE, FL US","28.1019","-81.7813","47.5","2021-07-05","0.09"
"US1FLPK0076","AUBURNDALE 2.4 NNE, FL US","28.1019","-81.7813","47.5","2021-07-06","0.51"
"US1FLPK0076","AUBURNDALE 2.4 NNE, FL US","28.1019","-81.7813","47.5","2021-07-07","2.02"
"US1FLPK0076","AUBURNDALE 2.4 NNE, FL US","28.1019","-81.7813","47.5","2021-07-08","0.20"
"US1FLPK0076","AUBURNDALE 2.4 NNE, FL US","28.1019","-81.7813","47.5","2021-07-09","0.00"
"US1FLPK0076","AUBURNDALE 2.4 NNE, FL US","28.1019","-81.7813","47.5","2021-07-10","0.00"
"US1FLPK0076","AUBURNDALE 2.4 NNE, FL US","28.1019","-81.7813","47.5","2021-07-11","0.00"
"US1FLPK0076","AUBURNDALE 2.4 NNE, FL US","28.1019","-81.7813","47.5","2021-07-13","0.00"
"US1FLPK0076","AUBURNDALE 2.4 NNE, FL US","28.1019","-81.7813","47.5","2021-07-14","0.11"
"US1FLPK0076","AUBURNDALE 2.4 NNE, FL US","28.1019","-81.7813","47.5","2021-07-15","0.00"
"US1FLPK0076","AUBURNDALE 2.4 NNE, FL US","28.1019","-81.7813","47.5","2021-07-16","0.00"
"US1FLPK0076","AUBURNDALE 2.4 NNE, FL US","28.1019","-81.7813","47.5","2021-07-17","0.00"
"US1FLPK0076","AUBURNDALE 2.4 NNE, FL US","28.1019","-81.7813","47.5","2021-07-18","0.08"
"US1FLPK0076","AUBURNDALE 2.4 NNE, FL US","28.1019","-81.7813","47.5","2021-07-19","2.92"
"US1FLPK0076","AUBURNDALE 2.4 NNE, FL US","28.1019","-81.7813","47.5","2021-07-20","0.12"
"US1FLPK0076","AUBURNDALE 2.4 NNE, FL US","28.1019","-81.7813","47.5","2021-07-21","0.21"
"USW00012871","SARASOTA BRADENTON AIRPORT, FL US","27.40146","-82.55863","5.3","2021-07-04","0.00"
"USW00012871","SARASOTA BRADENTON AIRPORT, FL US","27.40146","-82.55863","5.3","2021-07-05","0.19"
"USW00012871","SARASOTA BRADENTON AIRPORT, FL US","27.40146","-82.55863","5.3","2021-07-06","1.31"
"USW00012871","SARASOTA BRADENTON AIRPORT, FL US","27.40146","-82.55863","5.3","2021-07-07","0.12"
"USW00012871","SARASOTA BRADENTON AIRPORT, FL US","27.40146","-82.55863","5.3","2021-07-08","0.42"
"USW00012871","SARASOTA BRADENTON AIRPORT, FL US","27.40146","-82.55863","5.3","2021-07-09","0.00"
"USW00012871","SARASOTA BRADENTON AIRPORT, FL US","27.40146","-82.55863","5.3","2021-07-10","0.70"
"USW00012871","SARASOTA BRADENTON AIRPORT, FL US","27.40146","-82.55863","5.3","2021-07-11","0.11"
"USW00012871","SARASOTA BRADENTON AIRPORT, FL US","27.40146","-82.55863","5.3","2021-07-12","0.03"
"USW00012871","SARASOTA BRADENTON AIRPORT, FL US","27.40146","-82.55863","5.3","2021-07-13","0.07"
"USW00012871","SARASOTA BRADENTON AIRPORT, FL US","27.40146","-82.55863","5.3","2021-07-14","0.52"
"USW00012871","SARASOTA BRADENTON AIRPORT, FL US","27.40146","-82.55863","5.3","2021-07-15","0.00"
"USW00012871","SARASOTA BRADENTON AIRPORT, FL US","27.40146","-82.55863","5.3","2021-07-16","0.43"
"USW00012871","SARASOTA BRADENTON AIRPORT, FL US","27.40146","-82.55863","5.3","2021-07-17","0.43"
"USW00012871","SARASOTA BRADENTON AIRPORT, FL US","27.40146","-82.55863","5.3","2021-07-18","0.00"
"USW00012871","SARASOTA BRADENTON AIRPORT, FL US","27.40146","-82.55863","5.3","2021-07-19","0.00"
"USW00012871","SARASOTA BRADENTON AIRPORT, FL US","27.40146","-82.55863","5.3","2021-07-20","0.00"
"USW00012871","SARASOTA BRADENTON AIRPORT, FL US","27.40146","-82.55863","5.3","2021-07-21","0.00"
"US1FLSM0026","ALTAMONTE SPRINGS 1.5 N, FL US","28.68309","-81.3997","31.4","2021-07-04","0.59"
"US1FLSM0026","ALTAMONTE SPRINGS 1.5 N, FL US","28.68309","-81.3997","31.4","2021-07-06","0.50"
"US1FLSM0026","ALTAMONTE SPRINGS 1.5 N, FL US","28.68309","-81.3997","31.4","2021-07-07","0.73"
"US1FLSM0026","ALTAMONTE SPRINGS 1.5 N, FL US","28.68309","-81.3997","31.4","2021-07-09","0.87"
"US1FLSM0026","ALTAMONTE SPRINGS 1.5 N, FL US","28.68309","-81.3997","31.4","2021-07-10","0.00"
"US1FLSM0026","ALTAMONTE SPRINGS 1.5 N, FL US","28.68309","-81.3997","31.4","2021-07-11","0.33"
"US1FLSM0026","ALTAMONTE SPRINGS 1.5 N, FL US","28.68309","-81.3997","31.4","2021-07-12","0.04"
"US1FLSM0026","ALTAMONTE SPRINGS 1.5 N, FL US","28.68309","-81.3997","31.4","2021-07-13","0.52"
"US1FLSM0026","ALTAMONTE SPRINGS 1.5 N, FL US","28.68309","-81.3997","31.4","2021-07-14","0.00"
"US1FLSM0026","ALTAMONTE SPRINGS 1.5 N, FL US","28.68309","-81.3997","31.4","2021-07-15","0.03"
"US1FLSM0026","ALTAMONTE SPRINGS 1.5 N, FL US","28.68309","-81.3997","31.4","2021-07-16","0.00"
"US1FLSM0026","ALTAMONTE SPRINGS 1.5 N, FL US","28.68309","-81.3997","31.4","2021-07-17","0.00"
"US1FLSM0026","ALTAMONTE SPRINGS 1.5 N, FL US","28.68309","-81.3997","31.4","2021-07-18","0.00"
"US1FLSM0026","ALTAMONTE SPRINGS 1.5 N, FL US","28.68309","-81.3997","31.4","2021-07-19","0.02"
"US1FLSM0026","ALTAMONTE SPRINGS 1.5 N, FL US","28.68309","-81.3997","31.4","2021-07-20","0.87"
"US1FLSM0026","ALTAMONTE SPRINGS 1.5 N, FL US","28.68309","-81.3997","31.4","2021-07-21","2.24"
"US1FLPK0073","MULBERRY 1.1 NNW, FL US","27.91709","-81.97774","39.3","2021-07-04","1.43"
"US1FLPK0073","MULBERRY 1.1 NNW, FL US","27.91709","-81.97774","39.3","2021-07-05","0.00"
"US1FLPK0073","MULBERRY 1.1 NNW, FL US","27.91709","-81.97774","39.3","2021-07-06","0.06"
"US1FLPK0073","MULBERRY 1.1 NNW, FL US","27.91709","-81.97774","39.3","2021-07-07","3.21"
"US1FLPK0073","MULBERRY 1.1 NNW, FL US","27.91709","-81.97774","39.3","2021-07-08","0.14"
"US1FLPK0073","MULBERRY 1.1 NNW, FL US","27.91709","-81.97774","39.3","2021-07-09","0.19"
"US1FLPK0073","MULBERRY 1.1 NNW, FL US","27.91709","-81.97774","39.3","2021-07-10","0.00"
"US1FLPK0073","MULBERRY 1.1 NNW, FL US","27.91709","-81.97774","39.3","2021-07-11","0.82"
"US1FLPK0073","MULBERRY 1.1 NNW, FL US","27.91709","-81.97774","39.3","2021-07-12","0.28"
"US1FLPK0073","MULBERRY 1.1 NNW, FL US","27.91709","-81.97774","39.3","2021-07-13","0.11"
"US1FLPK0073","MULBERRY 1.1 NNW, FL US","27.91709","-81.97774","39.3","2021-07-14","0.12"
"US1FLPK0073","MULBERRY 1.1 NNW, FL US","27.91709","-81.97774","39.3","2021-07-15","0.11"
"US1FLPK0073","MULBERRY 1.1 NNW, FL US","27.91709","-81.97774","39.3","2021-07-16","0.00"
"US1FLPK0073","MULBERRY 1.1 NNW, FL US","27.91709","-81.97774","39.3","2021-07-17","0.00"
"US1FLPK0073","MULBERRY 1.1 NNW, FL US","27.91709","-81.97774","39.3","2021-07-18","0.00"
"US1FLPK0073","MULBERRY 1.1 NNW, FL US","27.91709","-81.97774","39.3","2021-07-19","0.00"
"US1FLPK0073","MULBERRY 1.1 NNW, FL US","27.91709","-81.97774","39.3","2021-07-20","0.13"
"US1FLPK0073","MULBERRY 1.1 NNW, FL US","27.91709","-81.97774","39.3","2021-07-21","0.03"
"US1FLBW0151","SUNRISE 0.4 NNE, FL US","26.15695","-80.2965","2.4","2021-07-04","0.00"
"US1FLBW0151","SUNRISE 0.4 NNE, FL US","26.15695","-80.2965","2.4","2021-07-05","0.04"
"US1FLBW0151","SUNRISE 0.4 NNE, FL US","26.15695","-80.2965","2.4","2021-07-06","0.25"
"US1FLBW0151","SUNRISE 0.4 NNE, FL US","26.15695","-80.2965","2.4","2021-07-07","0.42"
"US1FLBW0151","SUNRISE 0.4 NNE, FL US","26.15695","-80.2965","2.4","2021-07-08","0.00"
"US1FLBW0151","SUNRISE 0.4 NNE, FL US","26.15695","-80.2965","2.4","2021-07-09","3.14"
"US1FLBW0151","SUNRISE 0.4 NNE, FL US","26.15695","-80.2965","2.4","2021-07-10","0.02"
"US1FLBW0151","SUNRISE 0.4 NNE, FL US","26.15695","-80.2965","2.4","2021-07-11","0.04"
"US1FLBW0151","SUNRISE 0.4 NNE, FL US","26.15695","-80.2965","2.4","2021-07-12","0.13"
"US1FLBW0151","SUNRISE 0.4 NNE, FL US","26.15695","-80.2965","2.4","2021-07-13","0.59"
"US1FLBW0151","SUNRISE 0.4 NNE, FL US","26.15695","-80.2965","2.4","2021-07-14","0.06"
"US1FLBW0151","SUNRISE 0.4 NNE, FL US","26.15695","-80.2965","2.4","2021-07-15","0.07"
"US1FLBW0151","SUNRISE 0.4 NNE, FL US","26.15695","-80.2965","2.4","2021-07-16","0.02"
"US1FLBW0151","SUNRISE 0.4 NNE, FL US","26.15695","-80.2965","2.4","2021-07-17","0.39"
"US1FLBW0151","SUNRISE 0.4 NNE, FL US","26.15695","-80.2965","2.4","2021-07-18","0.38"
"US1FLBW0151","SUNRISE 0.4 NNE, FL US","26.15695","-80.2965","2.4","2021-07-19","0.00"
"US1FLBW0151","SUNRISE 0.4 NNE, FL US","26.15695","-80.2965","2.4","2021-07-20","0.00"
"US1FLBW0151","SUNRISE 0.4 NNE, FL US","26.15695","-80.2965","2.4","2021-07-21","2.17"
"US1FLPK0071","WINTER HAVEN 6.1 SW, FL US","27.97503","-81.78646","41.8","2021-07-04","0.37"
"US1FLPK0071","WINTER HAVEN 6.1 SW, FL US","27.97503","-81.78646","41.8","2021-07-05","0.03"
"US1FLPK0071","WINTER HAVEN 6.1 SW, FL US","27.97503","-81.78646","41.8","2021-07-06","0.66"
"US1FLPK0071","WINTER HAVEN 6.1 SW, FL US","27.97503","-81.78646","41.8","2021-07-07","2.50"
"US1FLPK0071","WINTER HAVEN 6.1 SW, FL US","27.97503","-81.78646","41.8","2021-07-08","0.02"
"US1FLPK0071","WINTER HAVEN 6.1 SW, FL US","27.97503","-81.78646","41.8","2021-07-09","0.10"
"US1FLPK0071","WINTER HAVEN 6.1 SW, FL US","27.97503","-81.78646","41.8","2021-07-10","0.00"
"US1FLPK0071","WINTER HAVEN 6.1 SW, FL US","27.97503","-81.78646","41.8","2021-07-11","1.00"
"US1FLPK0071","WINTER HAVEN 6.1 SW, FL US","27.97503","-81.78646","41.8","2021-07-13","0.00"
"US1FLPK0071","WINTER HAVEN 6.1 SW, FL US","27.97503","-81.78646","41.8","2021-07-14","0.02"
"US1FLPK0071","WINTER HAVEN 6.1 SW, FL US","27.97503","-81.78646","41.8","2021-07-15","0.03"
"USR0000FMER","MERRITT ISLAND FLORIDA, FL US","28.6408","-80.7308","9.1","2021-07-04",
"USR0000FMER","MERRITT ISLAND FLORIDA, FL US","28.6408","-80.7308","9.1","2021-07-05",
"USR0000FMER","MERRITT ISLAND FLORIDA, FL US","28.6408","-80.7308","9.1","2021-07-06",
"USR0000FMER","MERRITT ISLAND FLORIDA, FL US","28.6408","-80.7308","9.1","2021-07-07",
"USR0000FMER","MERRITT ISLAND FLORIDA, FL US","28.6408","-80.7308","9.1","2021-07-08",
"USR0000FMER","MERRITT ISLAND FLORIDA, FL US","28.6408","-80.7308","9.1","2021-07-09",
"USR0000FMER","MERRITT ISLAND FLORIDA, FL US","28.6408","-80.7308","9.1","2021-07-10",
"USR0000FMER","MERRITT ISLAND FLORIDA, FL US","28.6408","-80.7308","9.1","2021-07-11",
"USR0000FMER","MERRITT ISLAND FLORIDA, FL US","28.6408","-80.7308","9.1","2021-07-12",
"USR0000FMER","MERRITT ISLAND FLORIDA, FL US","28.6408","-80.7308","9.1","2021-07-13",
"USR0000FMER","MERRITT ISLAND FLORIDA, FL US","28.6408","-80.7308","9.1","2021-07-14",
"USR0000FMER","MERRITT ISLAND FLORIDA, FL US","28.6408","-80.7308","9.1","2021-07-15",
"USR0000FMER","MERRITT ISLAND FLORIDA, FL US","28.6408","-80.7308","9.1","2021-07-16",
"USR0000FMER","MERRITT ISLAND FLORIDA, FL US","28.6408","-80.7308","9.1","2021-07-17",
"USR0000FMER","MERRITT ISLAND FLORIDA, FL US","28.6408","-80.7308","9.1","2021-07-18",
"USR0000FMER","MERRITT ISLAND FLORIDA, FL US","28.6408","-80.7308","9.1","2021-07-19",
"USR0000FMER","MERRITT ISLAND FLORIDA, FL US","28.6408","-80.7308","9.1","2021-07-20",
"USR0000FMER","MERRITT ISLAND FLORIDA, FL US","28.6408","-80.7308","9.1","2021-07-21",
"USC00080945","BRADENTON 5 ESE, FL US","27.43646","-82.49022","5.2","2021-07-04","0.00"
"USC00080945","BRADENTON 5 ESE, FL US","27.43646","-82.49022","5.2","2021-07-05","0.60"
"USC00080945","BRADENTON 5 ESE, FL US","27.43646","-82.49022","5.2","2021-07-06","2.00"
"USC00080945","BRADENTON 5 ESE, FL US","27.43646","-82.49022","5.2","2021-07-07","0.40"
"USC00080945","BRADENTON 5 ESE, FL US","27.43646","-82.49022","5.2","2021-07-08","0.58"
"USC00080945","BRADENTON 5 ESE, FL US","27.43646","-82.49022","5.2","2021-07-09","0.56"
"USC00080945","BRADENTON 5 ESE, FL US","27.43646","-82.49022","5.2","2021-07-10","0.84"
"USC00080945","BRADENTON 5 ESE, FL US","27.43646","-82.49022","5.2","2021-07-11","0.05"
"USC00080945","BRADENTON 5 ESE, FL US","27.43646","-82.49022","5.2","2021-07-12","0.00"
"USC00080945","BRADENTON 5 ESE, FL US","27.43646","-82.49022","5.2","2021-07-13","0.00"
"USC00080945","BRADENTON 5 ESE, FL US","27.43646","-82.49022","5.2","2021-07-14","0.00"
"USC00080945","BRADENTON 5 ESE, FL US","27.43646","-82.49022","5.2","2021-07-15","0.00"
"USC00080945","BRADENTON 5 ESE, FL US","27.43646","-82.49022","5.2","2021-07-16","0.10"
"USC00080945","BRADENTON 5 ESE, FL US","27.43646","-82.49022","5.2","2021-07-17","0.00"
"USC00080945","BRADENTON 5 ESE, FL US","27.43646","-82.49022","5.2","2021-07-18","0.02"
"USC00080945","BRADENTON 5 ESE, FL US","27.43646","-82.49022","5.2","2021-07-19","0.04"
"USC00080945","BRADENTON 5 ESE, FL US","27.43646","-82.49022","5.2","2021-07-20","0.00"
"USC00080945","BRADENTON 5 ESE, FL US","27.43646","-82.49022","5.2","2021-07-21","0.00"
"US1FLBW0159","FORT LAUDERDALE 3.7 NNE, FL US","26.188457","-80.109403","1.2","2021-07-04","0.00"
"US1FLBW0159","FORT LAUDERDALE 3.7 NNE, FL US","26.188457","-80.109403","1.2","2021-07-05","0.00"
"US1FLBW0159","FORT LAUDERDALE 3.7 NNE, FL US","26.188457","-80.109403","1.2","2021-07-06","0.42"
"US1FLBW0159","FORT LAUDERDALE 3.7 NNE, FL US","26.188457","-80.109403","1.2","2021-07-07","0.05"
"US1FLBW0159","FORT LAUDERDALE 3.7 NNE, FL US","26.188457","-80.109403","1.2","2021-07-08","0.00"
"US1FLBW0159","FORT LAUDERDALE 3.7 NNE, FL US","26.188457","-80.109403","1.2","2021-07-09","0.00"
"US1FLBW0159","FORT LAUDERDALE 3.7 NNE, FL US","26.188457","-80.109403","1.2","2021-07-10","0.00"
"US1FLBW0159","FORT LAUDERDALE 3.7 NNE, FL US","26.188457","-80.109403","1.2","2021-07-11","0.20"
"US1FLBW0159","FORT LAUDERDALE 3.7 NNE, FL US","26.188457","-80.109403","1.2","2021-07-12","0.09"
"US1FLBW0159","FORT LAUDERDALE 3.7 NNE, FL US","26.188457","-80.109403","1.2","2021-07-13","0.71"
"US1FLBW0159","FORT LAUDERDALE 3.7 NNE, FL US","26.188457","-80.109403","1.2","2021-07-14","0.17"
"US1FLBW0159","FORT LAUDERDALE 3.7 NNE, FL US","26.188457","-80.109403","1.2","2021-07-15","0.17"
"US1FLBW0159","FORT LAUDERDALE 3.7 NNE, FL US","26.188457","-80.109403","1.2","2021-07-16","0.00"
"US1FLBW0159","FORT LAUDERDALE 3.7 NNE, FL US","26.188457","-80.109403","1.2","2021-07-17","0.00"
"US1FLBW0159","FORT LAUDERDALE 3.7 NNE, FL US","26.188457","-80.109403","1.2","2021-07-18","0.00"
"US1FLBW0159","FORT LAUDERDALE 3.7 NNE, FL US","26.188457","-80.109403","1.2","2021-07-19","0.00"
"US1FLBW0159","FORT LAUDERDALE 3.7 NNE, FL US","26.188457","-80.109403","1.2","2021-07-20","0.02"
"US1FLBW0159","FORT LAUDERDALE 3.7 NNE, FL US","26.188457","-80.109403","1.2","2021-07-21","0.02"
"US1FLMR0056","OCALA 10.7 WSW, FL US","29.111687","-82.284807","23.8","2021-07-04","1.05"
"US1FLMR0056","OCALA 10.7 WSW, FL US","29.111687","-82.284807","23.8","2021-07-05","0.24"
"US1FLMR0056","OCALA 10.7 WSW, FL US","29.111687","-82.284807","23.8","2021-07-06","0.04"
"US1FLMR0056","OCALA 10.7 WSW, FL US","29.111687","-82.284807","23.8","2021-07-07","0.58"
"US1FLMR0056","OCALA 10.7 WSW, FL US","29.111687","-82.284807","23.8","2021-07-08","1.27"
"US1FLMR0056","OCALA 10.7 WSW, FL US","29.111687","-82.284807","23.8","2021-07-09","0.32"
"US1FLMR0056","OCALA 10.7 WSW, FL US","29.111687","-82.284807","23.8","2021-07-10","0.07"
"US1FLMR0056","OCALA 10.7 WSW, FL US","29.111687","-82.284807","23.8","2021-07-11","0.25"
"US1FLMR0056","OCALA 10.7 WSW, FL US","29.111687","-82.284807","23.8","2021-07-12","0.05"
"US1FLMR0056","OCALA 10.7 WSW, FL US","29.111687","-82.284807","23.8","2021-07-13","0.05"
"US1FLMR0056","OCALA 10.7 WSW, FL US","29.111687","-82.284807","23.8","2021-07-14","0.00"
"US1FLMR0056","OCALA 10.7 WSW, FL US","29.111687","-82.284807","23.8","2021-07-15","0.03"
"US1FLMR0056","OCALA 10.7 WSW, FL US","29.111687","-82.284807","23.8","2021-07-16","0.00"
"US1FLMR0056","OCALA 10.7 WSW, FL US","29.111687","-82.284807","23.8","2021-07-17","0.00"
"US1FLMR0056","OCALA 10.7 WSW, FL US","29.111687","-82.284807","23.8","2021-07-18","0.00"
"US1FLMR0056","OCALA 10.7 WSW, FL US","29.111687","-82.284807","23.8","2021-07-19","0.49"
"US1FLMR0056","OCALA 10.7 WSW, FL US","29.111687","-82.284807","23.8","2021-07-20","2.26"
"US1FLMR0056","OCALA 10.7 WSW, FL US","29.111687","-82.284807","23.8","2021-07-21","0.00"
"US1FLMR0054","OCALA 1.1 SE, FL US","29.177855","-82.116006","39.6","2021-07-04","0.16"
"US1FLMR0054","OCALA 1.1 SE, FL US","29.177855","-82.116006","39.6","2021-07-05","0.47"
"US1FLMR0054","OCALA 1.1 SE, FL US","29.177855","-82.116006","39.6","2021-07-06","0.32"
"US1FLMR0054","OCALA 1.1 SE, FL US","29.177855","-82.116006","39.6","2021-07-07","0.99"
"US1FLMR0054","OCALA 1.1 SE, FL US","29.177855","-82.116006","39.6","2021-07-08","1.48"
"US1FLMR0054","OCALA 1.1 SE, FL US","29.177855","-82.116006","39.6","2021-07-09","0.12"
"US1FLMR0054","OCALA 1.1 SE, FL US","29.177855","-82.116006","39.6","2021-07-10","0.81"
"US1FLMR0054","OCALA 1.1 SE, FL US","29.177855","-82.116006","39.6","2021-07-11","0.06"
"US1FLMR0054","OCALA 1.1 SE, FL US","29.177855","-82.116006","39.6","2021-07-12","0.00"
"US1FLMR0054","OCALA 1.1 SE, FL US","29.177855","-82.116006","39.6","2021-07-13","0.00"
"US1FLMR0054","OCALA 1.1 SE, FL US","29.177855","-82.116006","39.6","2021-07-14","0.00"
"US1FLMR0054","OCALA 1.1 SE, FL US","29.177855","-82.116006","39.6","2021-07-15","0.00"
"US1FLMR0054","OCALA 1.1 SE, FL US","29.177855","-82.116006","39.6","2021-07-16","0.37"
"US1FLMR0054","OCALA 1.1 SE, FL US","29.177855","-82.116006","39.6","2021-07-17","0.00"
"US1FLMR0054","OCALA 1.1 SE, FL US","29.177855","-82.116006","39.6","2021-07-18","0.00"
"US1FLMR0054","OCALA 1.1 SE, FL US","29.177855","-82.116006","39.6","2021-07-19","0.00"
"US1FLMR0054","OCALA 1.1 SE, FL US","29.177855","-82.116006","39.6","2021-07-20","0.44"
"US1FLMR0054","OCALA 1.1 SE, FL US","29.177855","-82.116006","39.6","2021-07-21","0.00"
"US1FLMR0059","OCALA 11.2 SW, FL US","29.06742","-82.25607","26.2","2021-07-04","0.61"
"US1FLMR0059","OCALA 11.2 SW, FL US","29.06742","-82.25607","26.2","2021-07-05","0.08"
"US1FLMR0059","OCALA 11.2 SW, FL US","29.06742","-82.25607","26.2","2021-07-06","0.04"
"US1FLMR0059","OCALA 11.2 SW, FL US","29.06742","-82.25607","26.2","2021-07-07","0.84"
"US1FLMR0059","OCALA 11.2 SW, FL US","29.06742","-82.25607","26.2","2021-07-08","2.44"
"US1FLMR0059","OCALA 11.2 SW, FL US","29.06742","-82.25607","26.2","2021-07-09","0.21"
"US1FLMR0059","OCALA 11.2 SW, FL US","29.06742","-82.25607","26.2","2021-07-10","0.04"
"US1FLMR0059","OCALA 11.2 SW, FL US","29.06742","-82.25607","26.2","2021-07-11","0.53"
"US1FLMR0059","OCALA 11.2 SW, FL US","29.06742","-82.25607","26.2","2021-07-12","0.02"
"US1FLMR0059","OCALA 11.2 SW, FL US","29.06742","-82.25607","26.2","2021-07-13","0.03"
"US1FLMR0059","OCALA 11.2 SW, FL US","29.06742","-82.25607","26.2","2021-07-14","0.00"
"US1FLMR0059","OCALA 11.2 SW, FL US","29.06742","-82.25607","26.2","2021-07-15","0.02"
"US1FLMR0059","OCALA 11.2 SW, FL US","29.06742","-82.25607","26.2","2021-07-16","0.00"
"US1FLMR0059","OCALA 11.2 SW, FL US","29.06742","-82.25607","26.2","2021-07-17","0.00"
"US1FLMR0059","OCALA 11.2 SW, FL US","29.06742","-82.25607","26.2","2021-07-18","0.00"
"US1FLMR0059","OCALA 11.2 SW, FL US","29.06742","-82.25607","26.2","2021-07-19","1.52"
"US1FLMR0059","OCALA 11.2 SW, FL US","29.06742","-82.25607","26.2","2021-07-20","0.12"
"US1FLMR0059","OCALA 11.2 SW, FL US","29.06742","-82.25607","26.2","2021-07-21","0.00"
"US1FLMR0057","OCALA 4.6 N, FL US","29.254215","-82.126714","21.6","2021-07-04","1.36"
"US1FLMR0057","OCALA 4.6 N, FL US","29.254215","-82.126714","21.6","2021-07-05","0.08"
"US1FLMR0057","OCALA 4.6 N, FL US","29.254215","-82.126714","21.6","2021-07-06","0.02"
"US1FLMR0057","OCALA 4.6 N, FL US","29.254215","-82.126714","21.6","2021-07-07","0.92"
"US1FLMR0057","OCALA 4.6 N, FL US","29.254215","-82.126714","21.6","2021-07-08","1.60"
"US1FLMR0057","OCALA 4.6 N, FL US","29.254215","-82.126714","21.6","2021-07-09","0.08"
"US1FLMR0057","OCALA 4.6 N, FL US","29.254215","-82.126714","21.6","2021-07-10","0.05"
"US1FLMR0057","OCALA 4.6 N, FL US","29.254215","-82.126714","21.6","2021-07-11","0.01"
"US1FLMR0057","OCALA 4.6 N, FL US","29.254215","-82.126714","21.6","2021-07-12","0.01"
"US1FLMR0057","OCALA 4.6 N, FL US","29.254215","-82.126714","21.6","2021-07-13","0.00"
"US1FLMR0057","OCALA 4.6 N, FL US","29.254215","-82.126714","21.6","2021-07-14","0.00"
"US1FLMR0057","OCALA 4.6 N, FL US","29.254215","-82.126714","21.6","2021-07-15","0.05"
"US1FLMR0057","OCALA 4.6 N, FL US","29.254215","-82.126714","21.6","2021-07-16","0.00"
"US1FLMR0057","OCALA 4.6 N, FL US","29.254215","-82.126714","21.6","2021-07-17","0.00"
"US1FLMR0057","OCALA 4.6 N, FL US","29.254215","-82.126714","21.6","2021-07-18","0.00"
"US1FLMR0057","OCALA 4.6 N, FL US","29.254215","-82.126714","21.6","2021-07-19","0.40"
"US1FLMR0057","OCALA 4.6 N, FL US","29.254215","-82.126714","21.6","2021-07-20","0.92"
"US1FLMR0057","OCALA 4.6 N, FL US","29.254215","-82.126714","21.6","2021-07-21","0.02"
"US1FLSM0018","SANFORD 1.9 WNW, FL US","28.7971153259277","-81.305061340332","10.4","2021-07-04","0.37"
"US1FLSM0018","SANFORD 1.9 WNW, FL US","28.7971153259277","-81.305061340332","10.4","2021-07-05","0.02"
"US1FLSM0018","SANFORD 1.9 WNW, FL US","28.7971153259277","-81.305061340332","10.4","2021-07-06","0.45"
"US1FLSM0018","SANFORD 1.9 WNW, FL US","28.7971153259277","-81.305061340332","10.4","2021-07-07","0.70"
"US1FLSM0018","SANFORD 1.9 WNW, FL US","28.7971153259277","-81.305061340332","10.4","2021-07-08","0.22"
"US1FLSM0018","SANFORD 1.9 WNW, FL US","28.7971153259277","-81.305061340332","10.4","2021-07-09","0.42"
"US1FLSM0018","SANFORD 1.9 WNW, FL US","28.7971153259277","-81.305061340332","10.4","2021-07-10","0.00"
"US1FLSM0018","SANFORD 1.9 WNW, FL US","28.7971153259277","-81.305061340332","10.4","2021-07-11","0.02"
"US1FLSM0018","SANFORD 1.9 WNW, FL US","28.7971153259277","-81.305061340332","10.4","2021-07-12","0.00"
"US1FLSM0018","SANFORD 1.9 WNW, FL US","28.7971153259277","-81.305061340332","10.4","2021-07-13","0.09"
"US1FLSM0018","SANFORD 1.9 WNW, FL US","28.7971153259277","-81.305061340332","10.4","2021-07-14","0.24"
"US1FLSM0018","SANFORD 1.9 WNW, FL US","28.7971153259277","-81.305061340332","10.4","2021-07-15","0.00"
"US1FLSM0018","SANFORD 1.9 WNW, FL US","28.7971153259277","-81.305061340332","10.4","2021-07-16","0.00"
"US1FLSM0018","SANFORD 1.9 WNW, FL US","28.7971153259277","-81.305061340332","10.4","2021-07-17","0.00"
"US1FLSM0018","SANFORD 1.9 WNW, FL US","28.7971153259277","-81.305061340332","10.4","2021-07-18","0.09"
"US1FLSM0018","SANFORD 1.9 WNW, FL US","28.7971153259277","-81.305061340332","10.4","2021-07-19","0.03"
"US1FLSM0018","SANFORD 1.9 WNW, FL US","28.7971153259277","-81.305061340332","10.4","2021-07-20","0.00"
"US1FLSM0018","SANFORD 1.9 WNW, FL US","28.7971153259277","-81.305061340332","10.4","2021-07-21","2.47"
"USW00093805","TALLAHASSEE REGIONAL AIRPORT, FL US","30.39354","-84.35136","17.1","2021-07-04","0.56"
"USW00093805","TALLAHASSEE REGIONAL AIRPORT, FL US","30.39354","-84.35136","17.1","2021-07-05","0.74"
"USW00093805","TALLAHASSEE REGIONAL AIRPORT, FL US","30.39354","-84.35136","17.1","2021-07-06","0.30"
"USW00093805","TALLAHASSEE REGIONAL AIRPORT, FL US","30.39354","-84.35136","17.1","2021-07-07","0.26"
"USW00093805","TALLAHASSEE REGIONAL AIRPORT, FL US","30.39354","-84.35136","17.1","2021-07-08","0.35"
"USW00093805","TALLAHASSEE REGIONAL AIRPORT, FL US","30.39354","-84.35136","17.1","2021-07-09","0.10"
"USW00093805","TALLAHASSEE REGIONAL AIRPORT, FL US","30.39354","-84.35136","17.1","2021-07-10","0.05"
"USW00093805","TALLAHASSEE REGIONAL AIRPORT, FL US","30.39354","-84.35136","17.1","2021-07-11","0.00"
"USW00093805","TALLAHASSEE REGIONAL AIRPORT, FL US","30.39354","-84.35136","17.1","2021-07-12","0.11"
"USW00093805","TALLAHASSEE REGIONAL AIRPORT, FL US","30.39354","-84.35136","17.1","2021-07-13","0.00"
"USW00093805","TALLAHASSEE REGIONAL AIRPORT, FL US","30.39354","-84.35136","17.1","2021-07-14","0.07"
"USW00093805","TALLAHASSEE REGIONAL AIRPORT, FL US","30.39354","-84.35136","17.1","2021-07-15","0.00"
"USW00093805","TALLAHASSEE REGIONAL AIRPORT, FL US","30.39354","-84.35136","17.1","2021-07-16","0.00"
"USW00093805","TALLAHASSEE REGIONAL AIRPORT, FL US","30.39354","-84.35136","17.1","2021-07-17","0.21"
"USW00093805","TALLAHASSEE REGIONAL AIRPORT, FL US","30.39354","-84.35136","17.1","2021-07-18","0.40"
"USW00093805","TALLAHASSEE REGIONAL AIRPORT, FL US","30.39354","-84.35136","17.1","2021-07-19","0.28"
"USW00093805","TALLAHASSEE REGIONAL AIRPORT, FL US","30.39354","-84.35136","17.1","2021-07-20","0.50"
"USW00093805","TALLAHASSEE REGIONAL AIRPORT, FL US","30.39354","-84.35136","17.1","2021-07-21","0.07"
"USC00084050","HOLLYWOOD, FL US","26.0281","-80.1341","2.7","2021-07-04","0.01"
"USC00084050","HOLLYWOOD, FL US","26.0281","-80.1341","2.7","2021-07-05","0.00"
"USC00084050","HOLLYWOOD, FL US","26.0281","-80.1341","2.7","2021-07-06","0.95"
"USC00084050","HOLLYWOOD, FL US","26.0281","-80.1341","2.7","2021-07-07","0.39"
"USC00084050","HOLLYWOOD, FL US","26.0281","-80.1341","2.7","2021-07-08","0.00"
"USC00084050","HOLLYWOOD, FL US","26.0281","-80.1341","2.7","2021-07-09","0.00"
"USC00084050","HOLLYWOOD, FL US","26.0281","-80.1341","2.7","2021-07-10","0.00"
"USC00084050","HOLLYWOOD, FL US","26.0281","-80.1341","2.7","2021-07-11","0.00"
"USC00084050","HOLLYWOOD, FL US","26.0281","-80.1341","2.7","2021-07-13","0.96"
"USC00084050","HOLLYWOOD, FL US","26.0281","-80.1341","2.7","2021-07-14","0.29"
"USC00084050","HOLLYWOOD, FL US","26.0281","-80.1341","2.7","2021-07-15","0.10"
"USC00084050","HOLLYWOOD, FL US","26.0281","-80.1341","2.7","2021-07-16","0.00"
"USC00084050","HOLLYWOOD, FL US","26.0281","-80.1341","2.7","2021-07-17","0.40"
"USC00084050","HOLLYWOOD, FL US","26.0281","-80.1341","2.7","2021-07-18","0.00"
"USC00084050","HOLLYWOOD, FL US","26.0281","-80.1341","2.7","2021-07-19","0.00"
"USC00084050","HOLLYWOOD, FL US","26.0281","-80.1341","2.7","2021-07-20","0.00"
"USC00084050","HOLLYWOOD, FL US","26.0281","-80.1341","2.7","2021-07-21","0.00"
"US1FLDV0071","JACKSONVILLE 11.3 WNW, FL US","30.411","-81.8252","14.3","2021-07-04","0.36"
"US1FLDV0071","JACKSONVILLE 11.3 WNW, FL US","30.411","-81.8252","14.3","2021-07-05","3.71"
"US1FLDV0071","JACKSONVILLE 11.3 WNW, FL US","30.411","-81.8252","14.3","2021-07-06","0.21"
"US1FLDV0071","JACKSONVILLE 11.3 WNW, FL US","30.411","-81.8252","14.3","2021-07-07","0.01"
"US1FLDV0071","JACKSONVILLE 11.3 WNW, FL US","30.411","-81.8252","14.3","2021-07-08","3.10"
"US1FLDV0071","JACKSONVILLE 11.3 WNW, FL US","30.411","-81.8252","14.3","2021-07-09","0.00"
"US1FLDV0071","JACKSONVILLE 11.3 WNW, FL US","30.411","-81.8252","14.3","2021-07-10","0.00"
"US1FLDV0071","JACKSONVILLE 11.3 WNW, FL US","30.411","-81.8252","14.3","2021-07-11","0.00"
"US1FLDV0071","JACKSONVILLE 11.3 WNW, FL US","30.411","-81.8252","14.3","2021-07-12","0.24"
"US1FLDV0071","JACKSONVILLE 11.3 WNW, FL US","30.411","-81.8252","14.3","2021-07-13","0.02"
"US1FLDV0071","JACKSONVILLE 11.3 WNW, FL US","30.411","-81.8252","14.3","2021-07-14","0.38"
"US1FLDV0071","JACKSONVILLE 11.3 WNW, FL US","30.411","-81.8252","14.3","2021-07-15","0.00"
"US1FLDV0071","JACKSONVILLE 11.3 WNW, FL US","30.411","-81.8252","14.3","2021-07-16","0.00"
"US1FLDV0071","JACKSONVILLE 11.3 WNW, FL US","30.411","-81.8252","14.3","2021-07-17","0.00"
"US1FLDV0071","JACKSONVILLE 11.3 WNW, FL US","30.411","-81.8252","14.3","2021-07-18","0.00"
"US1FLDV0071","JACKSONVILLE 11.3 WNW, FL US","30.411","-81.8252","14.3","2021-07-19","0.05"
"US1FLDV0071","JACKSONVILLE 11.3 WNW, FL US","30.411","-81.8252","14.3","2021-07-20","0.15"
"US1FLDV0071","JACKSONVILLE 11.3 WNW, FL US","30.411","-81.8252","14.3","2021-07-21","0.02"
"US1FLPK0067","DAVENPORT 1.9 NW, FL US","28.181744","-81.623802","34.4","2021-07-04","0.36"
"US1FLPK0067","DAVENPORT 1.9 NW, FL US","28.181744","-81.623802","34.4","2021-07-05","0.30"
"US1FLPK0067","DAVENPORT 1.9 NW, FL US","28.181744","-81.623802","34.4","2021-07-06","0.10"
"US1FLPK0067","DAVENPORT 1.9 NW, FL US","28.181744","-81.623802","34.4","2021-07-07","0.50"
"US1FLPK0067","DAVENPORT 1.9 NW, FL US","28.181744","-81.623802","34.4","2021-07-16",
"US1FLPK0067","DAVENPORT 1.9 NW, FL US","28.181744","-81.623802","34.4","2021-07-17","0.00"
"US1FLPK0067","DAVENPORT 1.9 NW, FL US","28.181744","-81.623802","34.4","2021-07-18","0.00"
"US1FLPK0067","DAVENPORT 1.9 NW, FL US","28.181744","-81.623802","34.4","2021-07-19","0.34"
"US1FLPK0067","DAVENPORT 1.9 NW, FL US","28.181744","-81.623802","34.4","2021-07-20","0.38"
"US1FLPK0067","DAVENPORT 1.9 NW, FL US","28.181744","-81.623802","34.4","2021-07-21","0.03"
"US1FLBW0165","MARGATE 0.3 NNE, FL US","26.24917","-80.20933","2.7","2021-07-06","0.69"
"US1FLBW0165","MARGATE 0.3 NNE, FL US","26.24917","-80.20933","2.7","2021-07-07","0.13"
"US1FLBW0165","MARGATE 0.3 NNE, FL US","26.24917","-80.20933","2.7","2021-07-08","0.00"
"US1FLBW0165","MARGATE 0.3 NNE, FL US","26.24917","-80.20933","2.7","2021-07-09","0.25"
"US1FLBW0165","MARGATE 0.3 NNE, FL US","26.24917","-80.20933","2.7","2021-07-10","0.04"
"US1FLBW0165","MARGATE 0.3 NNE, FL US","26.24917","-80.20933","2.7","2021-07-11","0.19"
"US1FLBW0165","MARGATE 0.3 NNE, FL US","26.24917","-80.20933","2.7","2021-07-12","0.08"
"US1FLBW0165","MARGATE 0.3 NNE, FL US","26.24917","-80.20933","2.7","2021-07-13","0.29"
"US1FLBW0165","MARGATE 0.3 NNE, FL US","26.24917","-80.20933","2.7","2021-07-14","0.30"
"US1FLBW0165","MARGATE 0.3 NNE, FL US","26.24917","-80.20933","2.7","2021-07-15","0.18"
"US1FLBW0165","MARGATE 0.3 NNE, FL US","26.24917","-80.20933","2.7","2021-07-16","0.00"
"US1FLBW0165","MARGATE 0.3 NNE, FL US","26.24917","-80.20933","2.7","2021-07-17","0.00"
"US1FLBW0165","MARGATE 0.3 NNE, FL US","26.24917","-80.20933","2.7","2021-07-18","0.27"
"US1FLBW0165","MARGATE 0.3 NNE, FL US","26.24917","-80.20933","2.7","2021-07-19","0.04"
"US1FLBW0165","MARGATE 0.3 NNE, FL US","26.24917","-80.20933","2.7","2021-07-20","0.00"
"US1FLBW0165","MARGATE 0.3 NNE, FL US","26.24917","-80.20933","2.7","2021-07-21","3.61"
"US1FLBW0166","WESTON 1.7 NNW, FL US","26.12141","-80.412704","3.0","2021-07-07","0.33"
"US1FLBW0166","WESTON 1.7 NNW, FL US","26.12141","-80.412704","3.0","2021-07-08","0.00"
"US1FLBW0166","WESTON 1.7 NNW, FL US","26.12141","-80.412704","3.0","2021-07-09","0.00"
"US1FLBW0166","WESTON 1.7 NNW, FL US","26.12141","-80.412704","3.0","2021-07-10","0.02"
"US1FLBW0166","WESTON 1.7 NNW, FL US","26.12141","-80.412704","3.0","2021-07-11","0.15"
"US1FLBW0166","WESTON 1.7 NNW, FL US","26.12141","-80.412704","3.0","2021-07-12","0.38"
"US1FLBW0166","WESTON 1.7 NNW, FL US","26.12141","-80.412704","3.0","2021-07-13","0.83"
"US1FLBW0166","WESTON 1.7 NNW, FL US","26.12141","-80.412704","3.0","2021-07-14","0.64"
"US1FLBW0166","WESTON 1.7 NNW, FL US","26.12141","-80.412704","3.0","2021-07-15","0.05"
"US1FLBW0166","WESTON 1.7 NNW, FL US","26.12141","-80.412704","3.0","2021-07-16","0.07"
"US1FLBW0166","WESTON 1.7 NNW, FL US","26.12141","-80.412704","3.0","2021-07-17","0.04"
"US1FLBW0166","WESTON 1.7 NNW, FL US","26.12141","-80.412704","3.0","2021-07-18","0.04"
"US1FLBW0166","WESTON 1.7 NNW, FL US","26.12141","-80.412704","3.0","2021-07-19","0.22"
"US1FLBW0166","WESTON 1.7 NNW, FL US","26.12141","-80.412704","3.0","2021-07-20","0.00"
"US1FLBW0166","WESTON 1.7 NNW, FL US","26.12141","-80.412704","3.0","2021-07-21","0.07"
"USW00012885","FORT LAUDERDALE EXECUTIVE AIRPORT, FL US","26.19905","-80.17764","3.5","2021-07-04","0.00"
"USW00012885","FORT LAUDERDALE EXECUTIVE AIRPORT, FL US","26.19905","-80.17764","3.5","2021-07-05","0.28"
"USW00012885","FORT LAUDERDALE EXECUTIVE AIRPORT, FL US","26.19905","-80.17764","3.5","2021-07-06","0.00"
"USW00012885","FORT LAUDERDALE EXECUTIVE AIRPORT, FL US","26.19905","-80.17764","3.5","2021-07-07","0.00"
"USW00012885","FORT LAUDERDALE EXECUTIVE AIRPORT, FL US","26.19905","-80.17764","3.5","2021-07-08",
"USW00012885","FORT LAUDERDALE EXECUTIVE AIRPORT, FL US","26.19905","-80.17764","3.5","2021-07-09","0.00"
"USW00012885","FORT LAUDERDALE EXECUTIVE AIRPORT, FL US","26.19905","-80.17764","3.5","2021-07-10","0.00"
"USW00012885","FORT LAUDERDALE EXECUTIVE AIRPORT, FL US","26.19905","-80.17764","3.5","2021-07-11","0.00"
"USW00012885","FORT LAUDERDALE EXECUTIVE AIRPORT, FL US","26.19905","-80.17764","3.5","2021-07-12","0.00"
"USW00012885","FORT LAUDERDALE EXECUTIVE AIRPORT, FL US","26.19905","-80.17764","3.5","2021-07-13","0.00"
"USW00012885","FORT LAUDERDALE EXECUTIVE AIRPORT, FL US","26.19905","-80.17764","3.5","2021-07-14","0.00"
"USW00012885","FORT LAUDERDALE EXECUTIVE AIRPORT, FL US","26.19905","-80.17764","3.5","2021-07-15","0.00"
"USW00012885","FORT LAUDERDALE EXECUTIVE AIRPORT, FL US","26.19905","-80.17764","3.5","2021-07-16","0.00"
"USW00012885","FORT LAUDERDALE EXECUTIVE AIRPORT, FL US","26.19905","-80.17764","3.5","2021-07-17","0.00"
"USW00012885","FORT LAUDERDALE EXECUTIVE AIRPORT, FL US","26.19905","-80.17764","3.5","2021-07-18","0.00"
"USW00012885","FORT LAUDERDALE EXECUTIVE AIRPORT, FL US","26.19905","-80.17764","3.5","2021-07-19","0.00"
"USW00012885","FORT LAUDERDALE EXECUTIVE AIRPORT, FL US","26.19905","-80.17764","3.5","2021-07-20","0.00"
"USW00012885","FORT LAUDERDALE EXECUTIVE AIRPORT, FL US","26.19905","-80.17764","3.5","2021-07-21","0.00"
"USW00012882","MIAMI OPA LOCKA AIRPORT, FL US","25.91017","-80.28283","1.3","2021-07-04","0.00"
"USW00012882","MIAMI OPA LOCKA AIRPORT, FL US","25.91017","-80.28283","1.3","2021-07-05","0.79"
"USW00012882","MIAMI OPA LOCKA AIRPORT, FL US","25.91017","-80.28283","1.3","2021-07-06","0.13"
"USW00012882","MIAMI OPA LOCKA AIRPORT, FL US","25.91017","-80.28283","1.3","2021-07-07","0.00"
"USW00012882","MIAMI OPA LOCKA AIRPORT, FL US","25.91017","-80.28283","1.3","2021-07-08","0.02"
"USW00012882","MIAMI OPA LOCKA AIRPORT, FL US","25.91017","-80.28283","1.3","2021-07-09","0.00"
"USW00012882","MIAMI OPA LOCKA AIRPORT, FL US","25.91017","-80.28283","1.3","2021-07-10","0.00"
"USW00012882","MIAMI OPA LOCKA AIRPORT, FL US","25.91017","-80.28283","1.3","2021-07-11","0.00"
"USW00012882","MIAMI OPA LOCKA AIRPORT, FL US","25.91017","-80.28283","1.3","2021-07-12","2.31"
"USW00012882","MIAMI OPA LOCKA AIRPORT, FL US","25.91017","-80.28283","1.3","2021-07-13","1.20"
"USW00012882","MIAMI OPA LOCKA AIRPORT, FL US","25.91017","-80.28283","1.3","2021-07-14","0.02"
"USW00012882","MIAMI OPA LOCKA AIRPORT, FL US","25.91017","-80.28283","1.3","2021-07-15","0.00"
"USW00012882","MIAMI OPA LOCKA AIRPORT, FL US","25.91017","-80.28283","1.3","2021-07-16","0.04"
"USW00012882","MIAMI OPA LOCKA AIRPORT, FL US","25.91017","-80.28283","1.3","2021-07-17","0.04"
"USW00012882","MIAMI OPA LOCKA AIRPORT, FL US","25.91017","-80.28283","1.3","2021-07-18","0.00"
"USW00012882","MIAMI OPA LOCKA AIRPORT, FL US","25.91017","-80.28283","1.3","2021-07-19","0.01"
"USW00012882","MIAMI OPA LOCKA AIRPORT, FL US","25.91017","-80.28283","1.3","2021-07-20","0.69"
"USW00012882","MIAMI OPA LOCKA AIRPORT, FL US","25.91017","-80.28283","1.3","2021-07-21","0.00"
"US1FLBW0160","SUNRISE 1.3 NW, FL US","26.16675","-80.31064","4.9","2021-07-04","0.00"
"US1FLBW0160","SUNRISE 1.3 NW, FL US","26.16675","-80.31064","4.9","2021-07-05","0.06"
"US1FLBW0160","SUNRISE 1.3 NW, FL US","26.16675","-80.31064","4.9","2021-07-06","0.26"
"US1FLBW0160","SUNRISE 1.3 NW, FL US","26.16675","-80.31064","4.9","2021-07-07","0.34"
"US1FLBW0160","SUNRISE 1.3 NW, FL US","26.16675","-80.31064","4.9","2021-07-08","0.00"
"US1FLBW0160","SUNRISE 1.3 NW, FL US","26.16675","-80.31064","4.9","2021-07-09","3.76"
"US1FLBW0160","SUNRISE 1.3 NW, FL US","26.16675","-80.31064","4.9","2021-07-10","0.12"
"US1FLBW0160","SUNRISE 1.3 NW, FL US","26.16675","-80.31064","4.9","2021-07-11","0.07"
"US1FLBW0160","SUNRISE 1.3 NW, FL US","26.16675","-80.31064","4.9","2021-07-12","0.15"
"US1FLBW0160","SUNRISE 1.3 NW, FL US","26.16675","-80.31064","4.9","2021-07-13","0.33"
"US1FLBW0160","SUNRISE 1.3 NW, FL US","26.16675","-80.31064","4.9","2021-07-14","0.13"
"US1FLBW0160","SUNRISE 1.3 NW, FL US","26.16675","-80.31064","4.9","2021-07-15","0.11"
"US1FLBW0160","SUNRISE 1.3 NW, FL US","26.16675","-80.31064","4.9","2021-07-16","0.05"
"US1FLBW0160","SUNRISE 1.3 NW, FL US","26.16675","-80.31064","4.9","2021-07-17","0.39"
"US1FLBW0160","SUNRISE 1.3 NW, FL US","26.16675","-80.31064","4.9","2021-07-18","0.11"
"US1FLBW0160","SUNRISE 1.3 NW, FL US","26.16675","-80.31064","4.9","2021-07-19","0.00"
"US1FLBW0160","SUNRISE 1.3 NW, FL US","26.16675","-80.31064","4.9","2021-07-20","0.01"
"US1FLBW0160","SUNRISE 1.3 NW, FL US","26.16675","-80.31064","4.9","2021-07-21","2.60"
"US1FLDV0079","JACKSONVILLE 9.6 SE, FL US","30.227373","-81.55649","9.4","2021-07-04","0.01"
"US1FLDV0079","JACKSONVILLE 9.6 SE, FL US","30.227373","-81.55649","9.4","2021-07-05","0.49"
"US1FLDV0079","JACKSONVILLE 9.6 SE, FL US","30.227373","-81.55649","9.4","2021-07-06","0.07"
"US1FLDV0079","JACKSONVILLE 9.6 SE, FL US","30.227373","-81.55649","9.4","2021-07-07","0.01"
"US1FLDV0079","JACKSONVILLE 9.6 SE, FL US","30.227373","-81.55649","9.4","2021-07-08","1.83"
"US1FLDV0079","JACKSONVILLE 9.6 SE, FL US","30.227373","-81.55649","9.4","2021-07-09","0.01"
"US1FLDV0079","JACKSONVILLE 9.6 SE, FL US","30.227373","-81.55649","9.4","2021-07-10","0.00"
"US1FLDV0079","JACKSONVILLE 9.6 SE, FL US","30.227373","-81.55649","9.4","2021-07-11","0.00"
"US1FLDV0079","JACKSONVILLE 9.6 SE, FL US","30.227373","-81.55649","9.4","2021-07-12","0.04"
"US1FLDV0079","JACKSONVILLE 9.6 SE, FL US","30.227373","-81.55649","9.4","2021-07-13","0.10"
"US1FLDV0079","JACKSONVILLE 9.6 SE, FL US","30.227373","-81.55649","9.4","2021-07-14","0.01"
"US1FLDV0079","JACKSONVILLE 9.6 SE, FL US","30.227373","-81.55649","9.4","2021-07-15","0.02"
"US1FLDV0079","JACKSONVILLE 9.6 SE, FL US","30.227373","-81.55649","9.4","2021-07-16","0.00"
"US1FLDV0079","JACKSONVILLE 9.6 SE, FL US","30.227373","-81.55649","9.4","2021-07-17","0.00"
"US1FLDV0079","JACKSONVILLE 9.6 SE, FL US","30.227373","-81.55649","9.4","2021-07-18","0.00"
"US1FLDV0079","JACKSONVILLE 9.6 SE, FL US","30.227373","-81.55649","9.4","2021-07-19","0.00"
"US1FLDV0079","JACKSONVILLE 9.6 SE, FL US","30.227373","-81.55649","9.4","2021-07-20","0.09"
"US1FLDV0079","JACKSONVILLE 9.6 SE, FL US","30.227373","-81.55649","9.4","2021-07-21","0.10"
"USW00012883","LAKELAND LINDER REGIONAL AIRPORT, FL US","28.0","-82.05","45.1","2021-07-04","0.50"
"USW00012883","LAKELAND LINDER REGIONAL AIRPORT, FL US","28.0","-82.05","45.1","2021-07-05","0.01"
"USW00012883","LAKELAND LINDER REGIONAL AIRPORT, FL US","28.0","-82.05","45.1","2021-07-06","1.03"
"USW00012883","LAKELAND LINDER REGIONAL AIRPORT, FL US","28.0","-82.05","45.1","2021-07-07","3.76"
"USW00012883","LAKELAND LINDER REGIONAL AIRPORT, FL US","28.0","-82.05","45.1","2021-07-08","0.14"
"USW00012883","LAKELAND LINDER REGIONAL AIRPORT, FL US","28.0","-82.05","45.1","2021-07-09","0.01"
"USW00012883","LAKELAND LINDER REGIONAL AIRPORT, FL US","28.0","-82.05","45.1","2021-07-10","0.05"
"USW00012883","LAKELAND LINDER REGIONAL AIRPORT, FL US","28.0","-82.05","45.1","2021-07-11","0.50"
"USW00012883","LAKELAND LINDER REGIONAL AIRPORT, FL US","28.0","-82.05","45.1","2021-07-12","0.03"
"USW00012883","LAKELAND LINDER REGIONAL AIRPORT, FL US","28.0","-82.05","45.1","2021-07-13","0.00"
"USW00012883","LAKELAND LINDER REGIONAL AIRPORT, FL US","28.0","-82.05","45.1","2021-07-14","0.60"
"USW00012883","LAKELAND LINDER REGIONAL AIRPORT, FL US","28.0","-82.05","45.1","2021-07-15","0.00"
"USW00012883","LAKELAND LINDER REGIONAL AIRPORT, FL US","28.0","-82.05","45.1","2021-07-16","0.00"
"USW00012883","LAKELAND LINDER REGIONAL AIRPORT, FL US","28.0","-82.05","45.1","2021-07-17","0.00"
"USW00012883","LAKELAND LINDER REGIONAL AIRPORT, FL US","28.0","-82.05","45.1","2021-07-18","0.00"
"USW00012883","LAKELAND LINDER REGIONAL AIRPORT, FL US","28.0","-82.05","45.1","2021-07-19","0.10"
"USW00012883","LAKELAND LINDER REGIONAL AIRPORT, FL US","28.0","-82.05","45.1","2021-07-20","0.31"
"USW00012883","LAKELAND LINDER REGIONAL AIRPORT, FL US","28.0","-82.05","45.1","2021-07-21","0.11"
"US1FLBW0161","PEMBROKE PINES 0.7 N, FL US","26.01984","-80.34075","2.1","2021-07-04","0.00"
"US1FLBW0161","PEMBROKE PINES 0.7 N, FL US","26.01984","-80.34075","2.1","2021-07-05","0.00"
"US1FLBW0161","PEMBROKE PINES 0.7 N, FL US","26.01984","-80.34075","2.1","2021-07-06","0.65"
"US1FLBW0161","PEMBROKE PINES 0.7 N, FL US","26.01984","-80.34075","2.1","2021-07-07","0.37"
"US1FLBW0161","PEMBROKE PINES 0.7 N, FL US","26.01984","-80.34075","2.1","2021-07-08","0.00"
"US1FLBW0161","PEMBROKE PINES 0.7 N, FL US","26.01984","-80.34075","2.1","2021-07-11",
"US1FLBW0161","PEMBROKE PINES 0.7 N, FL US","26.01984","-80.34075","2.1","2021-07-12","0.40"
"US1FLBW0161","PEMBROKE PINES 0.7 N, FL US","26.01984","-80.34075","2.1","2021-07-13","0.91"
"US1FLBW0161","PEMBROKE PINES 0.7 N, FL US","26.01984","-80.34075","2.1","2021-07-14","1.51"
"US1FLBW0161","PEMBROKE PINES 0.7 N, FL US","26.01984","-80.34075","2.1","2021-07-16",
"US1FLBW0161","PEMBROKE PINES 0.7 N, FL US","26.01984","-80.34075","2.1","2021-07-17","0.17"
"US1FLBW0161","PEMBROKE PINES 0.7 N, FL US","26.01984","-80.34075","2.1","2021-07-18","0.04"
"US1FLBW0161","PEMBROKE PINES 0.7 N, FL US","26.01984","-80.34075","2.1","2021-07-19","0.00"
"US1FLBW0161","PEMBROKE PINES 0.7 N, FL US","26.01984","-80.34075","2.1","2021-07-20","0.02"
"US1FLBW0162","MARGATE 0.8 NNW, FL US","26.25633","-80.214714","7.0","2021-07-04","0.01"
"US1FLBW0162","MARGATE 0.8 NNW, FL US","26.25633","-80.214714","7.0","2021-07-05","0.00"
"US1FLBW0162","MARGATE 0.8 NNW, FL US","26.25633","-80.214714","7.0","2021-07-06","0.73"
"US1FLBW0162","MARGATE 0.8 NNW, FL US","26.25633","-80.214714","7.0","2021-07-07","0.19"
"US1FLBW0162","MARGATE 0.8 NNW, FL US","26.25633","-80.214714","7.0","2021-07-08","0.00"
"US1FLBW0162","MARGATE 0.8 NNW, FL US","26.25633","-80.214714","7.0","2021-07-09","0.46"
"US1FLBW0162","MARGATE 0.8 NNW, FL US","26.25633","-80.214714","7.0","2021-07-10","0.02"
"US1FLBW0162","MARGATE 0.8 NNW, FL US","26.25633","-80.214714","7.0","2021-07-11","0.28"
"US1FLBW0162","MARGATE 0.8 NNW, FL US","26.25633","-80.214714","7.0","2021-07-12","0.07"
"US1FLBW0162","MARGATE 0.8 NNW, FL US","26.25633","-80.214714","7.0","2021-07-13","0.34"
"US1FLBW0162","MARGATE 0.8 NNW, FL US","26.25633","-80.214714","7.0","2021-07-14","0.26"
"US1FLBW0162","MARGATE 0.8 NNW, FL US","26.25633","-80.214714","7.0","2021-07-15","0.11"
"US1FLBW0162","MARGATE 0.8 NNW, FL US","26.25633","-80.214714","7.0","2021-07-16","0.00"
"US1FLBW0162","MARGATE 0.8 NNW, FL US","26.25633","-80.214714","7.0","2021-07-17","0.00"
"US1FLBW0162","MARGATE 0.8 NNW, FL US","26.25633","-80.214714","7.0","2021-07-18","0.35"
"US1FLBW0162","MARGATE 0.8 NNW, FL US","26.25633","-80.214714","7.0","2021-07-19","0.03"
"US1FLBW0162","MARGATE 0.8 NNW, FL US","26.25633","-80.214714","7.0","2021-07-20","0.00"
"US1FLBW0162","MARGATE 0.8 NNW, FL US","26.25633","-80.214714","7.0","2021-07-21","3.58"
"US1FLPK0060","DUNDEE 0.3 E, FL US","28.0201576","-81.6158178","56.1","2021-07-08","1.56"
"US1FLPK0060","DUNDEE 0.3 E, FL US","28.0201576","-81.6158178","56.1","2021-07-12",
"US1FLPK0060","DUNDEE 0.3 E, FL US","28.0201576","-81.6158178","56.1","2021-07-19","1.47"
"US1FLPK0060","DUNDEE 0.3 E, FL US","28.0201576","-81.6158178","56.1","2021-07-20","0.24"
"US1FLMR0066","THE VILLAGES 3.7 NNW, FL US","28.980161","-82.023016","31.1","2021-07-04","0.45"
"US1FLMR0066","THE VILLAGES 3.7 NNW, FL US","28.980161","-82.023016","31.1","2021-07-05","0.15"
"US1FLMR0066","THE VILLAGES 3.7 NNW, FL US","28.980161","-82.023016","31.1","2021-07-06","0.00"
"US1FLMR0066","THE VILLAGES 3.7 NNW, FL US","28.980161","-82.023016","31.1","2021-07-07","0.70"
"US1FLMR0066","THE VILLAGES 3.7 NNW, FL US","28.980161","-82.023016","31.1","2021-07-08","0.89"
"US1FLMR0066","THE VILLAGES 3.7 NNW, FL US","28.980161","-82.023016","31.1","2021-07-09","0.34"
"US1FLMR0066","THE VILLAGES 3.7 NNW, FL US","28.980161","-82.023016","31.1","2021-07-10","0.28"
"US1FLMR0066","THE VILLAGES 3.7 NNW, FL US","28.980161","-82.023016","31.1","2021-07-11","0.08"
"US1FLMR0066","THE VILLAGES 3.7 NNW, FL US","28.980161","-82.023016","31.1","2021-07-12","0.00"
"US1FLMR0066","THE VILLAGES 3.7 NNW, FL US","28.980161","-82.023016","31.1","2021-07-13","0.06"
"US1FLMR0066","THE VILLAGES 3.7 NNW, FL US","28.980161","-82.023016","31.1","2021-07-14","0.00"
"US1FLMR0066","THE VILLAGES 3.7 NNW, FL US","28.980161","-82.023016","31.1","2021-07-15","0.02"
"US1FLMR0066","THE VILLAGES 3.7 NNW, FL US","28.980161","-82.023016","31.1","2021-07-16","0.00"
"US1FLMR0066","THE VILLAGES 3.7 NNW, FL US","28.980161","-82.023016","31.1","2021-07-17","0.00"
"US1FLMR0066","THE VILLAGES 3.7 NNW, FL US","28.980161","-82.023016","31.1","2021-07-18","0.00"
"US1FLMR0066","THE VILLAGES 3.7 NNW, FL US","28.980161","-82.023016","31.1","2021-07-19","0.15"
"US1FLMR0066","THE VILLAGES 3.7 NNW, FL US","28.980161","-82.023016","31.1","2021-07-20","0.68"
"US1FLMR0066","THE VILLAGES 3.7 NNW, FL US","28.980161","-82.023016","31.1","2021-07-21","0.56"
"US1FLMR0065","BELLEVIEW 3.3 SSW, FL US","29.018333","-82.080833","25.3","2021-07-04","0.34"
"US1FLMR0065","BELLEVIEW 3.3 SSW, FL US","29.018333","-82.080833","25.3","2021-07-05","0.30"
"US1FLMR0065","BELLEVIEW 3.3 SSW, FL US","29.018333","-82.080833","25.3","2021-07-06","0.00"
"US1FLMR0065","BELLEVIEW 3.3 SSW, FL US","29.018333","-82.080833","25.3","2021-07-07","0.85"
"US1FLMR0065","BELLEVIEW 3.3 SSW, FL US","29.018333","-82.080833","25.3","2021-07-08","0.76"
"US1FLMR0065","BELLEVIEW 3.3 SSW, FL US","29.018333","-82.080833","25.3","2021-07-09","0.01"
"US1FLMR0065","BELLEVIEW 3.3 SSW, FL US","29.018333","-82.080833","25.3","2021-07-10","0.00"
"US1FLMR0065","BELLEVIEW 3.3 SSW, FL US","29.018333","-82.080833","25.3","2021-07-11","0.11"
"US1FLMR0065","BELLEVIEW 3.3 SSW, FL US","29.018333","-82.080833","25.3","2021-07-12","0.00"
"US1FLMR0065","BELLEVIEW 3.3 SSW, FL US","29.018333","-82.080833","25.3","2021-07-13","0.00"
"US1FLMR0065","BELLEVIEW 3.3 SSW, FL US","29.018333","-82.080833","25.3","2021-07-14","0.00"
"US1FLMR0065","BELLEVIEW 3.3 SSW, FL US","29.018333","-82.080833","25.3","2021-07-15","0.02"
"US1FLMR0065","BELLEVIEW 3.3 SSW, FL US","29.018333","-82.080833","25.3","2021-07-16","0.00"
"US1FLMR0065","BELLEVIEW 3.3 SSW, FL US","29.018333","-82.080833","25.3","2021-07-17","0.00"
"US1FLMR0065","BELLEVIEW 3.3 SSW, FL US","29.018333","-82.080833","25.3","2021-07-18","0.00"
"US1FLMR0065","BELLEVIEW 3.3 SSW, FL US","29.018333","-82.080833","25.3","2021-07-19","0.00"
"US1FLMR0065","BELLEVIEW 3.3 SSW, FL US","29.018333","-82.080833","25.3","2021-07-20","0.38"
"US1FLMR0065","BELLEVIEW 3.3 SSW, FL US","29.018333","-82.080833","25.3","2021-07-21","0.00"
"US1FLLN0084","TALLAHASSEE 5.0 E, FL US","30.46685","-84.198531","26.8","2021-07-04","0.00"
"US1FLLN0084","TALLAHASSEE 5.0 E, FL US","30.46685","-84.198531","26.8","2021-07-05","0.13"
"US1FLLN0084","TALLAHASSEE 5.0 E, FL US","30.46685","-84.198531","26.8","2021-07-06","0.95"
"US1FLLN0084","TALLAHASSEE 5.0 E, FL US","30.46685","-84.198531","26.8","2021-07-07","0.07"
"US1FLLN0084","TALLAHASSEE 5.0 E, FL US","30.46685","-84.198531","26.8","2021-07-08","0.63"
"US1FLLN0084","TALLAHASSEE 5.0 E, FL US","30.46685","-84.198531","26.8","2021-07-09","1.07"
"US1FLLN0084","TALLAHASSEE 5.0 E, FL US","30.46685","-84.198531","26.8","2021-07-10","0.23"
"US1FLLN0084","TALLAHASSEE 5.0 E, FL US","30.46685","-84.198531","26.8","2021-07-11","0.00"
"US1FLLN0084","TALLAHASSEE 5.0 E, FL US","30.46685","-84.198531","26.8","2021-07-12","0.00"
"US1FLLN0084","TALLAHASSEE 5.0 E, FL US","30.46685","-84.198531","26.8","2021-07-13","0.02"
"US1FLLN0084","TALLAHASSEE 5.0 E, FL US","30.46685","-84.198531","26.8","2021-07-14","0.00"
"US1FLLN0084","TALLAHASSEE 5.0 E, FL US","30.46685","-84.198531","26.8","2021-07-15","0.00"
"US1FLLN0084","TALLAHASSEE 5.0 E, FL US","30.46685","-84.198531","26.8","2021-07-16","0.15"
"US1FLLN0084","TALLAHASSEE 5.0 E, FL US","30.46685","-84.198531","26.8","2021-07-17","0.02"
"US1FLLN0084","TALLAHASSEE 5.0 E, FL US","30.46685","-84.198531","26.8","2021-07-18","0.08"
"US1FLLN0084","TALLAHASSEE 5.0 E, FL US","30.46685","-84.198531","26.8","2021-07-19","1.22"
"US1FLLN0084","TALLAHASSEE 5.0 E, FL US","30.46685","-84.198531","26.8","2021-07-20","0.12"
"US1FLLN0084","TALLAHASSEE 5.0 E, FL US","30.46685","-84.198531","26.8","2021-07-21","0.46"
"US1FLLN0081","TALLAHASSEE 10.6 ENE, FL US","30.50333","-84.11194","42.4","2021-07-04","0.02"
"US1FLLN0081","TALLAHASSEE 10.6 ENE, FL US","30.50333","-84.11194","42.4","2021-07-05","0.14"
"US1FLLN0081","TALLAHASSEE 10.6 ENE, FL US","30.50333","-84.11194","42.4","2021-07-06","0.89"
"US1FLLN0081","TALLAHASSEE 10.6 ENE, FL US","30.50333","-84.11194","42.4","2021-07-07","1.10"
"US1FLLN0081","TALLAHASSEE 10.6 ENE, FL US","30.50333","-84.11194","42.4","2021-07-08","0.31"
"US1FLLN0081","TALLAHASSEE 10.6 ENE, FL US","30.50333","-84.11194","42.4","2021-07-09","1.10"
"US1FLLN0081","TALLAHASSEE 10.6 ENE, FL US","30.50333","-84.11194","42.4","2021-07-10","0.41"
"US1FLLN0081","TALLAHASSEE 10.6 ENE, FL US","30.50333","-84.11194","42.4","2021-07-11","0.00"
"US1FLLN0081","TALLAHASSEE 10.6 ENE, FL US","30.50333","-84.11194","42.4","2021-07-13","0.01"
"US1FLLN0081","TALLAHASSEE 10.6 ENE, FL US","30.50333","-84.11194","42.4","2021-07-14","0.00"
"US1FLLN0081","TALLAHASSEE 10.6 ENE, FL US","30.50333","-84.11194","42.4","2021-07-15","0.00"
"US1FLLN0081","TALLAHASSEE 10.6 ENE, FL US","30.50333","-84.11194","42.4","2021-07-16","0.00"
"US1FLLN0081","TALLAHASSEE 10.6 ENE, FL US","30.50333","-84.11194","42.4","2021-07-17","0.45"
"US1FLLN0081","TALLAHASSEE 10.6 ENE, FL US","30.50333","-84.11194","42.4","2021-07-18","0.01"
"US1FLLN0081","TALLAHASSEE 10.6 ENE, FL US","30.50333","-84.11194","42.4","2021-07-19","0.36"
"US1FLLN0081","TALLAHASSEE 10.6 ENE, FL US","30.50333","-84.11194","42.4","2021-07-20","0.23"
"US1FLLN0081","TALLAHASSEE 10.6 ENE, FL US","30.50333","-84.11194","42.4","2021-07-21","0.40"
"US1FLLN0082","TALLAHASSEE 2.5 SSE, FL US","30.423307","-84.268169","50.9","2021-07-04","0.03"
"US1FLLN0082","TALLAHASSEE 2.5 SSE, FL US","30.423307","-84.268169","50.9","2021-07-05","0.11"
"US1FLLN0080","TALLAHASSEE 4.7 ENE, FL US","30.478754","-84.206402","53.3","2021-07-04","0.01"
"US1FLLN0080","TALLAHASSEE 4.7 ENE, FL US","30.478754","-84.206402","53.3","2021-07-05","0.21"
"US1FLLN0080","TALLAHASSEE 4.7 ENE, FL US","30.478754","-84.206402","53.3","2021-07-06","0.63"
"US1FLLN0080","TALLAHASSEE 4.7 ENE, FL US","30.478754","-84.206402","53.3","2021-07-07","0.08"
"US1FLLN0080","TALLAHASSEE 4.7 ENE, FL US","30.478754","-84.206402","53.3","2021-07-08","0.46"
"US1FLLN0080","TALLAHASSEE 4.7 ENE, FL US","30.478754","-84.206402","53.3","2021-07-09","2.08"
"US1FLLN0080","TALLAHASSEE 4.7 ENE, FL US","30.478754","-84.206402","53.3","2021-07-10","0.39"
"US1FLLN0080","TALLAHASSEE 4.7 ENE, FL US","30.478754","-84.206402","53.3","2021-07-11","0.00"
"US1FLLN0080","TALLAHASSEE 4.7 ENE, FL US","30.478754","-84.206402","53.3","2021-07-12","0.00"
"US1FLLN0080","TALLAHASSEE 4.7 ENE, FL US","30.478754","-84.206402","53.3","2021-07-13","0.02"
"US1FLLN0080","TALLAHASSEE 4.7 ENE, FL US","30.478754","-84.206402","53.3","2021-07-14","0.00"
"US1FLLN0080","TALLAHASSEE 4.7 ENE, FL US","30.478754","-84.206402","53.3","2021-07-15","0.00"
"US1FLLN0080","TALLAHASSEE 4.7 ENE, FL US","30.478754","-84.206402","53.3","2021-07-16","0.28"
"US1FLLN0080","TALLAHASSEE 4.7 ENE, FL US","30.478754","-84.206402","53.3","2021-07-17","0.00"
"US1FLLN0080","TALLAHASSEE 4.7 ENE, FL US","30.478754","-84.206402","53.3","2021-07-18","0.00"
"US1FLLN0080","TALLAHASSEE 4.7 ENE, FL US","30.478754","-84.206402","53.3","2021-07-19","0.87"
"US1FLLN0080","TALLAHASSEE 4.7 ENE, FL US","30.478754","-84.206402","53.3","2021-07-20","0.23"
"US1FLLN0080","TALLAHASSEE 4.7 ENE, FL US","30.478754","-84.206402","53.3","2021-07-21","0.55"
"US1FLBV0124","WEST MELBOURNE 0.9 SE, FL US","28.071057","-80.659963","11.9","2021-07-04","0.31"
"US1FLBV0124","WEST MELBOURNE 0.9 SE, FL US","28.071057","-80.659963","11.9","2021-07-05","0.41"
"US1FLBV0124","WEST MELBOURNE 0.9 SE, FL US","28.071057","-80.659963","11.9","2021-07-06","0.29"
"US1FLBV0124","WEST MELBOURNE 0.9 SE, FL US","28.071057","-80.659963","11.9","2021-07-07","0.02"
"US1FLBV0124","WEST MELBOURNE 0.9 SE, FL US","28.071057","-80.659963","11.9","2021-07-08","0.13"
"US1FLBV0124","WEST MELBOURNE 0.9 SE, FL US","28.071057","-80.659963","11.9","2021-07-09","0.00"
"US1FLBV0124","WEST MELBOURNE 0.9 SE, FL US","28.071057","-80.659963","11.9","2021-07-11","0.97"
"US1FLBV0124","WEST MELBOURNE 0.9 SE, FL US","28.071057","-80.659963","11.9","2021-07-14","0.16"
"US1FLBV0124","WEST MELBOURNE 0.9 SE, FL US","28.071057","-80.659963","11.9","2021-07-15","0.00"
"US1FLBV0124","WEST MELBOURNE 0.9 SE, FL US","28.071057","-80.659963","11.9","2021-07-16","0.00"
"US1FLBV0124","WEST MELBOURNE 0.9 SE, FL US","28.071057","-80.659963","11.9","2021-07-17","0.00"
"US1FLBV0124","WEST MELBOURNE 0.9 SE, FL US","28.071057","-80.659963","11.9","2021-07-18","0.00"
"US1FLBV0124","WEST MELBOURNE 0.9 SE, FL US","28.071057","-80.659963","11.9","2021-07-19","0.00"
"US1FLBV0124","WEST MELBOURNE 0.9 SE, FL US","28.071057","-80.659963","11.9","2021-07-20","0.00"
"US1FLBV0124","WEST MELBOURNE 0.9 SE, FL US","28.071057","-80.659963","11.9","2021-07-21","0.00"
"USR0000FSTM","ST. MARKS EAST FLORIDA, FL US","30.1333","-84.1333","4.6","2021-07-04",
"USR0000FSTM","ST. MARKS EAST FLORIDA, FL US","30.1333","-84.1333","4.6","2021-07-05",
"USR0000FSTM","ST. MARKS EAST FLORIDA, FL US","30.1333","-84.1333","4.6","2021-07-06",
"USR0000FSTM","ST. MARKS EAST FLORIDA, FL US","30.1333","-84.1333","4.6","2021-07-07",
"USR0000FSTM","ST. MARKS EAST FLORIDA, FL US","30.1333","-84.1333","4.6","2021-07-08",
"USR0000FSTM","ST. MARKS EAST FLORIDA, FL US","30.1333","-84.1333","4.6","2021-07-09",
"USR0000FSTM","ST. MARKS EAST FLORIDA, FL US","30.1333","-84.1333","4.6","2021-07-10",
"USR0000FSTM","ST. MARKS EAST FLORIDA, FL US","30.1333","-84.1333","4.6","2021-07-11",
"USR0000FSTM","ST. MARKS EAST FLORIDA, FL US","30.1333","-84.1333","4.6","2021-07-12",
"USR0000FSTM","ST. MARKS EAST FLORIDA, FL US","30.1333","-84.1333","4.6","2021-07-13",
"USR0000FSTM","ST. MARKS EAST FLORIDA, FL US","30.1333","-84.1333","4.6","2021-07-14",
"USR0000FSTM","ST. MARKS EAST FLORIDA, FL US","30.1333","-84.1333","4.6","2021-07-15",
"USR0000FSTM","ST. MARKS EAST FLORIDA, FL US","30.1333","-84.1333","4.6","2021-07-16",
"USR0000FSTM","ST. MARKS EAST FLORIDA, FL US","30.1333","-84.1333","4.6","2021-07-17",
"USR0000FSTM","ST. MARKS EAST FLORIDA, FL US","30.1333","-84.1333","4.6","2021-07-18",
"USR0000FSTM","ST. MARKS EAST FLORIDA, FL US","30.1333","-84.1333","4.6","2021-07-19",
"USR0000FSTM","ST. MARKS EAST FLORIDA, FL US","30.1333","-84.1333","4.6","2021-07-20",
"USR0000FSTM","ST. MARKS EAST FLORIDA, FL US","30.1333","-84.1333","4.6","2021-07-21",
"USW00012897","NAPLES MUNICIPAL AIRPORT, FL US","26.15498","-81.77514","2.0","2021-07-04","0.00"
"USW00012897","NAPLES MUNICIPAL AIRPORT, FL US","26.15498","-81.77514","2.0","2021-07-05","0.36"
"USW00012897","NAPLES MUNICIPAL AIRPORT, FL US","26.15498","-81.77514","2.0","2021-07-06","2.49"
"USW00012897","NAPLES MUNICIPAL AIRPORT, FL US","26.15498","-81.77514","2.0","2021-07-07","0.00"
"USW00012897","NAPLES MUNICIPAL AIRPORT, FL US","26.15498","-81.77514","2.0","2021-07-08","0.00"
"USW00012897","NAPLES MUNICIPAL AIRPORT, FL US","26.15498","-81.77514","2.0","2021-07-09","0.00"
"USW00012897","NAPLES MUNICIPAL AIRPORT, FL US","26.15498","-81.77514","2.0","2021-07-10","0.73"
"USW00012897","NAPLES MUNICIPAL AIRPORT, FL US","26.15498","-81.77514","2.0","2021-07-11","0.15"
"USW00012897","NAPLES MUNICIPAL AIRPORT, FL US","26.15498","-81.77514","2.0","2021-07-12","0.00"
"USW00012897","NAPLES MUNICIPAL AIRPORT, FL US","26.15498","-81.77514","2.0","2021-07-13","0.27"
"USW00012897","NAPLES MUNICIPAL AIRPORT, FL US","26.15498","-81.77514","2.0","2021-07-14","0.92"
"USW00012897","NAPLES MUNICIPAL AIRPORT, FL US","26.15498","-81.77514","2.0","2021-07-15","0.15"
"USW00012897","NAPLES MUNICIPAL AIRPORT, FL US","26.15498","-81.77514","2.0","2021-07-16","0.21"
"USW00012897","NAPLES MUNICIPAL AIRPORT, FL US","26.15498","-81.77514","2.0","2021-07-17","0.73"
"USW00012897","NAPLES MUNICIPAL AIRPORT, FL US","26.15498","-81.77514","2.0","2021-07-18","0.25"
"USW00012897","NAPLES MUNICIPAL AIRPORT, FL US","26.15498","-81.77514","2.0","2021-07-19","0.32"
"USW00012897","NAPLES MUNICIPAL AIRPORT, FL US","26.15498","-81.77514","2.0","2021-07-20","0.00"
"USW00012897","NAPLES MUNICIPAL AIRPORT, FL US","26.15498","-81.77514","2.0","2021-07-21","0.00"
"US1FLBW0131","MIRAMAR 2.3 W, FL US","25.976034","-80.3696","1.5","2021-07-04",
"US1FLBW0131","MIRAMAR 2.3 W, FL US","25.976034","-80.3696","1.5","2021-07-05","0.00"
"US1FLBW0131","MIRAMAR 2.3 W, FL US","25.976034","-80.3696","1.5","2021-07-06","1.12"
"US1FLBW0131","MIRAMAR 2.3 W, FL US","25.976034","-80.3696","1.5","2021-07-07","0.45"
"US1FLBW0131","MIRAMAR 2.3 W, FL US","25.976034","-80.3696","1.5","2021-07-08","0.00"
"US1FLBW0131","MIRAMAR 2.3 W, FL US","25.976034","-80.3696","1.5","2021-07-09","0.02"
"US1FLBW0131","MIRAMAR 2.3 W, FL US","25.976034","-80.3696","1.5","2021-07-10","0.00"
"US1FLBW0131","MIRAMAR 2.3 W, FL US","25.976034","-80.3696","1.5","2021-07-11","0.11"
"US1FLBW0131","MIRAMAR 2.3 W, FL US","25.976034","-80.3696","1.5","2021-07-12","1.47"
"US1FLBW0131","MIRAMAR 2.3 W, FL US","25.976034","-80.3696","1.5","2021-07-13","1.55"
"US1FLBW0131","MIRAMAR 2.3 W, FL US","25.976034","-80.3696","1.5","2021-07-14","0.93"
"US1FLBW0131","MIRAMAR 2.3 W, FL US","25.976034","-80.3696","1.5","2021-07-15","0.04"
"US1FLBW0131","MIRAMAR 2.3 W, FL US","25.976034","-80.3696","1.5","2021-07-16","0.06"
"US1FLBW0131","MIRAMAR 2.3 W, FL US","25.976034","-80.3696","1.5","2021-07-17","0.03"
"US1FLBW0131","MIRAMAR 2.3 W, FL US","25.976034","-80.3696","1.5","2021-07-18","0.02"
"US1FLBW0131","MIRAMAR 2.3 W, FL US","25.976034","-80.3696","1.5","2021-07-19","0.00"
"US1FLBW0131","MIRAMAR 2.3 W, FL US","25.976034","-80.3696","1.5","2021-07-20","0.00"
"US1FLBW0131","MIRAMAR 2.3 W, FL US","25.976034","-80.3696","1.5","2021-07-21","0.26"
"USW00012895","FORT PIERCE ST LUCIE CO INTERNATIONAL AIRPORT, FL US","27.49816","-80.37626","5.7","2021-07-04","0.00"
"USW00012895","FORT PIERCE ST LUCIE CO INTERNATIONAL AIRPORT, FL US","27.49816","-80.37626","5.7","2021-07-05","0.31"
"USW00012895","FORT PIERCE ST LUCIE CO INTERNATIONAL AIRPORT, FL US","27.49816","-80.37626","5.7","2021-07-06","0.00"
"USW00012895","FORT PIERCE ST LUCIE CO INTERNATIONAL AIRPORT, FL US","27.49816","-80.37626","5.7","2021-07-07","0.73"
"USW00012895","FORT PIERCE ST LUCIE CO INTERNATIONAL AIRPORT, FL US","27.49816","-80.37626","5.7","2021-07-08","0.00"
"USW00012895","FORT PIERCE ST LUCIE CO INTERNATIONAL AIRPORT, FL US","27.49816","-80.37626","5.7","2021-07-09","0.46"
"USW00012895","FORT PIERCE ST LUCIE CO INTERNATIONAL AIRPORT, FL US","27.49816","-80.37626","5.7","2021-07-10","0.01"
"USW00012895","FORT PIERCE ST LUCIE CO INTERNATIONAL AIRPORT, FL US","27.49816","-80.37626","5.7","2021-07-11","0.00"
"USW00012895","FORT PIERCE ST LUCIE CO INTERNATIONAL AIRPORT, FL US","27.49816","-80.37626","5.7","2021-07-12","0.13"
"USW00012895","FORT PIERCE ST LUCIE CO INTERNATIONAL AIRPORT, FL US","27.49816","-80.37626","5.7","2021-07-13","0.51"
"USW00012895","FORT PIERCE ST LUCIE CO INTERNATIONAL AIRPORT, FL US","27.49816","-80.37626","5.7","2021-07-14","0.01"
"USW00012895","FORT PIERCE ST LUCIE CO INTERNATIONAL AIRPORT, FL US","27.49816","-80.37626","5.7","2021-07-15","0.00"
"USW00012895","FORT PIERCE ST LUCIE CO INTERNATIONAL AIRPORT, FL US","27.49816","-80.37626","5.7","2021-07-16","0.00"
"USW00012895","FORT PIERCE ST LUCIE CO INTERNATIONAL AIRPORT, FL US","27.49816","-80.37626","5.7","2021-07-17","0.84"
"USW00012895","FORT PIERCE ST LUCIE CO INTERNATIONAL AIRPORT, FL US","27.49816","-80.37626","5.7","2021-07-18","0.00"
"USW00012895","FORT PIERCE ST LUCIE CO INTERNATIONAL AIRPORT, FL US","27.49816","-80.37626","5.7","2021-07-19","0.00"
"USW00012895","FORT PIERCE ST LUCIE CO INTERNATIONAL AIRPORT, FL US","27.49816","-80.37626","5.7","2021-07-20","0.69"
"USW00012895","FORT PIERCE ST LUCIE CO INTERNATIONAL AIRPORT, FL US","27.49816","-80.37626","5.7","2021-07-21","0.00"
"USW00012896","MARATHON AIRPORT, FL US","24.72624","-81.0477","0.9","2021-07-04","0.00"
"USW00012896","MARATHON AIRPORT, FL US","24.72624","-81.0477","0.9","2021-07-05","0.73"
"USW00012896","MARATHON AIRPORT, FL US","24.72624","-81.0477","0.9","2021-07-06","1.27"
"USW00012896","MARATHON AIRPORT, FL US","24.72624","-81.0477","0.9","2021-07-07","0.02"
"USW00012896","MARATHON AIRPORT, FL US","24.72624","-81.0477","0.9","2021-07-08","0.00"
"USW00012896","MARATHON AIRPORT, FL US","24.72624","-81.0477","0.9","2021-07-09","0.00"
"USW00012896","MARATHON AIRPORT, FL US","24.72624","-81.0477","0.9","2021-07-10","0.00"
"USW00012896","MARATHON AIRPORT, FL US","24.72624","-81.0477","0.9","2021-07-11","0.05"
"USW00012896","MARATHON AIRPORT, FL US","24.72624","-81.0477","0.9","2021-07-12","0.67"
"USW00012896","MARATHON AIRPORT, FL US","24.72624","-81.0477","0.9","2021-07-13","0.57"
"USW00012896","MARATHON AIRPORT, FL US","24.72624","-81.0477","0.9","2021-07-14","0.10"
"USW00012896","MARATHON AIRPORT, FL US","24.72624","-81.0477","0.9","2021-07-15","0.02"
"USW00012896","MARATHON AIRPORT, FL US","24.72624","-81.0477","0.9","2021-07-16","0.03"
"USW00012896","MARATHON AIRPORT, FL US","24.72624","-81.0477","0.9","2021-07-17","0.00"
"USW00012896","MARATHON AIRPORT, FL US","24.72624","-81.0477","0.9","2021-07-18","0.00"
"USW00012896","MARATHON AIRPORT, FL US","24.72624","-81.0477","0.9","2021-07-19","0.00"
"USW00012896","MARATHON AIRPORT, FL US","24.72624","-81.0477","0.9","2021-07-20","0.00"
"USW00012896","MARATHON AIRPORT, FL US","24.72624","-81.0477","0.9","2021-07-21","0.00"
"US1FLPK0055","POLK CITY 1.6 WSW, FL US","28.1722","-81.84917","43.0","2021-07-04","0.74"
"US1FLPK0055","POLK CITY 1.6 WSW, FL US","28.1722","-81.84917","43.0","2021-07-05","0.03"
"US1FLPK0055","POLK CITY 1.6 WSW, FL US","28.1722","-81.84917","43.0","2021-07-06","0.02"
"US1FLPK0055","POLK CITY 1.6 WSW, FL US","28.1722","-81.84917","43.0","2021-07-07","1.90"
"US1FLPK0055","POLK CITY 1.6 WSW, FL US","28.1722","-81.84917","43.0","2021-07-08","0.07"
"US1FLPK0055","POLK CITY 1.6 WSW, FL US","28.1722","-81.84917","43.0","2021-07-09","0.00"
"US1FLPK0055","POLK CITY 1.6 WSW, FL US","28.1722","-81.84917","43.0","2021-07-10","0.00"
"US1FLPK0055","POLK CITY 1.6 WSW, FL US","28.1722","-81.84917","43.0","2021-07-11","0.00"
"US1FLPK0055","POLK CITY 1.6 WSW, FL US","28.1722","-81.84917","43.0","2021-07-12","0.03"
"US1FLPK0055","POLK CITY 1.6 WSW, FL US","28.1722","-81.84917","43.0","2021-07-13","0.00"
"US1FLPK0055","POLK CITY 1.6 WSW, FL US","28.1722","-81.84917","43.0","2021-07-14","0.00"
"US1FLPK0055","POLK CITY 1.6 WSW, FL US","28.1722","-81.84917","43.0","2021-07-15","0.12"
"US1FLPK0055","POLK CITY 1.6 WSW, FL US","28.1722","-81.84917","43.0","2021-07-16","0.00"
"US1FLPK0055","POLK CITY 1.6 WSW, FL US","28.1722","-81.84917","43.0","2021-07-17","0.00"
"US1FLPK0055","POLK CITY 1.6 WSW, FL US","28.1722","-81.84917","43.0","2021-07-18","0.00"
"US1FLPK0055","POLK CITY 1.6 WSW, FL US","28.1722","-81.84917","43.0","2021-07-19","0.00"
"US1FLPK0055","POLK CITY 1.6 WSW, FL US","28.1722","-81.84917","43.0","2021-07-20","0.86"
"US1FLPK0055","POLK CITY 1.6 WSW, FL US","28.1722","-81.84917","43.0","2021-07-21","0.42"
"US1FLLN0087","TALLAHASSEE 3.3 ESE, FL US","30.430981","-84.235352","55.8","2021-07-04","0.03"
"US1FLLN0087","TALLAHASSEE 3.3 ESE, FL US","30.430981","-84.235352","55.8","2021-07-05","0.91"
"US1FLLN0087","TALLAHASSEE 3.3 ESE, FL US","30.430981","-84.235352","55.8","2021-07-06","0.65"
"US1FLLN0087","TALLAHASSEE 3.3 ESE, FL US","30.430981","-84.235352","55.8","2021-07-07","0.10"
"US1FLLN0087","TALLAHASSEE 3.3 ESE, FL US","30.430981","-84.235352","55.8","2021-07-08","1.04"
"US1FLLN0087","TALLAHASSEE 3.3 ESE, FL US","30.430981","-84.235352","55.8","2021-07-11",
"US1FLLN0087","TALLAHASSEE 3.3 ESE, FL US","30.430981","-84.235352","55.8","2021-07-12","0.00"
"US1FLLN0087","TALLAHASSEE 3.3 ESE, FL US","30.430981","-84.235352","55.8","2021-07-13","0.07"
"US1FLLN0087","TALLAHASSEE 3.3 ESE, FL US","30.430981","-84.235352","55.8","2021-07-14","0.03"
"US1FLLN0087","TALLAHASSEE 3.3 ESE, FL US","30.430981","-84.235352","55.8","2021-07-15","0.00"
"US1FLLN0087","TALLAHASSEE 3.3 ESE, FL US","30.430981","-84.235352","55.8","2021-07-16","0.00"
"US1FLLN0087","TALLAHASSEE 3.3 ESE, FL US","30.430981","-84.235352","55.8","2021-07-17","0.17"
"US1FLLN0087","TALLAHASSEE 3.3 ESE, FL US","30.430981","-84.235352","55.8","2021-07-19","2.82"
"US1FLLN0087","TALLAHASSEE 3.3 ESE, FL US","30.430981","-84.235352","55.8","2021-07-20","0.17"
"US1FLLN0087","TALLAHASSEE 3.3 ESE, FL US","30.430981","-84.235352","55.8","2021-07-21","0.46"
"USW00012894","FORT MYERS SW FLORIDA REGIONAL AIRPORT, FL US","26.53805","-81.75674","8.2","2021-07-04","0.00"
"USW00012894","FORT MYERS SW FLORIDA REGIONAL AIRPORT, FL US","26.53805","-81.75674","8.2","2021-07-05","0.01"
"USW00012894","FORT MYERS SW FLORIDA REGIONAL AIRPORT, FL US","26.53805","-81.75674","8.2","2021-07-06","2.26"
"USW00012894","FORT MYERS SW FLORIDA REGIONAL AIRPORT, FL US","26.53805","-81.75674","8.2","2021-07-07",
"USW00012894","FORT MYERS SW FLORIDA REGIONAL AIRPORT, FL US","26.53805","-81.75674","8.2","2021-07-08","0.00"
"USW00012894","FORT MYERS SW FLORIDA REGIONAL AIRPORT, FL US","26.53805","-81.75674","8.2","2021-07-09","0.17"
"USW00012894","FORT MYERS SW FLORIDA REGIONAL AIRPORT, FL US","26.53805","-81.75674","8.2","2021-07-10","0.34"
"USW00012894","FORT MYERS SW FLORIDA REGIONAL AIRPORT, FL US","26.53805","-81.75674","8.2","2021-07-11","0.52"
"USW00012894","FORT MYERS SW FLORIDA REGIONAL AIRPORT, FL US","26.53805","-81.75674","8.2","2021-07-12","0.00"
"USW00012894","FORT MYERS SW FLORIDA REGIONAL AIRPORT, FL US","26.53805","-81.75674","8.2","2021-07-13","0.13"
"USW00012894","FORT MYERS SW FLORIDA REGIONAL AIRPORT, FL US","26.53805","-81.75674","8.2","2021-07-14","0.30"
"USW00012894","FORT MYERS SW FLORIDA REGIONAL AIRPORT, FL US","26.53805","-81.75674","8.2","2021-07-15","0.00"
"USW00012894","FORT MYERS SW FLORIDA REGIONAL AIRPORT, FL US","26.53805","-81.75674","8.2","2021-07-16","0.00"
"USW00012894","FORT MYERS SW FLORIDA REGIONAL AIRPORT, FL US","26.53805","-81.75674","8.2","2021-07-17","0.95"
"USW00012894","FORT MYERS SW FLORIDA REGIONAL AIRPORT, FL US","26.53805","-81.75674","8.2","2021-07-18","0.86"
"USW00012894","FORT MYERS SW FLORIDA REGIONAL AIRPORT, FL US","26.53805","-81.75674","8.2","2021-07-19","0.00"
"USW00012894","FORT MYERS SW FLORIDA REGIONAL AIRPORT, FL US","26.53805","-81.75674","8.2","2021-07-20","0.24"
"USW00012894","FORT MYERS SW FLORIDA REGIONAL AIRPORT, FL US","26.53805","-81.75674","8.2","2021-07-21","0.00"
"US1FLLN0085","TALLAHASSEE 4.3 N, FL US","30.519646","-84.280695","58.5","2021-07-04","0.01"
"US1FLLN0085","TALLAHASSEE 4.3 N, FL US","30.519646","-84.280695","58.5","2021-07-05","0.07"
"US1FLLN0085","TALLAHASSEE 4.3 N, FL US","30.519646","-84.280695","58.5","2021-07-11",
"US1FLBW0139","SUNRISE 2.1 N, FL US","26.181787","-80.299917","1.5","2021-07-06","0.22"
"US1FLBW0139","SUNRISE 2.1 N, FL US","26.181787","-80.299917","1.5","2021-07-09","2.03"
"US1FLBW0139","SUNRISE 2.1 N, FL US","26.181787","-80.299917","1.5","2021-07-12","0.45"
"US1FLBW0139","SUNRISE 2.1 N, FL US","26.181787","-80.299917","1.5","2021-07-13","0.42"
"US1FLBW0139","SUNRISE 2.1 N, FL US","26.181787","-80.299917","1.5","2021-07-21","2.82"
"USW00012888","MIAMI KENDALL TAMIAMI EXEC AIRPORT, FL US","25.64226","-80.43467","1.8","2021-07-04","0.00"
"USW00012888","MIAMI KENDALL TAMIAMI EXEC AIRPORT, FL US","25.64226","-80.43467","1.8","2021-07-05","1.09"
"USW00012888","MIAMI KENDALL TAMIAMI EXEC AIRPORT, FL US","25.64226","-80.43467","1.8","2021-07-06","0.71"
"USW00012888","MIAMI KENDALL TAMIAMI EXEC AIRPORT, FL US","25.64226","-80.43467","1.8","2021-07-07","0.00"
"USW00012888","MIAMI KENDALL TAMIAMI EXEC AIRPORT, FL US","25.64226","-80.43467","1.8","2021-07-08","0.07"
"USW00012888","MIAMI KENDALL TAMIAMI EXEC AIRPORT, FL US","25.64226","-80.43467","1.8","2021-07-09","0.00"
"USW00012888","MIAMI KENDALL TAMIAMI EXEC AIRPORT, FL US","25.64226","-80.43467","1.8","2021-07-10","0.15"
"USW00012888","MIAMI KENDALL TAMIAMI EXEC AIRPORT, FL US","25.64226","-80.43467","1.8","2021-07-11","0.06"
"USW00012888","MIAMI KENDALL TAMIAMI EXEC AIRPORT, FL US","25.64226","-80.43467","1.8","2021-07-12","1.35"
"USW00012888","MIAMI KENDALL TAMIAMI EXEC AIRPORT, FL US","25.64226","-80.43467","1.8","2021-07-13","0.30"
"USW00012888","MIAMI KENDALL TAMIAMI EXEC AIRPORT, FL US","25.64226","-80.43467","1.8","2021-07-14","0.13"
"USW00012888","MIAMI KENDALL TAMIAMI EXEC AIRPORT, FL US","25.64226","-80.43467","1.8","2021-07-15","0.00"
"USW00012888","MIAMI KENDALL TAMIAMI EXEC AIRPORT, FL US","25.64226","-80.43467","1.8","2021-07-16","0.01"
"USW00012888","MIAMI KENDALL TAMIAMI EXEC AIRPORT, FL US","25.64226","-80.43467","1.8","2021-07-17","0.00"
"USW00012888","MIAMI KENDALL TAMIAMI EXEC AIRPORT, FL US","25.64226","-80.43467","1.8","2021-07-18","0.00"
"USW00012888","MIAMI KENDALL TAMIAMI EXEC AIRPORT, FL US","25.64226","-80.43467","1.8","2021-07-19","0.00"
"USW00012888","MIAMI KENDALL TAMIAMI EXEC AIRPORT, FL US","25.64226","-80.43467","1.8","2021-07-20","1.06"
"USW00012888","MIAMI KENDALL TAMIAMI EXEC AIRPORT, FL US","25.64226","-80.43467","1.8","2021-07-21","0.00"
"US1FLBW0137","POMPANO BEACH 1.2 NNE, FL US","26.25213","-80.1224","5.5","2021-07-04","0.00"
"US1FLBW0137","POMPANO BEACH 1.2 NNE, FL US","26.25213","-80.1224","5.5","2021-07-05","0.00"
"US1FLBW0137","POMPANO BEACH 1.2 NNE, FL US","26.25213","-80.1224","5.5","2021-07-06","0.42"
"US1FLBW0137","POMPANO BEACH 1.2 NNE, FL US","26.25213","-80.1224","5.5","2021-07-07","0.06"
"US1FLBW0137","POMPANO BEACH 1.2 NNE, FL US","26.25213","-80.1224","5.5","2021-07-08","0.00"
"US1FLBW0137","POMPANO BEACH 1.2 NNE, FL US","26.25213","-80.1224","5.5","2021-07-09","0.00"
"US1FLBW0137","POMPANO BEACH 1.2 NNE, FL US","26.25213","-80.1224","5.5","2021-07-10","0.00"
"US1FLBW0137","POMPANO BEACH 1.2 NNE, FL US","26.25213","-80.1224","5.5","2021-07-11","0.76"
"US1FLBW0137","POMPANO BEACH 1.2 NNE, FL US","26.25213","-80.1224","5.5","2021-07-12","0.03"
"US1FLBW0137","POMPANO BEACH 1.2 NNE, FL US","26.25213","-80.1224","5.5","2021-07-13","0.44"
"US1FLBW0137","POMPANO BEACH 1.2 NNE, FL US","26.25213","-80.1224","5.5","2021-07-14","0.34"
"US1FLBW0137","POMPANO BEACH 1.2 NNE, FL US","26.25213","-80.1224","5.5","2021-07-15","0.03"
"US1FLBW0137","POMPANO BEACH 1.2 NNE, FL US","26.25213","-80.1224","5.5","2021-07-16","0.04"
"US1FLBW0137","POMPANO BEACH 1.2 NNE, FL US","26.25213","-80.1224","5.5","2021-07-17","0.00"
"US1FLBW0137","POMPANO BEACH 1.2 NNE, FL US","26.25213","-80.1224","5.5","2021-07-18","0.00"
"US1FLBW0137","POMPANO BEACH 1.2 NNE, FL US","26.25213","-80.1224","5.5","2021-07-19","0.21"
"US1FLBW0137","POMPANO BEACH 1.2 NNE, FL US","26.25213","-80.1224","5.5","2021-07-20","0.00"
"US1FLBW0137","POMPANO BEACH 1.2 NNE, FL US","26.25213","-80.1224","5.5","2021-07-21","0.18"
"US1FLBV0123","PALM BAY 2.5 W, FL US","27.992562","-80.70071","10.7","2021-07-04","0.02"
"US1FLBV0123","PALM BAY 2.5 W, FL US","27.992562","-80.70071","10.7","2021-07-05","0.00"
"US1FLBV0123","PALM BAY 2.5 W, FL US","27.992562","-80.70071","10.7","2021-07-06","0.22"
"US1FLBV0123","PALM BAY 2.5 W, FL US","27.992562","-80.70071","10.7","2021-07-07","0.06"
"US1FLBV0123","PALM BAY 2.5 W, FL US","27.992562","-80.70071","10.7","2021-07-08","0.04"
"US1FLBV0123","PALM BAY 2.5 W, FL US","27.992562","-80.70071","10.7","2021-07-09","0.00"
"US1FLBV0123","PALM BAY 2.5 W, FL US","27.992562","-80.70071","10.7","2021-07-10","0.10"
"US1FLBV0123","PALM BAY 2.5 W, FL US","27.992562","-80.70071","10.7","2021-07-11","0.02"
"US1FLBV0123","PALM BAY 2.5 W, FL US","27.992562","-80.70071","10.7","2021-07-12","0.40"
"US1FLBV0123","PALM BAY 2.5 W, FL US","27.992562","-80.70071","10.7","2021-07-13","0.10"
"US1FLBV0123","PALM BAY 2.5 W, FL US","27.992562","-80.70071","10.7","2021-07-14","0.01"
"US1FLBV0123","PALM BAY 2.5 W, FL US","27.992562","-80.70071","10.7","2021-07-15","0.01"
"US1FLBV0123","PALM BAY 2.5 W, FL US","27.992562","-80.70071","10.7","2021-07-16","0.00"
"US1FLBV0123","PALM BAY 2.5 W, FL US","27.992562","-80.70071","10.7","2021-07-17","0.00"
"US1FLBV0123","PALM BAY 2.5 W, FL US","27.992562","-80.70071","10.7","2021-07-18","0.00"
"US1FLBV0123","PALM BAY 2.5 W, FL US","27.992562","-80.70071","10.7","2021-07-19","0.04"
"US1FLBV0123","PALM BAY 2.5 W, FL US","27.992562","-80.70071","10.7","2021-07-20","0.00"
"US1FLBV0123","PALM BAY 2.5 W, FL US","27.992562","-80.70071","10.7","2021-07-21","0.01"
"US1FLMR0032","SUMMERFIELD 3.0 NE, FL US","29.0420055389404","-81.9983062744141","28.3","2021-07-04","0.22"
"US1FLMR0032","SUMMERFIELD 3.0 NE, FL US","29.0420055389404","-81.9983062744141","28.3","2021-07-05","0.74"
"US1FLMR0032","SUMMERFIELD 3.0 NE, FL US","29.0420055389404","-81.9983062744141","28.3","2021-07-06","0.00"
"US1FLMR0032","SUMMERFIELD 3.0 NE, FL US","29.0420055389404","-81.9983062744141","28.3","2021-07-07","0.25"
"US1FLMR0032","SUMMERFIELD 3.0 NE, FL US","29.0420055389404","-81.9983062744141","28.3","2021-07-08","0.68"
"US1FLMR0032","SUMMERFIELD 3.0 NE, FL US","29.0420055389404","-81.9983062744141","28.3","2021-07-09","0.01"
"US1FLMR0032","SUMMERFIELD 3.0 NE, FL US","29.0420055389404","-81.9983062744141","28.3","2021-07-10","0.00"
"US1FLMR0032","SUMMERFIELD 3.0 NE, FL US","29.0420055389404","-81.9983062744141","28.3","2021-07-11","0.12"
"US1FLMR0032","SUMMERFIELD 3.0 NE, FL US","29.0420055389404","-81.9983062744141","28.3","2021-07-12","0.00"
"US1FLMR0032","SUMMERFIELD 3.0 NE, FL US","29.0420055389404","-81.9983062744141","28.3","2021-07-13","0.00"
"US1FLMR0032","SUMMERFIELD 3.0 NE, FL US","29.0420055389404","-81.9983062744141","28.3","2021-07-14","0.00"
"US1FLMR0032","SUMMERFIELD 3.0 NE, FL US","29.0420055389404","-81.9983062744141","28.3","2021-07-15","0.00"
"US1FLMR0032","SUMMERFIELD 3.0 NE, FL US","29.0420055389404","-81.9983062744141","28.3","2021-07-16","0.00"
"US1FLMR0032","SUMMERFIELD 3.0 NE, FL US","29.0420055389404","-81.9983062744141","28.3","2021-07-17","0.00"
"US1FLMR0032","SUMMERFIELD 3.0 NE, FL US","29.0420055389404","-81.9983062744141","28.3","2021-07-18","0.00"
"US1FLMR0032","SUMMERFIELD 3.0 NE, FL US","29.0420055389404","-81.9983062744141","28.3","2021-07-19","0.26"
"US1FLMR0032","SUMMERFIELD 3.0 NE, FL US","29.0420055389404","-81.9983062744141","28.3","2021-07-20","0.27"
"US1FLMR0032","SUMMERFIELD 3.0 NE, FL US","29.0420055389404","-81.9983062744141","28.3","2021-07-21","0.05"
"US1FLDS0003","LAKE SUZY 1.0 W, FL US","27.039043","-82.054567","7.9","2021-07-04","0.00"
"US1FLDS0003","LAKE SUZY 1.0 W, FL US","27.039043","-82.054567","7.9","2021-07-05","0.00"
"US1FLDS0003","LAKE SUZY 1.0 W, FL US","27.039043","-82.054567","7.9","2021-07-06","0.00"
"US1FLDS0003","LAKE SUZY 1.0 W, FL US","27.039043","-82.054567","7.9","2021-07-07","5.15"
"US1FLDS0003","LAKE SUZY 1.0 W, FL US","27.039043","-82.054567","7.9","2021-07-08","0.06"
"US1FLDS0003","LAKE SUZY 1.0 W, FL US","27.039043","-82.054567","7.9","2021-07-09","0.00"
"US1FLDS0003","LAKE SUZY 1.0 W, FL US","27.039043","-82.054567","7.9","2021-07-10","0.00"
"US1FLDS0003","LAKE SUZY 1.0 W, FL US","27.039043","-82.054567","7.9","2021-07-11","0.96"
"US1FLDS0003","LAKE SUZY 1.0 W, FL US","27.039043","-82.054567","7.9","2021-07-12","0.26"
"US1FLDS0003","LAKE SUZY 1.0 W, FL US","27.039043","-82.054567","7.9","2021-07-13","0.12"
"US1FLDS0003","LAKE SUZY 1.0 W, FL US","27.039043","-82.054567","7.9","2021-07-14","0.07"
"US1FLDS0003","LAKE SUZY 1.0 W, FL US","27.039043","-82.054567","7.9","2021-07-15","0.42"
"US1FLDS0003","LAKE SUZY 1.0 W, FL US","27.039043","-82.054567","7.9","2021-07-16","0.00"
"US1FLDS0003","LAKE SUZY 1.0 W, FL US","27.039043","-82.054567","7.9","2021-07-17","0.24"
"US1FLDS0003","LAKE SUZY 1.0 W, FL US","27.039043","-82.054567","7.9","2021-07-18","0.20"
"US1FLDS0003","LAKE SUZY 1.0 W, FL US","27.039043","-82.054567","7.9","2021-07-19","0.02"
"US1FLDS0003","LAKE SUZY 1.0 W, FL US","27.039043","-82.054567","7.9","2021-07-20","0.00"
"US1FLDS0003","LAKE SUZY 1.0 W, FL US","27.039043","-82.054567","7.9","2021-07-21","0.00"
"US1FLSM0039","LONGWOOD 2.8 NW, FL US","28.7281043","-81.383329","20.1","2021-07-04","1.12"
"US1FLSM0039","LONGWOOD 2.8 NW, FL US","28.7281043","-81.383329","20.1","2021-07-05","0.07"
"US1FLSM0039","LONGWOOD 2.8 NW, FL US","28.7281043","-81.383329","20.1","2021-07-06","0.71"
"US1FLSM0039","LONGWOOD 2.8 NW, FL US","28.7281043","-81.383329","20.1","2021-07-07","0.96"
"US1FLSM0039","LONGWOOD 2.8 NW, FL US","28.7281043","-81.383329","20.1","2021-07-08","0.16"
"US1FLSM0039","LONGWOOD 2.8 NW, FL US","28.7281043","-81.383329","20.1","2021-07-09","0.60"
"US1FLSM0039","LONGWOOD 2.8 NW, FL US","28.7281043","-81.383329","20.1","2021-07-10","0.00"
"US1FLSM0039","LONGWOOD 2.8 NW, FL US","28.7281043","-81.383329","20.1","2021-07-11","0.30"
"US1FLSM0039","LONGWOOD 2.8 NW, FL US","28.7281043","-81.383329","20.1","2021-07-12","0.27"
"US1FLSM0039","LONGWOOD 2.8 NW, FL US","28.7281043","-81.383329","20.1","2021-07-13","0.11"
"US1FLSM0039","LONGWOOD 2.8 NW, FL US","28.7281043","-81.383329","20.1","2021-07-14","0.34"
"US1FLSM0039","LONGWOOD 2.8 NW, FL US","28.7281043","-81.383329","20.1","2021-07-15","0.03"
"US1FLSM0039","LONGWOOD 2.8 NW, FL US","28.7281043","-81.383329","20.1","2021-07-16","0.13"
"US1FLSM0039","LONGWOOD 2.8 NW, FL US","28.7281043","-81.383329","20.1","2021-07-17","0.00"
"US1FLSM0039","LONGWOOD 2.8 NW, FL US","28.7281043","-81.383329","20.1","2021-07-18","0.00"
"US1FLSM0039","LONGWOOD 2.8 NW, FL US","28.7281043","-81.383329","20.1","2021-07-19","0.86"
"US1FLSM0039","LONGWOOD 2.8 NW, FL US","28.7281043","-81.383329","20.1","2021-07-20","0.16"
"US1FLSM0039","LONGWOOD 2.8 NW, FL US","28.7281043","-81.383329","20.1","2021-07-21","3.72"
"US1FLWK0015","CRAWFORDVILLE 4.8 N, FL US","30.263772","-84.366458","12.8","2021-07-04","0.02"
"US1FLWK0015","CRAWFORDVILLE 4.8 N, FL US","30.263772","-84.366458","12.8","2021-07-05","0.00"
"US1FLWK0015","CRAWFORDVILLE 4.8 N, FL US","30.263772","-84.366458","12.8","2021-07-06","0.65"
"US1FLWK0015","CRAWFORDVILLE 4.8 N, FL US","30.263772","-84.366458","12.8","2021-07-07","0.26"
"US1FLWK0015","CRAWFORDVILLE 4.8 N, FL US","30.263772","-84.366458","12.8","2021-07-08","0.04"
"US1FLWK0015","CRAWFORDVILLE 4.8 N, FL US","30.263772","-84.366458","12.8","2021-07-09","0.00"
"US1FLWK0015","CRAWFORDVILLE 4.8 N, FL US","30.263772","-84.366458","12.8","2021-07-10","1.23"
"US1FLWK0015","CRAWFORDVILLE 4.8 N, FL US","30.263772","-84.366458","12.8","2021-07-11","0.00"
"US1FLWK0015","CRAWFORDVILLE 4.8 N, FL US","30.263772","-84.366458","12.8","2021-07-12","0.00"
"US1FLWK0015","CRAWFORDVILLE 4.8 N, FL US","30.263772","-84.366458","12.8","2021-07-13","0.30"
"US1FLWK0015","CRAWFORDVILLE 4.8 N, FL US","30.263772","-84.366458","12.8","2021-07-14","0.00"
"US1FLWK0015","CRAWFORDVILLE 4.8 N, FL US","30.263772","-84.366458","12.8","2021-07-15","0.35"
"US1FLWK0015","CRAWFORDVILLE 4.8 N, FL US","30.263772","-84.366458","12.8","2021-07-16","0.00"
"US1FLWK0015","CRAWFORDVILLE 4.8 N, FL US","30.263772","-84.366458","12.8","2021-07-17","0.00"
"US1FLWK0015","CRAWFORDVILLE 4.8 N, FL US","30.263772","-84.366458","12.8","2021-07-18","0.00"
"US1FLWK0015","CRAWFORDVILLE 4.8 N, FL US","30.263772","-84.366458","12.8","2021-07-20",
"US1FLWK0015","CRAWFORDVILLE 4.8 N, FL US","30.263772","-84.366458","12.8","2021-07-21","0.18"
"US1FLSM0038","WINTER SPRINGS 1.8 SSE, FL US","28.658182","-81.262409","21.0","2021-07-04","0.29"
"US1FLSM0038","WINTER SPRINGS 1.8 SSE, FL US","28.658182","-81.262409","21.0","2021-07-05","0.01"
"US1FLSM0038","WINTER SPRINGS 1.8 SSE, FL US","28.658182","-81.262409","21.0","2021-07-06","0.86"
"US1FLSM0038","WINTER SPRINGS 1.8 SSE, FL US","28.658182","-81.262409","21.0","2021-07-07","0.70"
"US1FLSM0038","WINTER SPRINGS 1.8 SSE, FL US","28.658182","-81.262409","21.0","2021-07-08","0.01"
"US1FLSM0038","WINTER SPRINGS 1.8 SSE, FL US","28.658182","-81.262409","21.0","2021-07-09","0.37"
"US1FLSM0038","WINTER SPRINGS 1.8 SSE, FL US","28.658182","-81.262409","21.0","2021-07-10","0.00"
"US1FLSM0038","WINTER SPRINGS 1.8 SSE, FL US","28.658182","-81.262409","21.0","2021-07-11","0.21"
"US1FLSM0038","WINTER SPRINGS 1.8 SSE, FL US","28.658182","-81.262409","21.0","2021-07-12","0.18"
"US1FLSM0038","WINTER SPRINGS 1.8 SSE, FL US","28.658182","-81.262409","21.0","2021-07-13","0.62"
"US1FLSM0038","WINTER SPRINGS 1.8 SSE, FL US","28.658182","-81.262409","21.0","2021-07-14","0.03"
"US1FLSM0038","WINTER SPRINGS 1.8 SSE, FL US","28.658182","-81.262409","21.0","2021-07-15","0.38"
"US1FLSM0038","WINTER SPRINGS 1.8 SSE, FL US","28.658182","-81.262409","21.0","2021-07-16","0.01"
"US1FLSM0038","WINTER SPRINGS 1.8 SSE, FL US","28.658182","-81.262409","21.0","2021-07-17","0.00"
"US1FLSM0038","WINTER SPRINGS 1.8 SSE, FL US","28.658182","-81.262409","21.0","2021-07-18","0.01"
"US1FLSM0038","WINTER SPRINGS 1.8 SSE, FL US","28.658182","-81.262409","21.0","2021-07-19","0.90"
"US1FLSM0038","WINTER SPRINGS 1.8 SSE, FL US","28.658182","-81.262409","21.0","2021-07-20","0.05"
"US1FLSM0038","WINTER SPRINGS 1.8 SSE, FL US","28.658182","-81.262409","21.0","2021-07-21","3.94"
"US1FLMR0036","OCALA 14.3 S, FL US","28.976","-82.1746","24.4","2021-07-04","1.00"
"US1FLMR0036","OCALA 14.3 S, FL US","28.976","-82.1746","24.4","2021-07-05","0.29"
"US1FLMR0036","OCALA 14.3 S, FL US","28.976","-82.1746","24.4","2021-07-06","0.05"
"US1FLMR0036","OCALA 14.3 S, FL US","28.976","-82.1746","24.4","2021-07-07","0.90"
"US1FLMR0036","OCALA 14.3 S, FL US","28.976","-82.1746","24.4","2021-07-08","1.65"
"US1FLMR0036","OCALA 14.3 S, FL US","28.976","-82.1746","24.4","2021-07-09","0.03"
"US1FLMR0036","OCALA 14.3 S, FL US","28.976","-82.1746","24.4","2021-07-10","0.00"
"US1FLMR0036","OCALA 14.3 S, FL US","28.976","-82.1746","24.4","2021-07-11","0.20"
"US1FLMR0036","OCALA 14.3 S, FL US","28.976","-82.1746","24.4","2021-07-12","0.00"
"US1FLMR0036","OCALA 14.3 S, FL US","28.976","-82.1746","24.4","2021-07-13","0.24"
"US1FLMR0036","OCALA 14.3 S, FL US","28.976","-82.1746","24.4","2021-07-14","0.00"
"US1FLMR0036","OCALA 14.3 S, FL US","28.976","-82.1746","24.4","2021-07-15","0.00"
"US1FLMR0036","OCALA 14.3 S, FL US","28.976","-82.1746","24.4","2021-07-16","0.00"
"US1FLMR0036","OCALA 14.3 S, FL US","28.976","-82.1746","24.4","2021-07-17","0.00"
"US1FLMR0036","OCALA 14.3 S, FL US","28.976","-82.1746","24.4","2021-07-18","0.00"
"US1FLMR0036","OCALA 14.3 S, FL US","28.976","-82.1746","24.4","2021-07-19","0.02"
"US1FLMR0036","OCALA 14.3 S, FL US","28.976","-82.1746","24.4","2021-07-20","2.00"
"US1FLMR0036","OCALA 14.3 S, FL US","28.976","-82.1746","24.4","2021-07-21","0.00"
"US1FLBV0117","SHARPES 3.8 ENE, FL US","28.449279","-80.697725","0.6","2021-07-04","0.20"
"US1FLBV0117","SHARPES 3.8 ENE, FL US","28.449279","-80.697725","0.6","2021-07-05","0.72"
"US1FLBV0117","SHARPES 3.8 ENE, FL US","28.449279","-80.697725","0.6","2021-07-07","0.00"
"US1FLBV0117","SHARPES 3.8 ENE, FL US","28.449279","-80.697725","0.6","2021-07-08","0.20"
"US1FLBV0117","SHARPES 3.8 ENE, FL US","28.449279","-80.697725","0.6","2021-07-09","0.78"
"US1FLBV0117","SHARPES 3.8 ENE, FL US","28.449279","-80.697725","0.6","2021-07-10","0.21"
"US1FLBV0117","SHARPES 3.8 ENE, FL US","28.449279","-80.697725","0.6","2021-07-11","0.55"
"US1FLBV0117","SHARPES 3.8 ENE, FL US","28.449279","-80.697725","0.6","2021-07-13","0.30"
"US1FLBV0117","SHARPES 3.8 ENE, FL US","28.449279","-80.697725","0.6","2021-07-15","0.06"
"US1FLBV0117","SHARPES 3.8 ENE, FL US","28.449279","-80.697725","0.6","2021-07-20","0.02"
"US1FLBV0117","SHARPES 3.8 ENE, FL US","28.449279","-80.697725","0.6","2021-07-21","0.07"
"US1FLBV0118","GRANT 1.5 S, FL US","27.9075","-80.5242","7.0","2021-07-04","0.07"
"US1FLBV0118","GRANT 1.5 S, FL US","27.9075","-80.5242","7.0","2021-07-05","0.89"
"US1FLBV0118","GRANT 1.5 S, FL US","27.9075","-80.5242","7.0","2021-07-06","0.33"
"US1FLBV0118","GRANT 1.5 S, FL US","27.9075","-80.5242","7.0","2021-07-07","0.01"
"US1FLBV0118","GRANT 1.5 S, FL US","27.9075","-80.5242","7.0","2021-07-08","0.03"
"US1FLBV0118","GRANT 1.5 S, FL US","27.9075","-80.5242","7.0","2021-07-09","0.70"
"US1FLBV0118","GRANT 1.5 S, FL US","27.9075","-80.5242","7.0","2021-07-10","0.02"
"US1FLBV0118","GRANT 1.5 S, FL US","27.9075","-80.5242","7.0","2021-07-11","0.11"
"US1FLBV0118","GRANT 1.5 S, FL US","27.9075","-80.5242","7.0","2021-07-12","0.00"
"US1FLBV0118","GRANT 1.5 S, FL US","27.9075","-80.5242","7.0","2021-07-13","0.08"
"US1FLBV0118","GRANT 1.5 S, FL US","27.9075","-80.5242","7.0","2021-07-14","0.00"
"US1FLBV0118","GRANT 1.5 S, FL US","27.9075","-80.5242","7.0","2021-07-15","0.00"
"US1FLBV0118","GRANT 1.5 S, FL US","27.9075","-80.5242","7.0","2021-07-16","0.01"
"US1FLBV0118","GRANT 1.5 S, FL US","27.9075","-80.5242","7.0","2021-07-17","0.00"
"US1FLBV0118","GRANT 1.5 S, FL US","27.9075","-80.5242","7.0","2021-07-18","0.00"
"US1FLBV0118","GRANT 1.5 S, FL US","27.9075","-80.5242","7.0","2021-07-19","0.00"
"US1FLBV0118","GRANT 1.5 S, FL US","27.9075","-80.5242","7.0","2021-07-20","0.00"
"US1FLBV0118","GRANT 1.5 S, FL US","27.9075","-80.5242","7.0","2021-07-21","0.00"
"US1FLDV0091","JACKSONVILLE 10.6 NNW, FL US","30.483907","-81.701631","10.7","2021-07-04","0.47"
"US1FLDV0091","JACKSONVILLE 10.6 NNW, FL US","30.483907","-81.701631","10.7","2021-07-05","0.51"
"US1FLDV0091","JACKSONVILLE 10.6 NNW, FL US","30.483907","-81.701631","10.7","2021-07-06","0.15"
"US1FLDV0091","JACKSONVILLE 10.6 NNW, FL US","30.483907","-81.701631","10.7","2021-07-07","2.62"
"US1FLDV0091","JACKSONVILLE 10.6 NNW, FL US","30.483907","-81.701631","10.7","2021-07-08","0.00"
"US1FLDV0091","JACKSONVILLE 10.6 NNW, FL US","30.483907","-81.701631","10.7","2021-07-09","0.00"
"US1FLDV0091","JACKSONVILLE 10.6 NNW, FL US","30.483907","-81.701631","10.7","2021-07-10","0.00"
"US1FLDV0091","JACKSONVILLE 10.6 NNW, FL US","30.483907","-81.701631","10.7","2021-07-11","0.15"
"US1FLDV0091","JACKSONVILLE 10.6 NNW, FL US","30.483907","-81.701631","10.7","2021-07-12","0.30"
"US1FLDV0091","JACKSONVILLE 10.6 NNW, FL US","30.483907","-81.701631","10.7","2021-07-13","0.00"
"US1FLDV0091","JACKSONVILLE 10.6 NNW, FL US","30.483907","-81.701631","10.7","2021-07-14","0.00"
"US1FLDV0091","JACKSONVILLE 10.6 NNW, FL US","30.483907","-81.701631","10.7","2021-07-15","0.00"
"US1FLDV0091","JACKSONVILLE 10.6 NNW, FL US","30.483907","-81.701631","10.7","2021-07-16","0.00"
"US1FLDV0091","JACKSONVILLE 10.6 NNW, FL US","30.483907","-81.701631","10.7","2021-07-17","0.00"
"US1FLDV0091","JACKSONVILLE 10.6 NNW, FL US","30.483907","-81.701631","10.7","2021-07-18","0.04"
"US1FLDV0091","JACKSONVILLE 10.6 NNW, FL US","30.483907","-81.701631","10.7","2021-07-19","3.01"
"US1FLDV0091","JACKSONVILLE 10.6 NNW, FL US","30.483907","-81.701631","10.7","2021-07-20","0.00"
"US1FLDV0091","JACKSONVILLE 10.6 NNW, FL US","30.483907","-81.701631","10.7","2021-07-21","0.24"
"US1FLBV0113","SATELLITE BEACH 0.8 SE, FL US","28.1668","-80.5912","2.1","2021-07-04","0.01"
"US1FLBV0113","SATELLITE BEACH 0.8 SE, FL US","28.1668","-80.5912","2.1","2021-07-05","1.49"
"US1FLBV0113","SATELLITE BEACH 0.8 SE, FL US","28.1668","-80.5912","2.1","2021-07-06","0.20"
"US1FLBV0113","SATELLITE BEACH 0.8 SE, FL US","28.1668","-80.5912","2.1","2021-07-07","0.12"
"US1FLBV0113","SATELLITE BEACH 0.8 SE, FL US","28.1668","-80.5912","2.1","2021-07-08","0.05"
"US1FLBV0113","SATELLITE BEACH 0.8 SE, FL US","28.1668","-80.5912","2.1","2021-07-09","0.00"
"US1FLBV0113","SATELLITE BEACH 0.8 SE, FL US","28.1668","-80.5912","2.1","2021-07-10","0.40"
"US1FLBV0113","SATELLITE BEACH 0.8 SE, FL US","28.1668","-80.5912","2.1","2021-07-11","0.01"
"US1FLBV0113","SATELLITE BEACH 0.8 SE, FL US","28.1668","-80.5912","2.1","2021-07-12","0.00"
"US1FLBV0113","SATELLITE BEACH 0.8 SE, FL US","28.1668","-80.5912","2.1","2021-07-13","0.08"
"US1FLBV0113","SATELLITE BEACH 0.8 SE, FL US","28.1668","-80.5912","2.1","2021-07-14","0.06"
"US1FLBV0113","SATELLITE BEACH 0.8 SE, FL US","28.1668","-80.5912","2.1","2021-07-15","0.00"
"US1FLBV0113","SATELLITE BEACH 0.8 SE, FL US","28.1668","-80.5912","2.1","2021-07-16","0.00"
"US1FLBV0113","SATELLITE BEACH 0.8 SE, FL US","28.1668","-80.5912","2.1","2021-07-17","0.00"
"US1FLBV0113","SATELLITE BEACH 0.8 SE, FL US","28.1668","-80.5912","2.1","2021-07-18","0.00"
"US1FLBV0113","SATELLITE BEACH 0.8 SE, FL US","28.1668","-80.5912","2.1","2021-07-19","0.00"
"US1FLBV0113","SATELLITE BEACH 0.8 SE, FL US","28.1668","-80.5912","2.1","2021-07-20","0.00"
"US1FLBV0113","SATELLITE BEACH 0.8 SE, FL US","28.1668","-80.5912","2.1","2021-07-21","0.14"
"US1FLDV0094","JACKSONVILLE 4.1 SW, FL US","30.2991","-81.7126","7.6","2021-07-04","0.00"
"US1FLDV0094","JACKSONVILLE 4.1 SW, FL US","30.2991","-81.7126","7.6","2021-07-05","1.30"
"US1FLDV0094","JACKSONVILLE 4.1 SW, FL US","30.2991","-81.7126","7.6","2021-07-06","0.87"
"US1FLDV0094","JACKSONVILLE 4.1 SW, FL US","30.2991","-81.7126","7.6","2021-07-07","0.01"
"US1FLDV0094","JACKSONVILLE 4.1 SW, FL US","30.2991","-81.7126","7.6","2021-07-08","2.54"
"US1FLDV0094","JACKSONVILLE 4.1 SW, FL US","30.2991","-81.7126","7.6","2021-07-09","0.04"
"US1FLDV0094","JACKSONVILLE 4.1 SW, FL US","30.2991","-81.7126","7.6","2021-07-10","0.01"
"US1FLDV0094","JACKSONVILLE 4.1 SW, FL US","30.2991","-81.7126","7.6","2021-07-11","0.00"
"US1FLDV0094","JACKSONVILLE 4.1 SW, FL US","30.2991","-81.7126","7.6","2021-07-12","0.41"
"US1FLDV0094","JACKSONVILLE 4.1 SW, FL US","30.2991","-81.7126","7.6","2021-07-13","0.01"
"US1FLDV0094","JACKSONVILLE 4.1 SW, FL US","30.2991","-81.7126","7.6","2021-07-14","0.15"
"US1FLDV0094","JACKSONVILLE 4.1 SW, FL US","30.2991","-81.7126","7.6","2021-07-15","0.01"
"US1FLDV0094","JACKSONVILLE 4.1 SW, FL US","30.2991","-81.7126","7.6","2021-07-16","0.00"
"US1FLDV0094","JACKSONVILLE 4.1 SW, FL US","30.2991","-81.7126","7.6","2021-07-17","0.00"
"US1FLDV0094","JACKSONVILLE 4.1 SW, FL US","30.2991","-81.7126","7.6","2021-07-18","0.00"
"US1FLDV0094","JACKSONVILLE 4.1 SW, FL US","30.2991","-81.7126","7.6","2021-07-19","0.01"
"US1FLDV0094","JACKSONVILLE 4.1 SW, FL US","30.2991","-81.7126","7.6","2021-07-20","0.60"
"US1FLDV0094","JACKSONVILLE 4.1 SW, FL US","30.2991","-81.7126","7.6","2021-07-21","0.00"
"US1FLBV0114","PALM BAY 4.8 ENE, FL US","28.015158","-80.589071","6.1","2021-07-04","0.17"
"US1FLBV0114","PALM BAY 4.8 ENE, FL US","28.015158","-80.589071","6.1","2021-07-05","0.52"
"US1FLBV0114","PALM BAY 4.8 ENE, FL US","28.015158","-80.589071","6.1","2021-07-06","0.21"
"US1FLBV0114","PALM BAY 4.8 ENE, FL US","28.015158","-80.589071","6.1","2021-07-07","0.00"
"US1FLBV0114","PALM BAY 4.8 ENE, FL US","28.015158","-80.589071","6.1","2021-07-08","0.04"
"US1FLBV0114","PALM BAY 4.8 ENE, FL US","28.015158","-80.589071","6.1","2021-07-09","1.82"
"US1FLBV0114","PALM BAY 4.8 ENE, FL US","28.015158","-80.589071","6.1","2021-07-10","0.08"
"US1FLBV0114","PALM BAY 4.8 ENE, FL US","28.015158","-80.589071","6.1","2021-07-11","0.16"
"US1FLBV0114","PALM BAY 4.8 ENE, FL US","28.015158","-80.589071","6.1","2021-07-12","0.02"
"US1FLBV0114","PALM BAY 4.8 ENE, FL US","28.015158","-80.589071","6.1","2021-07-13","0.13"
"US1FLBV0114","PALM BAY 4.8 ENE, FL US","28.015158","-80.589071","6.1","2021-07-14","0.01"
"US1FLBV0114","PALM BAY 4.8 ENE, FL US","28.015158","-80.589071","6.1","2021-07-15","0.02"
"US1FLBV0114","PALM BAY 4.8 ENE, FL US","28.015158","-80.589071","6.1","2021-07-16","0.12"
"US1FLBV0114","PALM BAY 4.8 ENE, FL US","28.015158","-80.589071","6.1","2021-07-17","0.00"
"US1FLBV0114","PALM BAY 4.8 ENE, FL US","28.015158","-80.589071","6.1","2021-07-18","0.00"
"US1FLBV0114","PALM BAY 4.8 ENE, FL US","28.015158","-80.589071","6.1","2021-07-19","0.00"
"US1FLBV0114","PALM BAY 4.8 ENE, FL US","28.015158","-80.589071","6.1","2021-07-20","0.00"
"US1FLBV0114","PALM BAY 4.8 ENE, FL US","28.015158","-80.589071","6.1","2021-07-21","0.00"
"US1FLSM0030","WINTER SPRINGS 2.3 E, FL US","28.67596","-81.23704","17.4","2021-07-04","0.40"
"US1FLSM0030","WINTER SPRINGS 2.3 E, FL US","28.67596","-81.23704","17.4","2021-07-05","0.01"
"US1FLSM0030","WINTER SPRINGS 2.3 E, FL US","28.67596","-81.23704","17.4","2021-07-06","0.30"
"US1FLSM0030","WINTER SPRINGS 2.3 E, FL US","28.67596","-81.23704","17.4","2021-07-07","0.64"
"US1FLSM0030","WINTER SPRINGS 2.3 E, FL US","28.67596","-81.23704","17.4","2021-07-08","0.01"
"US1FLSM0030","WINTER SPRINGS 2.3 E, FL US","28.67596","-81.23704","17.4","2021-07-09","0.39"
"US1FLSM0030","WINTER SPRINGS 2.3 E, FL US","28.67596","-81.23704","17.4","2021-07-10","0.02"
"US1FLSM0030","WINTER SPRINGS 2.3 E, FL US","28.67596","-81.23704","17.4","2021-07-11","0.05"
"US1FLSM0030","WINTER SPRINGS 2.3 E, FL US","28.67596","-81.23704","17.4","2021-07-12","0.73"
"US1FLSM0030","WINTER SPRINGS 2.3 E, FL US","28.67596","-81.23704","17.4","2021-07-13","0.67"
"US1FLSM0030","WINTER SPRINGS 2.3 E, FL US","28.67596","-81.23704","17.4","2021-07-14","0.03"
"US1FLSM0030","WINTER SPRINGS 2.3 E, FL US","28.67596","-81.23704","17.4","2021-07-15","0.23"
"US1FLSM0030","WINTER SPRINGS 2.3 E, FL US","28.67596","-81.23704","17.4","2021-07-16","0.00"
"US1FLSM0030","WINTER SPRINGS 2.3 E, FL US","28.67596","-81.23704","17.4","2021-07-17","0.00"
"US1FLSM0030","WINTER SPRINGS 2.3 E, FL US","28.67596","-81.23704","17.4","2021-07-18","0.01"
"US1FLSM0030","WINTER SPRINGS 2.3 E, FL US","28.67596","-81.23704","17.4","2021-07-19","0.21"
"US1FLSM0030","WINTER SPRINGS 2.3 E, FL US","28.67596","-81.23704","17.4","2021-07-20","0.16"
"US1FLSM0030","WINTER SPRINGS 2.3 E, FL US","28.67596","-81.23704","17.4","2021-07-21","2.95"
"US1FLDV0098","FRUIT COVE 5.9 E, FL US","30.1148","-81.5205","6.4","2021-07-04","0.01"
"US1FLDV0098","FRUIT COVE 5.9 E, FL US","30.1148","-81.5205","6.4","2021-07-05","0.01"
"US1FLDV0098","FRUIT COVE 5.9 E, FL US","30.1148","-81.5205","6.4","2021-07-06","0.00"
"US1FLDV0098","FRUIT COVE 5.9 E, FL US","30.1148","-81.5205","6.4","2021-07-07","0.03"
"US1FLDV0098","FRUIT COVE 5.9 E, FL US","30.1148","-81.5205","6.4","2021-07-08","1.38"
"US1FLDV0098","FRUIT COVE 5.9 E, FL US","30.1148","-81.5205","6.4","2021-07-09","0.02"
"US1FLDV0098","FRUIT COVE 5.9 E, FL US","30.1148","-81.5205","6.4","2021-07-10","0.06"
"US1FLDV0098","FRUIT COVE 5.9 E, FL US","30.1148","-81.5205","6.4","2021-07-11","0.00"
"US1FLDV0098","FRUIT COVE 5.9 E, FL US","30.1148","-81.5205","6.4","2021-07-12","0.49"
"US1FLDV0098","FRUIT COVE 5.9 E, FL US","30.1148","-81.5205","6.4","2021-07-13","0.37"
"US1FLDV0098","FRUIT COVE 5.9 E, FL US","30.1148","-81.5205","6.4","2021-07-14","0.00"
"US1FLDV0098","FRUIT COVE 5.9 E, FL US","30.1148","-81.5205","6.4","2021-07-15","0.00"
"US1FLDV0098","FRUIT COVE 5.9 E, FL US","30.1148","-81.5205","6.4","2021-07-16","0.00"
"US1FLDV0098","FRUIT COVE 5.9 E, FL US","30.1148","-81.5205","6.4","2021-07-17","0.00"
"US1FLDV0098","FRUIT COVE 5.9 E, FL US","30.1148","-81.5205","6.4","2021-07-18","0.00"
"US1FLDV0098","FRUIT COVE 5.9 E, FL US","30.1148","-81.5205","6.4","2021-07-19","0.00"
"US1FLDV0098","FRUIT COVE 5.9 E, FL US","30.1148","-81.5205","6.4","2021-07-20","0.03"
"US1FLDV0098","FRUIT COVE 5.9 E, FL US","30.1148","-81.5205","6.4","2021-07-21","0.00"
"US1FLSM0035","CASSELBERRY 2.3 ESE, FL US","28.654789","-81.286486","26.2","2021-07-04","0.33"
"US1FLSM0035","CASSELBERRY 2.3 ESE, FL US","28.654789","-81.286486","26.2","2021-07-05","0.00"
"US1FLSM0035","CASSELBERRY 2.3 ESE, FL US","28.654789","-81.286486","26.2","2021-07-07","0.70"
"US1FLSM0035","CASSELBERRY 2.3 ESE, FL US","28.654789","-81.286486","26.2","2021-07-08","0.07"
"US1FLSM0035","CASSELBERRY 2.3 ESE, FL US","28.654789","-81.286486","26.2","2021-07-09","0.49"
"US1FLSM0035","CASSELBERRY 2.3 ESE, FL US","28.654789","-81.286486","26.2","2021-07-10","0.00"
"US1FLSM0035","CASSELBERRY 2.3 ESE, FL US","28.654789","-81.286486","26.2","2021-07-11","0.00"
"US1FLSM0035","CASSELBERRY 2.3 ESE, FL US","28.654789","-81.286486","26.2","2021-07-12","0.39"
"US1FLSM0035","CASSELBERRY 2.3 ESE, FL US","28.654789","-81.286486","26.2","2021-07-13","1.54"
"US1FLSM0035","CASSELBERRY 2.3 ESE, FL US","28.654789","-81.286486","26.2","2021-07-15","0.38"
"US1FLSM0035","CASSELBERRY 2.3 ESE, FL US","28.654789","-81.286486","26.2","2021-07-16","0.00"
"US1FLSM0035","CASSELBERRY 2.3 ESE, FL US","28.654789","-81.286486","26.2","2021-07-17","0.00"
"US1FLSM0035","CASSELBERRY 2.3 ESE, FL US","28.654789","-81.286486","26.2","2021-07-18","0.16"
"US1FLSM0035","CASSELBERRY 2.3 ESE, FL US","28.654789","-81.286486","26.2","2021-07-21",
"US1FLSM0034","OVIEDO 2.1 N, FL US","28.688583","-81.182764","11.9","2021-07-04","0.53"
"US1FLSM0034","OVIEDO 2.1 N, FL US","28.688583","-81.182764","11.9","2021-07-05","0.02"
"US1FLSM0034","OVIEDO 2.1 N, FL US","28.688583","-81.182764","11.9","2021-07-06","0.04"
"US1FLSM0034","OVIEDO 2.1 N, FL US","28.688583","-81.182764","11.9","2021-07-07","0.74"
"US1FLSM0034","OVIEDO 2.1 N, FL US","28.688583","-81.182764","11.9","2021-07-08","0.23"
"US1FLSM0034","OVIEDO 2.1 N, FL US","28.688583","-81.182764","11.9","2021-07-09","0.81"
"US1FLSM0034","OVIEDO 2.1 N, FL US","28.688583","-81.182764","11.9","2021-07-10","0.06"
"US1FLSM0034","OVIEDO 2.1 N, FL US","28.688583","-81.182764","11.9","2021-07-11","0.08"
"US1FLSM0034","OVIEDO 2.1 N, FL US","28.688583","-81.182764","11.9","2021-07-12","0.02"
"US1FLSM0034","OVIEDO 2.1 N, FL US","28.688583","-81.182764","11.9","2021-07-13","0.30"
"US1FLSM0034","OVIEDO 2.1 N, FL US","28.688583","-81.182764","11.9","2021-07-14","0.06"
"US1FLSM0034","OVIEDO 2.1 N, FL US","28.688583","-81.182764","11.9","2021-07-15","0.07"
"US1FLSM0034","OVIEDO 2.1 N, FL US","28.688583","-81.182764","11.9","2021-07-16","0.01"
"US1FLSM0034","OVIEDO 2.1 N, FL US","28.688583","-81.182764","11.9","2021-07-17","0.00"
"US1FLSM0034","OVIEDO 2.1 N, FL US","28.688583","-81.182764","11.9","2021-07-18","0.02"
"US1FLSM0034","OVIEDO 2.1 N, FL US","28.688583","-81.182764","11.9","2021-07-19","0.00"
"US1FLSM0034","OVIEDO 2.1 N, FL US","28.688583","-81.182764","11.9","2021-07-20","0.36"
"US1FLSM0034","OVIEDO 2.1 N, FL US","28.688583","-81.182764","11.9","2021-07-21","3.63"
"US1FLHD0003","BOWLING GREEN 0.6 W, FL US","27.636864","-81.833733","28.7","2021-07-04","1.55"
"US1FLHD0003","BOWLING GREEN 0.6 W, FL US","27.636864","-81.833733","28.7","2021-07-05","0.00"
"US1FLHD0003","BOWLING GREEN 0.6 W, FL US","27.636864","-81.833733","28.7","2021-07-06","0.00"
"US1FLHD0003","BOWLING GREEN 0.6 W, FL US","27.636864","-81.833733","28.7","2021-07-07","4.62"
"US1FLHD0003","BOWLING GREEN 0.6 W, FL US","27.636864","-81.833733","28.7","2021-07-08","0.01"
"US1FLHD0003","BOWLING GREEN 0.6 W, FL US","27.636864","-81.833733","28.7","2021-07-09","0.05"
"US1FLHD0003","BOWLING GREEN 0.6 W, FL US","27.636864","-81.833733","28.7","2021-07-11","0.13"
"US1FLHD0003","BOWLING GREEN 0.6 W, FL US","27.636864","-81.833733","28.7","2021-07-12","1.59"
"US1FLHD0003","BOWLING GREEN 0.6 W, FL US","27.636864","-81.833733","28.7","2021-07-13","0.18"
"US1FLHD0003","BOWLING GREEN 0.6 W, FL US","27.636864","-81.833733","28.7","2021-07-14","0.38"
"US1FLHD0003","BOWLING GREEN 0.6 W, FL US","27.636864","-81.833733","28.7","2021-07-16","0.03"
"US1FLHD0003","BOWLING GREEN 0.6 W, FL US","27.636864","-81.833733","28.7","2021-07-17","0.04"
"US1FLHD0003","BOWLING GREEN 0.6 W, FL US","27.636864","-81.833733","28.7","2021-07-18","0.10"
"US1FLHD0003","BOWLING GREEN 0.6 W, FL US","27.636864","-81.833733","28.7","2021-07-19","0.43"
"US1FLHD0003","BOWLING GREEN 0.6 W, FL US","27.636864","-81.833733","28.7","2021-07-20","0.47"
"US1FLHD0003","BOWLING GREEN 0.6 W, FL US","27.636864","-81.833733","28.7","2021-07-21","0.03"
"US1FLSM0037","CHULUOTA 0.6 WSW, FL US","28.63756","-81.12926","19.5","2021-07-04","0.37"
"US1FLSM0037","CHULUOTA 0.6 WSW, FL US","28.63756","-81.12926","19.5","2021-07-05","0.17"
"US1FLSM0037","CHULUOTA 0.6 WSW, FL US","28.63756","-81.12926","19.5","2021-07-06","0.02"
"US1FLSM0037","CHULUOTA 0.6 WSW, FL US","28.63756","-81.12926","19.5","2021-07-07","0.96"
"US1FLSM0037","CHULUOTA 0.6 WSW, FL US","28.63756","-81.12926","19.5","2021-07-08","0.12"
"US1FLSM0037","CHULUOTA 0.6 WSW, FL US","28.63756","-81.12926","19.5","2021-07-09","0.41"
"US1FLSM0037","CHULUOTA 0.6 WSW, FL US","28.63756","-81.12926","19.5","2021-07-10","0.21"
"US1FLSM0037","CHULUOTA 0.6 WSW, FL US","28.63756","-81.12926","19.5","2021-07-11","0.04"
"US1FLSM0037","CHULUOTA 0.6 WSW, FL US","28.63756","-81.12926","19.5","2021-07-12","0.04"
"US1FLSM0037","CHULUOTA 0.6 WSW, FL US","28.63756","-81.12926","19.5","2021-07-13","0.25"
"US1FLSM0037","CHULUOTA 0.6 WSW, FL US","28.63756","-81.12926","19.5","2021-07-14","0.10"
"US1FLSM0037","CHULUOTA 0.6 WSW, FL US","28.63756","-81.12926","19.5","2021-07-15","1.18"
"US1FLSM0037","CHULUOTA 0.6 WSW, FL US","28.63756","-81.12926","19.5","2021-07-16","0.01"
"US1FLSM0037","CHULUOTA 0.6 WSW, FL US","28.63756","-81.12926","19.5","2021-07-19","0.00"
"US1FLSM0037","CHULUOTA 0.6 WSW, FL US","28.63756","-81.12926","19.5","2021-07-20","0.11"
"US1FLSM0037","CHULUOTA 0.6 WSW, FL US","28.63756","-81.12926","19.5","2021-07-21","0.85"
"US1FLSM0036","OVIEDO 5.9 WSW, FL US","28.61716","-81.266734","21.3","2021-07-19","0.85"
"US1FLSM0036","OVIEDO 5.9 WSW, FL US","28.61716","-81.266734","21.3","2021-07-20","0.09"
"US1FLSM0036","OVIEDO 5.9 WSW, FL US","28.61716","-81.266734","21.3","2021-07-21","3.55"
"US1FLBW0148","CORAL SPRINGS 0.4 S, FL US","26.2632","-80.25925","3.0","2021-07-04","0.00"
"US1FLBW0148","CORAL SPRINGS 0.4 S, FL US","26.2632","-80.25925","3.0","2021-07-05","0.00"
"US1FLBW0148","CORAL SPRINGS 0.4 S, FL US","26.2632","-80.25925","3.0","2021-07-06","0.92"
"US1FLBW0148","CORAL SPRINGS 0.4 S, FL US","26.2632","-80.25925","3.0","2021-07-08","0.00"
"US1FLBW0148","CORAL SPRINGS 0.4 S, FL US","26.2632","-80.25925","3.0","2021-07-09","3.91"
"US1FLBW0148","CORAL SPRINGS 0.4 S, FL US","26.2632","-80.25925","3.0","2021-07-10","0.06"
"US1FLBW0148","CORAL SPRINGS 0.4 S, FL US","26.2632","-80.25925","3.0","2021-07-11","0.09"
"US1FLBW0148","CORAL SPRINGS 0.4 S, FL US","26.2632","-80.25925","3.0","2021-07-13",
"US1FLBW0148","CORAL SPRINGS 0.4 S, FL US","26.2632","-80.25925","3.0","2021-07-14","0.91"
"US1FLBW0148","CORAL SPRINGS 0.4 S, FL US","26.2632","-80.25925","3.0","2021-07-15","0.18"
"US1FLBW0148","CORAL SPRINGS 0.4 S, FL US","26.2632","-80.25925","3.0","2021-07-16","0.04"
"US1FLBW0148","CORAL SPRINGS 0.4 S, FL US","26.2632","-80.25925","3.0","2021-07-17","0.00"
"US1FLBW0148","CORAL SPRINGS 0.4 S, FL US","26.2632","-80.25925","3.0","2021-07-18","0.12"
"US1FLBW0148","CORAL SPRINGS 0.4 S, FL US","26.2632","-80.25925","3.0","2021-07-19","0.08"
"US1FLBV0111","MELBOURNE 7.7 WNW, FL US","28.145235","-80.715782","8.8","2021-07-04","0.06"
"US1FLBV0111","MELBOURNE 7.7 WNW, FL US","28.145235","-80.715782","8.8","2021-07-06",
"US1FLBV0111","MELBOURNE 7.7 WNW, FL US","28.145235","-80.715782","8.8","2021-07-07","0.02"
"US1FLBV0111","MELBOURNE 7.7 WNW, FL US","28.145235","-80.715782","8.8","2021-07-08","0.45"
"US1FLBV0111","MELBOURNE 7.7 WNW, FL US","28.145235","-80.715782","8.8","2021-07-09","0.00"
"US1FLBV0111","MELBOURNE 7.7 WNW, FL US","28.145235","-80.715782","8.8","2021-07-10","0.80"
"US1FLBV0111","MELBOURNE 7.7 WNW, FL US","28.145235","-80.715782","8.8","2021-07-11","0.00"
"US1FLBV0111","MELBOURNE 7.7 WNW, FL US","28.145235","-80.715782","8.8","2021-07-12","0.75"
"US1FLBV0111","MELBOURNE 7.7 WNW, FL US","28.145235","-80.715782","8.8","2021-07-13","0.06"
"US1FLBV0111","MELBOURNE 7.7 WNW, FL US","28.145235","-80.715782","8.8","2021-07-14","0.02"
"US1FLBV0111","MELBOURNE 7.7 WNW, FL US","28.145235","-80.715782","8.8","2021-07-16",
"US1FLBV0111","MELBOURNE 7.7 WNW, FL US","28.145235","-80.715782","8.8","2021-07-17","0.00"
"US1FLBV0111","MELBOURNE 7.7 WNW, FL US","28.145235","-80.715782","8.8","2021-07-18","0.00"
"US1FLBV0111","MELBOURNE 7.7 WNW, FL US","28.145235","-80.715782","8.8","2021-07-19","0.00"
"US1FLBV0111","MELBOURNE 7.7 WNW, FL US","28.145235","-80.715782","8.8","2021-07-20","0.00"
"US1FLBV0111","MELBOURNE 7.7 WNW, FL US","28.145235","-80.715782","8.8","2021-07-21","0.00"
"US1FLBV0110","PALM BAY 3.7 NE, FL US","28.02342","-80.617358","5.5","2021-07-04","0.10"
"US1FLBV0110","PALM BAY 3.7 NE, FL US","28.02342","-80.617358","5.5","2021-07-05","0.04"
"US1FLBV0110","PALM BAY 3.7 NE, FL US","28.02342","-80.617358","5.5","2021-07-06","0.40"
"US1FLBV0110","PALM BAY 3.7 NE, FL US","28.02342","-80.617358","5.5","2021-07-07","0.01"
"US1FLBV0110","PALM BAY 3.7 NE, FL US","28.02342","-80.617358","5.5","2021-07-08","0.05"
"US1FLBV0110","PALM BAY 3.7 NE, FL US","28.02342","-80.617358","5.5","2021-07-09","0.70"
"US1FLBV0110","PALM BAY 3.7 NE, FL US","28.02342","-80.617358","5.5","2021-07-10","0.17"
"US1FLBV0110","PALM BAY 3.7 NE, FL US","28.02342","-80.617358","5.5","2021-07-11","0.09"
"US1FLBV0110","PALM BAY 3.7 NE, FL US","28.02342","-80.617358","5.5","2021-07-12","0.34"
"US1FLBV0110","PALM BAY 3.7 NE, FL US","28.02342","-80.617358","5.5","2021-07-13","0.00"
"US1FLBV0110","PALM BAY 3.7 NE, FL US","28.02342","-80.617358","5.5","2021-07-14","0.00"
"US1FLBV0110","PALM BAY 3.7 NE, FL US","28.02342","-80.617358","5.5","2021-07-15","0.01"
"US1FLBV0110","PALM BAY 3.7 NE, FL US","28.02342","-80.617358","5.5","2021-07-16","0.04"
"US1FLBV0110","PALM BAY 3.7 NE, FL US","28.02342","-80.617358","5.5","2021-07-17","0.00"
"US1FLBV0110","PALM BAY 3.7 NE, FL US","28.02342","-80.617358","5.5","2021-07-18","0.00"
"US1FLBV0110","PALM BAY 3.7 NE, FL US","28.02342","-80.617358","5.5","2021-07-19","0.00"
"US1FLBV0110","PALM BAY 3.7 NE, FL US","28.02342","-80.617358","5.5","2021-07-20","0.00"
"US1FLBV0110","PALM BAY 3.7 NE, FL US","28.02342","-80.617358","5.5","2021-07-21","0.01"
"US1FLWK0010","CRAWFORDVILLE 1.0 S, FL US","30.17982","-84.36779","6.4","2021-07-04","1.65"
"US1FLWK0010","CRAWFORDVILLE 1.0 S, FL US","30.17982","-84.36779","6.4","2021-07-05","0.00"
"US1FLWK0010","CRAWFORDVILLE 1.0 S, FL US","30.17982","-84.36779","6.4","2021-07-06","0.00"
"US1FLWK0010","CRAWFORDVILLE 1.0 S, FL US","30.17982","-84.36779","6.4","2021-07-07","0.02"
"US1FLWK0010","CRAWFORDVILLE 1.0 S, FL US","30.17982","-84.36779","6.4","2021-07-08","0.00"
"US1FLWK0010","CRAWFORDVILLE 1.0 S, FL US","30.17982","-84.36779","6.4","2021-07-10","2.58"
"US1FLWK0010","CRAWFORDVILLE 1.0 S, FL US","30.17982","-84.36779","6.4","2021-07-11","0.22"
"US1FLWK0010","CRAWFORDVILLE 1.0 S, FL US","30.17982","-84.36779","6.4","2021-07-12","0.00"
"US1FLWK0010","CRAWFORDVILLE 1.0 S, FL US","30.17982","-84.36779","6.4","2021-07-13","0.99"
"US1FLWK0010","CRAWFORDVILLE 1.0 S, FL US","30.17982","-84.36779","6.4","2021-07-14","0.00"
"US1FLWK0010","CRAWFORDVILLE 1.0 S, FL US","30.17982","-84.36779","6.4","2021-07-15","0.18"
"US1FLWK0010","CRAWFORDVILLE 1.0 S, FL US","30.17982","-84.36779","6.4","2021-07-16","0.00"
"US1FLWK0010","CRAWFORDVILLE 1.0 S, FL US","30.17982","-84.36779","6.4","2021-07-17","0.00"
"US1FLWK0010","CRAWFORDVILLE 1.0 S, FL US","30.17982","-84.36779","6.4","2021-07-18","0.04"
"US1FLWK0010","CRAWFORDVILLE 1.0 S, FL US","30.17982","-84.36779","6.4","2021-07-19","0.03"
"US1FLWK0010","CRAWFORDVILLE 1.0 S, FL US","30.17982","-84.36779","6.4","2021-07-20","0.63"
"US1FLWK0010","CRAWFORDVILLE 1.0 S, FL US","30.17982","-84.36779","6.4","2021-07-21","0.29"
"US1FLMR0042","MICANOPY 4.6 SSE, FL US","29.4453","-82.2492","37.2","2021-07-04","0.44"
"US1FLMR0042","MICANOPY 4.6 SSE, FL US","29.4453","-82.2492","37.2","2021-07-05","1.72"
"US1FLMR0042","MICANOPY 4.6 SSE, FL US","29.4453","-82.2492","37.2","2021-07-06","0.03"
"US1FLMR0042","MICANOPY 4.6 SSE, FL US","29.4453","-82.2492","37.2","2021-07-07","1.22"
"US1FLMR0042","MICANOPY 4.6 SSE, FL US","29.4453","-82.2492","37.2","2021-07-08","3.03"
"US1FLMR0042","MICANOPY 4.6 SSE, FL US","29.4453","-82.2492","37.2","2021-07-09","0.00"
"US1FLMR0042","MICANOPY 4.6 SSE, FL US","29.4453","-82.2492","37.2","2021-07-10","0.42"
"US1FLMR0042","MICANOPY 4.6 SSE, FL US","29.4453","-82.2492","37.2","2021-07-11","0.00"
"US1FLMR0042","MICANOPY 4.6 SSE, FL US","29.4453","-82.2492","37.2","2021-07-12","0.03"
"US1FLMR0042","MICANOPY 4.6 SSE, FL US","29.4453","-82.2492","37.2","2021-07-13","0.00"
"US1FLMR0042","MICANOPY 4.6 SSE, FL US","29.4453","-82.2492","37.2","2021-07-14","0.00"
"US1FLMR0042","MICANOPY 4.6 SSE, FL US","29.4453","-82.2492","37.2","2021-07-18",
"US1FLPN0091","DUNEDIN 2.9 ESE, FL US","28.03304","-82.76224","14.0","2021-07-04","2.40"
"US1FLPN0091","DUNEDIN 2.9 ESE, FL US","28.03304","-82.76224","14.0","2021-07-05","0.00"
"US1FLPN0091","DUNEDIN 2.9 ESE, FL US","28.03304","-82.76224","14.0","2021-07-06","0.03"
"US1FLPN0091","DUNEDIN 2.9 ESE, FL US","28.03304","-82.76224","14.0","2021-07-07","3.14"
"US1FLPN0091","DUNEDIN 2.9 ESE, FL US","28.03304","-82.76224","14.0","2021-07-08","0.10"
"US1FLPN0091","DUNEDIN 2.9 ESE, FL US","28.03304","-82.76224","14.0","2021-07-09","0.08"
"US1FLPN0091","DUNEDIN 2.9 ESE, FL US","28.03304","-82.76224","14.0","2021-07-10","0.00"
"US1FLPN0091","DUNEDIN 2.9 ESE, FL US","28.03304","-82.76224","14.0","2021-07-11","0.19"
"US1FLPN0091","DUNEDIN 2.9 ESE, FL US","28.03304","-82.76224","14.0","2021-07-12","0.00"
"US1FLPN0091","DUNEDIN 2.9 ESE, FL US","28.03304","-82.76224","14.0","2021-07-13","0.16"
"US1FLPN0091","DUNEDIN 2.9 ESE, FL US","28.03304","-82.76224","14.0","2021-07-14","0.33"
"US1FLPN0091","DUNEDIN 2.9 ESE, FL US","28.03304","-82.76224","14.0","2021-07-15","0.10"
"US1FLPN0091","DUNEDIN 2.9 ESE, FL US","28.03304","-82.76224","14.0","2021-07-16","0.10"
"US1FLPN0091","DUNEDIN 2.9 ESE, FL US","28.03304","-82.76224","14.0","2021-07-17","0.46"
"US1FLPN0091","DUNEDIN 2.9 ESE, FL US","28.03304","-82.76224","14.0","2021-07-18","1.25"
"US1FLPN0091","DUNEDIN 2.9 ESE, FL US","28.03304","-82.76224","14.0","2021-07-19","0.00"
"US1FLPN0091","DUNEDIN 2.9 ESE, FL US","28.03304","-82.76224","14.0","2021-07-20","0.00"
"US1FLPN0091","DUNEDIN 2.9 ESE, FL US","28.03304","-82.76224","14.0","2021-07-21","0.00"
"US1FLPN0090","PINELLAS PARK 1.7 ENE, FL US","27.86744","-82.68151","3.7","2021-07-04","0.00"
"US1FLPN0090","PINELLAS PARK 1.7 ENE, FL US","27.86744","-82.68151","3.7","2021-07-05","0.00"
"US1FLPN0090","PINELLAS PARK 1.7 ENE, FL US","27.86744","-82.68151","3.7","2021-07-06","0.01"
"US1FLPN0090","PINELLAS PARK 1.7 ENE, FL US","27.86744","-82.68151","3.7","2021-07-07","5.50"
"US1FLPN0090","PINELLAS PARK 1.7 ENE, FL US","27.86744","-82.68151","3.7","2021-07-08","0.00"
"US1FLPN0090","PINELLAS PARK 1.7 ENE, FL US","27.86744","-82.68151","3.7","2021-07-09","0.00"
"US1FLPN0090","PINELLAS PARK 1.7 ENE, FL US","27.86744","-82.68151","3.7","2021-07-10","0.00"
"US1FLPN0090","PINELLAS PARK 1.7 ENE, FL US","27.86744","-82.68151","3.7","2021-07-11","0.00"
"US1FLPN0090","PINELLAS PARK 1.7 ENE, FL US","27.86744","-82.68151","3.7","2021-07-12","0.19"
"US1FLPN0090","PINELLAS PARK 1.7 ENE, FL US","27.86744","-82.68151","3.7","2021-07-13","0.00"
"US1FLPN0090","PINELLAS PARK 1.7 ENE, FL US","27.86744","-82.68151","3.7","2021-07-14","0.00"
"US1FLPN0090","PINELLAS PARK 1.7 ENE, FL US","27.86744","-82.68151","3.7","2021-07-15","0.00"
"US1FLPN0090","PINELLAS PARK 1.7 ENE, FL US","27.86744","-82.68151","3.7","2021-07-16","0.00"
"US1FLPN0090","PINELLAS PARK 1.7 ENE, FL US","27.86744","-82.68151","3.7","2021-07-17","0.02"
"US1FLPN0090","PINELLAS PARK 1.7 ENE, FL US","27.86744","-82.68151","3.7","2021-07-18","0.00"
"US1FLPN0090","PINELLAS PARK 1.7 ENE, FL US","27.86744","-82.68151","3.7","2021-07-19","0.00"
"US1FLPN0090","PINELLAS PARK 1.7 ENE, FL US","27.86744","-82.68151","3.7","2021-07-20","0.00"
"US1FLPN0090","PINELLAS PARK 1.7 ENE, FL US","27.86744","-82.68151","3.7","2021-07-21","0.35"
"USR0000FBLO","BLOXHAM FLORIDA, FL US","30.5872","-84.9886","30.5","2021-07-04",
"USR0000FBLO","BLOXHAM FLORIDA, FL US","30.5872","-84.9886","30.5","2021-07-05",
"USR0000FBLO","BLOXHAM FLORIDA, FL US","30.5872","-84.9886","30.5","2021-07-06",
"USR0000FBLO","BLOXHAM FLORIDA, FL US","30.5872","-84.9886","30.5","2021-07-07",
"USR0000FBLO","BLOXHAM FLORIDA, FL US","30.5872","-84.9886","30.5","2021-07-08",
"USR0000FBLO","BLOXHAM FLORIDA, FL US","30.5872","-84.9886","30.5","2021-07-09",
"USR0000FBLO","BLOXHAM FLORIDA, FL US","30.5872","-84.9886","30.5","2021-07-10",
"USR0000FBLO","BLOXHAM FLORIDA, FL US","30.5872","-84.9886","30.5","2021-07-11",
"USR0000FBLO","BLOXHAM FLORIDA, FL US","30.5872","-84.9886","30.5","2021-07-12",
"USR0000FBLO","BLOXHAM FLORIDA, FL US","30.5872","-84.9886","30.5","2021-07-13",
"USR0000FBLO","BLOXHAM FLORIDA, FL US","30.5872","-84.9886","30.5","2021-07-14",
"USR0000FBLO","BLOXHAM FLORIDA, FL US","30.5872","-84.9886","30.5","2021-07-15",
"USR0000FBLO","BLOXHAM FLORIDA, FL US","30.5872","-84.9886","30.5","2021-07-16",
"USR0000FBLO","BLOXHAM FLORIDA, FL US","30.5872","-84.9886","30.5","2021-07-17",
"USR0000FBLO","BLOXHAM FLORIDA, FL US","30.5872","-84.9886","30.5","2021-07-18",
"USR0000FBLO","BLOXHAM FLORIDA, FL US","30.5872","-84.9886","30.5","2021-07-19",
"USR0000FBLO","BLOXHAM FLORIDA, FL US","30.5872","-84.9886","30.5","2021-07-20",
"USR0000FBLO","BLOXHAM FLORIDA, FL US","30.5872","-84.9886","30.5","2021-07-21",
"USC00086048","MUSE, FL US","26.826","-81.4915","13.1","2021-07-04","0.00"
"USC00086048","MUSE, FL US","26.826","-81.4915","13.1","2021-07-05","0.00"
"USC00086048","MUSE, FL US","26.826","-81.4915","13.1","2021-07-06","0.23"
"USC00086048","MUSE, FL US","26.826","-81.4915","13.1","2021-07-07","1.34"
"USC00086048","MUSE, FL US","26.826","-81.4915","13.1","2021-07-08","0.42"
"USC00086048","MUSE, FL US","26.826","-81.4915","13.1","2021-07-09","2.09"
"USC00086048","MUSE, FL US","26.826","-81.4915","13.1","2021-07-10","0.26"
"USC00086048","MUSE, FL US","26.826","-81.4915","13.1","2021-07-11","0.08"
"USC00086048","MUSE, FL US","26.826","-81.4915","13.1","2021-07-12","0.00"
"USC00086048","MUSE, FL US","26.826","-81.4915","13.1","2021-07-13","0.13"
"USC00086048","MUSE, FL US","26.826","-81.4915","13.1","2021-07-14","1.37"
"USC00086048","MUSE, FL US","26.826","-81.4915","13.1","2021-07-15","0.93"
"USC00086048","MUSE, FL US","26.826","-81.4915","13.1","2021-07-16","0.00"
"USC00086048","MUSE, FL US","26.826","-81.4915","13.1","2021-07-17","0.00"
"USC00086048","MUSE, FL US","26.826","-81.4915","13.1","2021-07-18","0.35"
"USC00086048","MUSE, FL US","26.826","-81.4915","13.1","2021-07-19","0.68"
"USC00086048","MUSE, FL US","26.826","-81.4915","13.1","2021-07-20","2.02"
"USC00086048","MUSE, FL US","26.826","-81.4915","13.1","2021-07-21","0.06"
"US1FLDV0042","JACKSONVILLE 10.3 SW, FL US","30.235","-81.78694444","21.0","2021-07-04","0.00"
"US1FLDV0042","JACKSONVILLE 10.3 SW, FL US","30.235","-81.78694444","21.0","2021-07-05","0.48"
"US1FLDV0042","JACKSONVILLE 10.3 SW, FL US","30.235","-81.78694444","21.0","2021-07-06","0.00"
"US1FLDV0042","JACKSONVILLE 10.3 SW, FL US","30.235","-81.78694444","21.0","2021-07-07","0.01"
"US1FLDV0042","JACKSONVILLE 10.3 SW, FL US","30.235","-81.78694444","21.0","2021-07-08","2.41"
"US1FLDV0042","JACKSONVILLE 10.3 SW, FL US","30.235","-81.78694444","21.0","2021-07-09","0.07"
"US1FLDV0042","JACKSONVILLE 10.3 SW, FL US","30.235","-81.78694444","21.0","2021-07-10","0.06"
"US1FLDV0042","JACKSONVILLE 10.3 SW, FL US","30.235","-81.78694444","21.0","2021-07-11","0.00"
"US1FLDV0042","JACKSONVILLE 10.3 SW, FL US","30.235","-81.78694444","21.0","2021-07-12","1.06"
"US1FLDV0042","JACKSONVILLE 10.3 SW, FL US","30.235","-81.78694444","21.0","2021-07-13","0.02"
"US1FLDV0042","JACKSONVILLE 10.3 SW, FL US","30.235","-81.78694444","21.0","2021-07-14","0.19"
"US1FLDV0042","JACKSONVILLE 10.3 SW, FL US","30.235","-81.78694444","21.0","2021-07-15","0.00"
"US1FLDV0042","JACKSONVILLE 10.3 SW, FL US","30.235","-81.78694444","21.0","2021-07-16","0.00"
"US1FLDV0042","JACKSONVILLE 10.3 SW, FL US","30.235","-81.78694444","21.0","2021-07-17","0.00"
"US1FLDV0042","JACKSONVILLE 10.3 SW, FL US","30.235","-81.78694444","21.0","2021-07-18","0.00"
"US1FLDV0042","JACKSONVILLE 10.3 SW, FL US","30.235","-81.78694444","21.0","2021-07-19","0.68"
"US1FLDV0042","JACKSONVILLE 10.3 SW, FL US","30.235","-81.78694444","21.0","2021-07-20","1.09"
"US1FLDV0042","JACKSONVILLE 10.3 SW, FL US","30.235","-81.78694444","21.0","2021-07-21","0.00"
"US1FLSJ0016","ST. AUGUSTINE 12.2 WNW, FL US","29.944067","-81.5061",,"2021-07-11",
"US1FLSJ0016","ST. AUGUSTINE 12.2 WNW, FL US","29.944067","-81.5061",,"2021-07-12","1.49"
"US1FLSJ0016","ST. AUGUSTINE 12.2 WNW, FL US","29.944067","-81.5061",,"2021-07-13","0.50"
"US1FLSJ0016","ST. AUGUSTINE 12.2 WNW, FL US","29.944067","-81.5061",,"2021-07-14","0.11"
"US1FLSJ0016","ST. AUGUSTINE 12.2 WNW, FL US","29.944067","-81.5061",,"2021-07-15","0.00"
"US1FLSJ0016","ST. AUGUSTINE 12.2 WNW, FL US","29.944067","-81.5061",,"2021-07-16","0.00"
"US1FLSJ0016","ST. AUGUSTINE 12.2 WNW, FL US","29.944067","-81.5061",,"2021-07-17","0.00"
"US1FLSJ0016","ST. AUGUSTINE 12.2 WNW, FL US","29.944067","-81.5061",,"2021-07-18","0.02"
"US1FLSJ0016","ST. AUGUSTINE 12.2 WNW, FL US","29.944067","-81.5061",,"2021-07-19","0.00"
"US1FLSJ0016","ST. AUGUSTINE 12.2 WNW, FL US","29.944067","-81.5061",,"2021-07-20","0.00"
"US1FLSJ0016","ST. AUGUSTINE 12.2 WNW, FL US","29.944067","-81.5061",,"2021-07-21","0.46"
"US1FLPN0094","LARGO 3.1 SE, FL US","27.88195","-82.74113","4.9","2021-07-04","1.96"
"US1FLPN0094","LARGO 3.1 SE, FL US","27.88195","-82.74113","4.9","2021-07-05","0.00"
"US1FLPN0094","LARGO 3.1 SE, FL US","27.88195","-82.74113","4.9","2021-07-06","0.91"
"US1FLPN0094","LARGO 3.1 SE, FL US","27.88195","-82.74113","4.9","2021-07-07","1.85"
"US1FLPN0094","LARGO 3.1 SE, FL US","27.88195","-82.74113","4.9","2021-07-08","0.27"
"US1FLPN0094","LARGO 3.1 SE, FL US","27.88195","-82.74113","4.9","2021-07-09","0.11"
"US1FLPN0094","LARGO 3.1 SE, FL US","27.88195","-82.74113","4.9","2021-07-10","0.00"
"US1FLPN0094","LARGO 3.1 SE, FL US","27.88195","-82.74113","4.9","2021-07-11","0.00"
"US1FLPN0094","LARGO 3.1 SE, FL US","27.88195","-82.74113","4.9","2021-07-12","0.28"
"US1FLPN0094","LARGO 3.1 SE, FL US","27.88195","-82.74113","4.9","2021-07-13","0.19"
"US1FLPN0094","LARGO 3.1 SE, FL US","27.88195","-82.74113","4.9","2021-07-14","0.35"
"US1FLPN0094","LARGO 3.1 SE, FL US","27.88195","-82.74113","4.9","2021-07-15","0.14"
"US1FLPN0094","LARGO 3.1 SE, FL US","27.88195","-82.74113","4.9","2021-07-16","0.00"
"US1FLPN0094","LARGO 3.1 SE, FL US","27.88195","-82.74113","4.9","2021-07-17","0.00"
"US1FLPN0094","LARGO 3.1 SE, FL US","27.88195","-82.74113","4.9","2021-07-18","0.32"
"US1FLPN0094","LARGO 3.1 SE, FL US","27.88195","-82.74113","4.9","2021-07-19","0.00"
"US1FLPN0094","LARGO 3.1 SE, FL US","27.88195","-82.74113","4.9","2021-07-20","0.00"
"US1FLPN0094","LARGO 3.1 SE, FL US","27.88195","-82.74113","4.9","2021-07-21","0.00"
"US1FLPN0097","ST. PETERSBURG 5.8 W, FL US","27.76568","-82.73591","3.4","2021-07-04","0.51"
"US1FLPN0097","ST. PETERSBURG 5.8 W, FL US","27.76568","-82.73591","3.4","2021-07-05","0.00"
"US1FLPN0097","ST. PETERSBURG 5.8 W, FL US","27.76568","-82.73591","3.4","2021-07-06","0.33"
"US1FLPN0097","ST. PETERSBURG 5.8 W, FL US","27.76568","-82.73591","3.4","2021-07-07","1.80"
"US1FLPN0097","ST. PETERSBURG 5.8 W, FL US","27.76568","-82.73591","3.4","2021-07-08","0.73"
"US1FLPN0097","ST. PETERSBURG 5.8 W, FL US","27.76568","-82.73591","3.4","2021-07-09","0.04"
"US1FLPN0097","ST. PETERSBURG 5.8 W, FL US","27.76568","-82.73591","3.4","2021-07-10","0.00"
"US1FLPN0097","ST. PETERSBURG 5.8 W, FL US","27.76568","-82.73591","3.4","2021-07-11","0.17"
"US1FLPN0097","ST. PETERSBURG 5.8 W, FL US","27.76568","-82.73591","3.4","2021-07-12","0.00"
"US1FLPN0097","ST. PETERSBURG 5.8 W, FL US","27.76568","-82.73591","3.4","2021-07-13","0.00"
"US1FLPN0097","ST. PETERSBURG 5.8 W, FL US","27.76568","-82.73591","3.4","2021-07-14","0.02"
"US1FLPN0097","ST. PETERSBURG 5.8 W, FL US","27.76568","-82.73591","3.4","2021-07-15","0.02"
"US1FLPN0097","ST. PETERSBURG 5.8 W, FL US","27.76568","-82.73591","3.4","2021-07-16","0.00"
"US1FLPN0097","ST. PETERSBURG 5.8 W, FL US","27.76568","-82.73591","3.4","2021-07-17","0.09"
"US1FLPN0097","ST. PETERSBURG 5.8 W, FL US","27.76568","-82.73591","3.4","2021-07-18","0.50"
"US1FLPN0097","ST. PETERSBURG 5.8 W, FL US","27.76568","-82.73591","3.4","2021-07-19","0.00"
"US1FLPN0097","ST. PETERSBURG 5.8 W, FL US","27.76568","-82.73591","3.4","2021-07-20","0.00"
"US1FLPN0097","ST. PETERSBURG 5.8 W, FL US","27.76568","-82.73591","3.4","2021-07-21","0.00"
"US1FLPN0096","CLEARWATER 2.9 SE, FL US","27.948052","-82.735159","5.5","2021-07-04","0.00"
"US1FLPN0096","CLEARWATER 2.9 SE, FL US","27.948052","-82.735159","5.5","2021-07-05","0.03"
"US1FLPN0096","CLEARWATER 2.9 SE, FL US","27.948052","-82.735159","5.5","2021-07-06","0.08"
"US1FLPN0096","CLEARWATER 2.9 SE, FL US","27.948052","-82.735159","5.5","2021-07-07","2.40"
"US1FLPN0096","CLEARWATER 2.9 SE, FL US","27.948052","-82.735159","5.5","2021-07-08","0.00"
"US1FLPN0096","CLEARWATER 2.9 SE, FL US","27.948052","-82.735159","5.5","2021-07-09","0.00"
"US1FLPN0096","CLEARWATER 2.9 SE, FL US","27.948052","-82.735159","5.5","2021-07-10","0.00"
"US1FLPN0096","CLEARWATER 2.9 SE, FL US","27.948052","-82.735159","5.5","2021-07-11","0.07"
"US1FLPN0096","CLEARWATER 2.9 SE, FL US","27.948052","-82.735159","5.5","2021-07-12","0.57"
"US1FLPN0096","CLEARWATER 2.9 SE, FL US","27.948052","-82.735159","5.5","2021-07-13","0.00"
"US1FLPN0096","CLEARWATER 2.9 SE, FL US","27.948052","-82.735159","5.5","2021-07-14","0.00"
"US1FLPN0096","CLEARWATER 2.9 SE, FL US","27.948052","-82.735159","5.5","2021-07-15","0.07"
"US1FLPN0096","CLEARWATER 2.9 SE, FL US","27.948052","-82.735159","5.5","2021-07-16","0.13"
"US1FLPN0096","CLEARWATER 2.9 SE, FL US","27.948052","-82.735159","5.5","2021-07-17","0.26"
"US1FLPN0096","CLEARWATER 2.9 SE, FL US","27.948052","-82.735159","5.5","2021-07-18","0.00"
"US1FLPN0096","CLEARWATER 2.9 SE, FL US","27.948052","-82.735159","5.5","2021-07-19","0.22"
"US1FLPN0096","CLEARWATER 2.9 SE, FL US","27.948052","-82.735159","5.5","2021-07-20","0.00"
"US1FLPN0096","CLEARWATER 2.9 SE, FL US","27.948052","-82.735159","5.5","2021-07-21","0.03"
"US1FLPN0099","ST. PETERSBURG 4.9 WNW, FL US","27.77748","-82.71843","6.4","2021-07-04","0.72"
"US1FLPN0099","ST. PETERSBURG 4.9 WNW, FL US","27.77748","-82.71843","6.4","2021-07-05","0.02"
"US1FLPN0099","ST. PETERSBURG 4.9 WNW, FL US","27.77748","-82.71843","6.4","2021-07-06","0.25"
"US1FLPN0099","ST. PETERSBURG 4.9 WNW, FL US","27.77748","-82.71843","6.4","2021-07-07","2.28"
"US1FLPN0099","ST. PETERSBURG 4.9 WNW, FL US","27.77748","-82.71843","6.4","2021-07-08","0.44"
"US1FLPN0099","ST. PETERSBURG 4.9 WNW, FL US","27.77748","-82.71843","6.4","2021-07-09","0.02"
"US1FLPN0099","ST. PETERSBURG 4.9 WNW, FL US","27.77748","-82.71843","6.4","2021-07-10","0.00"
"US1FLPN0099","ST. PETERSBURG 4.9 WNW, FL US","27.77748","-82.71843","6.4","2021-07-11","0.26"
"US1FLPN0099","ST. PETERSBURG 4.9 WNW, FL US","27.77748","-82.71843","6.4","2021-07-12","0.03"
"US1FLPN0099","ST. PETERSBURG 4.9 WNW, FL US","27.77748","-82.71843","6.4","2021-07-13","0.02"
"US1FLPN0099","ST. PETERSBURG 4.9 WNW, FL US","27.77748","-82.71843","6.4","2021-07-14","0.03"
"US1FLPN0099","ST. PETERSBURG 4.9 WNW, FL US","27.77748","-82.71843","6.4","2021-07-15","0.01"
"US1FLPN0099","ST. PETERSBURG 4.9 WNW, FL US","27.77748","-82.71843","6.4","2021-07-16","0.00"
"US1FLPN0099","ST. PETERSBURG 4.9 WNW, FL US","27.77748","-82.71843","6.4","2021-07-17","0.05"
"US1FLPN0099","ST. PETERSBURG 4.9 WNW, FL US","27.77748","-82.71843","6.4","2021-07-18","0.33"
"US1FLPN0099","ST. PETERSBURG 4.9 WNW, FL US","27.77748","-82.71843","6.4","2021-07-19","0.00"
"US1FLPN0099","ST. PETERSBURG 4.9 WNW, FL US","27.77748","-82.71843","6.4","2021-07-20","0.00"
"US1FLPN0099","ST. PETERSBURG 4.9 WNW, FL US","27.77748","-82.71843","6.4","2021-07-21","0.09"
"US1FLSJ0020","ST. AUGUSTINE 3.1 SSE, FL US","29.84995","-81.29036667","3.0","2021-07-04","0.00"
"US1FLSJ0020","ST. AUGUSTINE 3.1 SSE, FL US","29.84995","-81.29036667","3.0","2021-07-05","0.55"
"US1FLSJ0020","ST. AUGUSTINE 3.1 SSE, FL US","29.84995","-81.29036667","3.0","2021-07-06","0.00"
"US1FLSJ0020","ST. AUGUSTINE 3.1 SSE, FL US","29.84995","-81.29036667","3.0","2021-07-07","0.03"
"US1FLSJ0020","ST. AUGUSTINE 3.1 SSE, FL US","29.84995","-81.29036667","3.0","2021-07-08","0.45"
"US1FLSJ0020","ST. AUGUSTINE 3.1 SSE, FL US","29.84995","-81.29036667","3.0","2021-07-09","0.00"
"US1FLSJ0020","ST. AUGUSTINE 3.1 SSE, FL US","29.84995","-81.29036667","3.0","2021-07-10","0.05"
"US1FLSJ0020","ST. AUGUSTINE 3.1 SSE, FL US","29.84995","-81.29036667","3.0","2021-07-11","0.00"
"US1FLSJ0020","ST. AUGUSTINE 3.1 SSE, FL US","29.84995","-81.29036667","3.0","2021-07-12","0.00"
"US1FLSJ0020","ST. AUGUSTINE 3.1 SSE, FL US","29.84995","-81.29036667","3.0","2021-07-13","0.14"
"US1FLSJ0020","ST. AUGUSTINE 3.1 SSE, FL US","29.84995","-81.29036667","3.0","2021-07-14","0.00"
"US1FLSJ0020","ST. AUGUSTINE 3.1 SSE, FL US","29.84995","-81.29036667","3.0","2021-07-15","0.00"
"US1FLSJ0020","ST. AUGUSTINE 3.1 SSE, FL US","29.84995","-81.29036667","3.0","2021-07-16","0.00"
"US1FLSJ0020","ST. AUGUSTINE 3.1 SSE, FL US","29.84995","-81.29036667","3.0","2021-07-17","0.00"
"US1FLSJ0020","ST. AUGUSTINE 3.1 SSE, FL US","29.84995","-81.29036667","3.0","2021-07-18","0.00"
"US1FLSJ0020","ST. AUGUSTINE 3.1 SSE, FL US","29.84995","-81.29036667","3.0","2021-07-19","0.00"
"US1FLSJ0020","ST. AUGUSTINE 3.1 SSE, FL US","29.84995","-81.29036667","3.0","2021-07-20","0.90"
"USC00084095","HOMESTEAD GEN AVIATION AIRPORT, FL US","25.5011","-80.55","2.7","2021-07-04","0.00"
"USC00084095","HOMESTEAD GEN AVIATION AIRPORT, FL US","25.5011","-80.55","2.7","2021-07-05","0.02"
"USC00084095","HOMESTEAD GEN AVIATION AIRPORT, FL US","25.5011","-80.55","2.7","2021-07-07","0.11"
"USC00084095","HOMESTEAD GEN AVIATION AIRPORT, FL US","25.5011","-80.55","2.7","2021-07-08","0.00"
"USC00084095","HOMESTEAD GEN AVIATION AIRPORT, FL US","25.5011","-80.55","2.7","2021-07-09","0.00"
"USC00084095","HOMESTEAD GEN AVIATION AIRPORT, FL US","25.5011","-80.55","2.7","2021-07-10","0.00"
"USC00084095","HOMESTEAD GEN AVIATION AIRPORT, FL US","25.5011","-80.55","2.7","2021-07-11","0.49"
"USC00084095","HOMESTEAD GEN AVIATION AIRPORT, FL US","25.5011","-80.55","2.7","2021-07-12","0.12"
"USC00084095","HOMESTEAD GEN AVIATION AIRPORT, FL US","25.5011","-80.55","2.7","2021-07-13","0.17"
"USC00084095","HOMESTEAD GEN AVIATION AIRPORT, FL US","25.5011","-80.55","2.7","2021-07-14","0.59"
"USC00084095","HOMESTEAD GEN AVIATION AIRPORT, FL US","25.5011","-80.55","2.7","2021-07-15","0.07"
"USC00084095","HOMESTEAD GEN AVIATION AIRPORT, FL US","25.5011","-80.55","2.7","2021-07-16","0.07"
"USC00084095","HOMESTEAD GEN AVIATION AIRPORT, FL US","25.5011","-80.55","2.7","2021-07-17","0.24"
"USC00084095","HOMESTEAD GEN AVIATION AIRPORT, FL US","25.5011","-80.55","2.7","2021-07-18","0.02"
"USC00084095","HOMESTEAD GEN AVIATION AIRPORT, FL US","25.5011","-80.55","2.7","2021-07-19","0.00"
"USC00084095","HOMESTEAD GEN AVIATION AIRPORT, FL US","25.5011","-80.55","2.7","2021-07-20","0.00"
"USC00084095","HOMESTEAD GEN AVIATION AIRPORT, FL US","25.5011","-80.55","2.7","2021-07-21","0.35"
"USC00085184","LOXAHATCHEE NWR, FL US","26.4985","-80.216","6.4","2021-07-04",
"USC00085184","LOXAHATCHEE NWR, FL US","26.4985","-80.216","6.4","2021-07-05",
"USC00085184","LOXAHATCHEE NWR, FL US","26.4985","-80.216","6.4","2021-07-06",
"USC00085184","LOXAHATCHEE NWR, FL US","26.4985","-80.216","6.4","2021-07-07",
"USC00085184","LOXAHATCHEE NWR, FL US","26.4985","-80.216","6.4","2021-07-08",
"USC00085184","LOXAHATCHEE NWR, FL US","26.4985","-80.216","6.4","2021-07-09","2.05"
"USC00085184","LOXAHATCHEE NWR, FL US","26.4985","-80.216","6.4","2021-07-10",
"USC00085184","LOXAHATCHEE NWR, FL US","26.4985","-80.216","6.4","2021-07-11",
"USC00085184","LOXAHATCHEE NWR, FL US","26.4985","-80.216","6.4","2021-07-12",
"USC00085184","LOXAHATCHEE NWR, FL US","26.4985","-80.216","6.4","2021-07-13","1.40"
"USC00085184","LOXAHATCHEE NWR, FL US","26.4985","-80.216","6.4","2021-07-14","0.25"
"USC00085184","LOXAHATCHEE NWR, FL US","26.4985","-80.216","6.4","2021-07-15","0.04"
"USC00085184","LOXAHATCHEE NWR, FL US","26.4985","-80.216","6.4","2021-07-16","0.01"
"USC00085184","LOXAHATCHEE NWR, FL US","26.4985","-80.216","6.4","2021-07-17",
"USC00085184","LOXAHATCHEE NWR, FL US","26.4985","-80.216","6.4","2021-07-18",
"USC00085184","LOXAHATCHEE NWR, FL US","26.4985","-80.216","6.4","2021-07-19",
"USC00085184","LOXAHATCHEE NWR, FL US","26.4985","-80.216","6.4","2021-07-20","0.00"
"USC00085184","LOXAHATCHEE NWR, FL US","26.4985","-80.216","6.4","2021-07-21","1.21"
"US1FLDV0033","JACKSONVILLE 10.0 WSW, FL US","30.30437","-81.82263","26.5","2021-07-04","0.00"
"US1FLDV0033","JACKSONVILLE 10.0 WSW, FL US","30.30437","-81.82263","26.5","2021-07-05","0.92"
"US1FLDV0033","JACKSONVILLE 10.0 WSW, FL US","30.30437","-81.82263","26.5","2021-07-06","0.06"
"US1FLDV0033","JACKSONVILLE 10.0 WSW, FL US","30.30437","-81.82263","26.5","2021-07-07","0.01"
"US1FLDV0033","JACKSONVILLE 10.0 WSW, FL US","30.30437","-81.82263","26.5","2021-07-08","3.51"
"US1FLDV0033","JACKSONVILLE 10.0 WSW, FL US","30.30437","-81.82263","26.5","2021-07-09","0.00"
"US1FLDV0033","JACKSONVILLE 10.0 WSW, FL US","30.30437","-81.82263","26.5","2021-07-10","0.00"
"US1FLDV0033","JACKSONVILLE 10.0 WSW, FL US","30.30437","-81.82263","26.5","2021-07-11","0.00"
"US1FLDV0033","JACKSONVILLE 10.0 WSW, FL US","30.30437","-81.82263","26.5","2021-07-12","0.29"
"US1FLDV0033","JACKSONVILLE 10.0 WSW, FL US","30.30437","-81.82263","26.5","2021-07-13","0.00"
"US1FLDV0033","JACKSONVILLE 10.0 WSW, FL US","30.30437","-81.82263","26.5","2021-07-14","0.24"
"US1FLDV0033","JACKSONVILLE 10.0 WSW, FL US","30.30437","-81.82263","26.5","2021-07-15","0.00"
"US1FLDV0033","JACKSONVILLE 10.0 WSW, FL US","30.30437","-81.82263","26.5","2021-07-16","0.00"
"US1FLDV0033","JACKSONVILLE 10.0 WSW, FL US","30.30437","-81.82263","26.5","2021-07-17","0.00"
"US1FLDV0033","JACKSONVILLE 10.0 WSW, FL US","30.30437","-81.82263","26.5","2021-07-18","0.00"
"US1FLDV0033","JACKSONVILLE 10.0 WSW, FL US","30.30437","-81.82263","26.5","2021-07-19","1.06"
"US1FLDV0033","JACKSONVILLE 10.0 WSW, FL US","30.30437","-81.82263","26.5","2021-07-20",
"US1FLDV0033","JACKSONVILLE 10.0 WSW, FL US","30.30437","-81.82263","26.5","2021-07-21","0.00"
"US1FLMN0004","KEY LARGO 5.3 SW, FL US","25.045319","-80.494216","0.6","2021-07-07",
"US1FLMN0004","KEY LARGO 5.3 SW, FL US","25.045319","-80.494216","0.6","2021-07-08","0.00"
"US1FLMN0004","KEY LARGO 5.3 SW, FL US","25.045319","-80.494216","0.6","2021-07-09","0.00"
"US1FLMN0004","KEY LARGO 5.3 SW, FL US","25.045319","-80.494216","0.6","2021-07-10","0.00"
"US1FLMN0004","KEY LARGO 5.3 SW, FL US","25.045319","-80.494216","0.6","2021-07-11","0.00"
"US1FLMN0004","KEY LARGO 5.3 SW, FL US","25.045319","-80.494216","0.6","2021-07-12","0.11"
"US1FLMN0004","KEY LARGO 5.3 SW, FL US","25.045319","-80.494216","0.6","2021-07-13","0.79"
"US1FLMN0004","KEY LARGO 5.3 SW, FL US","25.045319","-80.494216","0.6","2021-07-14","0.12"
"US1FLMN0004","KEY LARGO 5.3 SW, FL US","25.045319","-80.494216","0.6","2021-07-15","0.04"
"US1FLMN0004","KEY LARGO 5.3 SW, FL US","25.045319","-80.494216","0.6","2021-07-16","0.23"
"US1FLMN0004","KEY LARGO 5.3 SW, FL US","25.045319","-80.494216","0.6","2021-07-17","0.00"
"US1FLMN0004","KEY LARGO 5.3 SW, FL US","25.045319","-80.494216","0.6","2021-07-18","0.00"
"US1FLMN0004","KEY LARGO 5.3 SW, FL US","25.045319","-80.494216","0.6","2021-07-19","0.00"
"US1FLMN0004","KEY LARGO 5.3 SW, FL US","25.045319","-80.494216","0.6","2021-07-20","0.19"
"US1FLMN0004","KEY LARGO 5.3 SW, FL US","25.045319","-80.494216","0.6","2021-07-21","0.00"
"USC00080737","BIG CYPRESS, FL US","26.3283","-80.9958","4.6","2021-07-04","0.30"
"USC00080737","BIG CYPRESS, FL US","26.3283","-80.9958","4.6","2021-07-05","0.42"
"USC00080737","BIG CYPRESS, FL US","26.3283","-80.9958","4.6","2021-07-06","0.22"
"USC00080737","BIG CYPRESS, FL US","26.3283","-80.9958","4.6","2021-07-07","0.06"
"USC00080737","BIG CYPRESS, FL US","26.3283","-80.9958","4.6","2021-07-08","0.64"
"USC00080737","BIG CYPRESS, FL US","26.3283","-80.9958","4.6","2021-07-09","1.18"
"USC00080737","BIG CYPRESS, FL US","26.3283","-80.9958","4.6","2021-07-10","0.01"
"USC00080737","BIG CYPRESS, FL US","26.3283","-80.9958","4.6","2021-07-11","0.00"
"USC00080737","BIG CYPRESS, FL US","26.3283","-80.9958","4.6","2021-07-12","0.01"
"USC00080737","BIG CYPRESS, FL US","26.3283","-80.9958","4.6","2021-07-13","0.02"
"USC00080737","BIG CYPRESS, FL US","26.3283","-80.9958","4.6","2021-07-14","0.02"
"USC00080737","BIG CYPRESS, FL US","26.3283","-80.9958","4.6","2021-07-15","0.15"
"USC00080737","BIG CYPRESS, FL US","26.3283","-80.9958","4.6","2021-07-16","0.05"
"USC00080737","BIG CYPRESS, FL US","26.3283","-80.9958","4.6","2021-07-17","0.00"
"USC00080737","BIG CYPRESS, FL US","26.3283","-80.9958","4.6","2021-07-18","0.00"
"USC00080737","BIG CYPRESS, FL US","26.3283","-80.9958","4.6","2021-07-19","0.61"
"USC00080737","BIG CYPRESS, FL US","26.3283","-80.9958","4.6","2021-07-20","0.34"
"USC00080737","BIG CYPRESS, FL US","26.3283","-80.9958","4.6","2021-07-21","0.28"
"US1FLSJ0029","SAWGRASS 0.0 E, FL US","30.192481","-81.370231","8.8","2021-07-04","0.06"
"US1FLSJ0029","SAWGRASS 0.0 E, FL US","30.192481","-81.370231","8.8","2021-07-05","0.44"
"US1FLSJ0029","SAWGRASS 0.0 E, FL US","30.192481","-81.370231","8.8","2021-07-06","0.02"
"US1FLSJ0029","SAWGRASS 0.0 E, FL US","30.192481","-81.370231","8.8","2021-07-07","0.00"
"US1FLSJ0029","SAWGRASS 0.0 E, FL US","30.192481","-81.370231","8.8","2021-07-08","1.37"
"US1FLSJ0029","SAWGRASS 0.0 E, FL US","30.192481","-81.370231","8.8","2021-07-09","0.03"
"US1FLSJ0029","SAWGRASS 0.0 E, FL US","30.192481","-81.370231","8.8","2021-07-10","0.54"
"US1FLSJ0029","SAWGRASS 0.0 E, FL US","30.192481","-81.370231","8.8","2021-07-11","0.00"
"US1FLSJ0029","SAWGRASS 0.0 E, FL US","30.192481","-81.370231","8.8","2021-07-12","0.02"
"US1FLSJ0029","SAWGRASS 0.0 E, FL US","30.192481","-81.370231","8.8","2021-07-13","0.00"
"US1FLSJ0029","SAWGRASS 0.0 E, FL US","30.192481","-81.370231","8.8","2021-07-15","0.00"
"US1FLSJ0029","SAWGRASS 0.0 E, FL US","30.192481","-81.370231","8.8","2021-07-16","0.00"
"US1FLSJ0029","SAWGRASS 0.0 E, FL US","30.192481","-81.370231","8.8","2021-07-18","0.00"
"US1FLSJ0029","SAWGRASS 0.0 E, FL US","30.192481","-81.370231","8.8","2021-07-19","0.00"
"US1FLSJ0029","SAWGRASS 0.0 E, FL US","30.192481","-81.370231","8.8","2021-07-20","0.99"
"US1FLSJ0029","SAWGRASS 0.0 E, FL US","30.192481","-81.370231","8.8","2021-07-21","0.94"
"US1FLSJ0028","ST. AUGUSTINE 3.4 SW, FL US","29.851774","-81.34475","17.4","2021-07-04","0.01"
"US1FLSJ0028","ST. AUGUSTINE 3.4 SW, FL US","29.851774","-81.34475","17.4","2021-07-05","0.59"
"US1FLSJ0028","ST. AUGUSTINE 3.4 SW, FL US","29.851774","-81.34475","17.4","2021-07-06","0.00"
"US1FLSJ0028","ST. AUGUSTINE 3.4 SW, FL US","29.851774","-81.34475","17.4","2021-07-07","0.01"
"US1FLSJ0028","ST. AUGUSTINE 3.4 SW, FL US","29.851774","-81.34475","17.4","2021-07-08","1.00"
"US1FLSJ0028","ST. AUGUSTINE 3.4 SW, FL US","29.851774","-81.34475","17.4","2021-07-13",
"US1FLSJ0028","ST. AUGUSTINE 3.4 SW, FL US","29.851774","-81.34475","17.4","2021-07-14","0.07"
"US1FLSJ0028","ST. AUGUSTINE 3.4 SW, FL US","29.851774","-81.34475","17.4","2021-07-15","0.01"
"US1FLSJ0028","ST. AUGUSTINE 3.4 SW, FL US","29.851774","-81.34475","17.4","2021-07-16","0.00"
"US1FLSJ0028","ST. AUGUSTINE 3.4 SW, FL US","29.851774","-81.34475","17.4","2021-07-17","0.00"
"US1FLSJ0028","ST. AUGUSTINE 3.4 SW, FL US","29.851774","-81.34475","17.4","2021-07-18","0.00"
"US1FLSJ0028","ST. AUGUSTINE 3.4 SW, FL US","29.851774","-81.34475","17.4","2021-07-19","0.00"
"US1FLSJ0028","ST. AUGUSTINE 3.4 SW, FL US","29.851774","-81.34475","17.4","2021-07-20","1.37"
"US1FLSJ0028","ST. AUGUSTINE 3.4 SW, FL US","29.851774","-81.34475","17.4","2021-07-21","0.13"
"US1FLPN0081","ST. PETERSBURG 2.5 S, FL US","27.72294","-82.64922","8.8","2021-07-04","0.56"
"US1FLPN0081","ST. PETERSBURG 2.5 S, FL US","27.72294","-82.64922","8.8","2021-07-05","0.00"
"US1FLPN0081","ST. PETERSBURG 2.5 S, FL US","27.72294","-82.64922","8.8","2021-07-06","0.00"
"US1FLPN0081","ST. PETERSBURG 2.5 S, FL US","27.72294","-82.64922","8.8","2021-07-07","2.28"
"US1FLPN0081","ST. PETERSBURG 2.5 S, FL US","27.72294","-82.64922","8.8","2021-07-08","1.30"
"US1FLPN0081","ST. PETERSBURG 2.5 S, FL US","27.72294","-82.64922","8.8","2021-07-09","0.02"
"US1FLPN0081","ST. PETERSBURG 2.5 S, FL US","27.72294","-82.64922","8.8","2021-07-10","0.00"
"US1FLPN0081","ST. PETERSBURG 2.5 S, FL US","27.72294","-82.64922","8.8","2021-07-11","0.00"
"US1FLPN0081","ST. PETERSBURG 2.5 S, FL US","27.72294","-82.64922","8.8","2021-07-12","0.00"
"US1FLPN0081","ST. PETERSBURG 2.5 S, FL US","27.72294","-82.64922","8.8","2021-07-13","0.12"
"US1FLPN0081","ST. PETERSBURG 2.5 S, FL US","27.72294","-82.64922","8.8","2021-07-14","0.17"
"US1FLPN0081","ST. PETERSBURG 2.5 S, FL US","27.72294","-82.64922","8.8","2021-07-15","0.02"
"US1FLPN0081","ST. PETERSBURG 2.5 S, FL US","27.72294","-82.64922","8.8","2021-07-17","0.20"
"US1FLPN0081","ST. PETERSBURG 2.5 S, FL US","27.72294","-82.64922","8.8","2021-07-18","0.00"
"US1FLPN0081","ST. PETERSBURG 2.5 S, FL US","27.72294","-82.64922","8.8","2021-07-19","0.00"
"US1FLPN0081","ST. PETERSBURG 2.5 S, FL US","27.72294","-82.64922","8.8","2021-07-20","0.00"
"US1FLPN0081","ST. PETERSBURG 2.5 S, FL US","27.72294","-82.64922","8.8","2021-07-21","0.00"
"US1FLPN0083","CLEARWATER 1.6 N, FL US","28.00292","-82.76236","22.6","2021-07-04","1.66"
"US1FLPN0083","CLEARWATER 1.6 N, FL US","28.00292","-82.76236","22.6","2021-07-05","0.00"
"US1FLPN0083","CLEARWATER 1.6 N, FL US","28.00292","-82.76236","22.6","2021-07-06","0.02"
"US1FLPN0083","CLEARWATER 1.6 N, FL US","28.00292","-82.76236","22.6","2021-07-07","2.94"
"US1FLPN0083","CLEARWATER 1.6 N, FL US","28.00292","-82.76236","22.6","2021-07-08","0.01"
"US1FLPN0083","CLEARWATER 1.6 N, FL US","28.00292","-82.76236","22.6","2021-07-09","0.09"
"US1FLPN0083","CLEARWATER 1.6 N, FL US","28.00292","-82.76236","22.6","2021-07-10","0.00"
"US1FLPN0083","CLEARWATER 1.6 N, FL US","28.00292","-82.76236","22.6","2021-07-11","0.01"
"US1FLPN0083","CLEARWATER 1.6 N, FL US","28.00292","-82.76236","22.6","2021-07-12","0.00"
"US1FLPN0083","CLEARWATER 1.6 N, FL US","28.00292","-82.76236","22.6","2021-07-13","0.40"
"US1FLPN0083","CLEARWATER 1.6 N, FL US","28.00292","-82.76236","22.6","2021-07-14","0.08"
"US1FLPN0083","CLEARWATER 1.6 N, FL US","28.00292","-82.76236","22.6","2021-07-15","0.05"
"US1FLPN0083","CLEARWATER 1.6 N, FL US","28.00292","-82.76236","22.6","2021-07-16","0.00"
"US1FLPN0083","CLEARWATER 1.6 N, FL US","28.00292","-82.76236","22.6","2021-07-17","0.42"
"US1FLPN0083","CLEARWATER 1.6 N, FL US","28.00292","-82.76236","22.6","2021-07-18","0.72"
"US1FLPN0083","CLEARWATER 1.6 N, FL US","28.00292","-82.76236","22.6","2021-07-19","0.00"
"US1FLPN0083","CLEARWATER 1.6 N, FL US","28.00292","-82.76236","22.6","2021-07-20","0.00"
"US1FLPN0083","CLEARWATER 1.6 N, FL US","28.00292","-82.76236","22.6","2021-07-21","0.00"
"US1FLSJ0023","ST. AUGUSTINE 3.4 NW, FL US","29.9269","-81.3517","8.5","2021-07-08",
"US1FLSJ0023","ST. AUGUSTINE 3.4 NW, FL US","29.9269","-81.3517","8.5","2021-07-09","0.16"
"US1FLSJ0023","ST. AUGUSTINE 3.4 NW, FL US","29.9269","-81.3517","8.5","2021-07-10","0.07"
"US1FLSJ0023","ST. AUGUSTINE 3.4 NW, FL US","29.9269","-81.3517","8.5","2021-07-11","0.00"
"US1FLSJ0023","ST. AUGUSTINE 3.4 NW, FL US","29.9269","-81.3517","8.5","2021-07-12","0.02"
"US1FLSJ0023","ST. AUGUSTINE 3.4 NW, FL US","29.9269","-81.3517","8.5","2021-07-13","0.29"
"US1FLSJ0023","ST. AUGUSTINE 3.4 NW, FL US","29.9269","-81.3517","8.5","2021-07-14","0.00"
"US1FLSJ0023","ST. AUGUSTINE 3.4 NW, FL US","29.9269","-81.3517","8.5","2021-07-15","0.00"
"US1FLSJ0023","ST. AUGUSTINE 3.4 NW, FL US","29.9269","-81.3517","8.5","2021-07-16","0.00"
"US1FLSJ0023","ST. AUGUSTINE 3.4 NW, FL US","29.9269","-81.3517","8.5","2021-07-17","0.00"
"US1FLSJ0023","ST. AUGUSTINE 3.4 NW, FL US","29.9269","-81.3517","8.5","2021-07-18","0.00"
"US1FLSJ0023","ST. AUGUSTINE 3.4 NW, FL US","29.9269","-81.3517","8.5","2021-07-19","0.00"
"US1FLSJ0023","ST. AUGUSTINE 3.4 NW, FL US","29.9269","-81.3517","8.5","2021-07-20","0.50"
"US1FLSJ0023","ST. AUGUSTINE 3.4 NW, FL US","29.9269","-81.3517","8.5","2021-07-21","0.11"
"US1FLPN0087","GULFPORT 0.6 SSE, FL US","27.7389","-82.7053","3.0","2021-07-04","0.82"
"US1FLPN0087","GULFPORT 0.6 SSE, FL US","27.7389","-82.7053","3.0","2021-07-05","0.00"
"US1FLPN0087","GULFPORT 0.6 SSE, FL US","27.7389","-82.7053","3.0","2021-07-06","0.31"
"US1FLPN0087","GULFPORT 0.6 SSE, FL US","27.7389","-82.7053","3.0","2021-07-07","2.85"
"US1FLPN0087","GULFPORT 0.6 SSE, FL US","27.7389","-82.7053","3.0","2021-07-08","0.31"
"US1FLPN0087","GULFPORT 0.6 SSE, FL US","27.7389","-82.7053","3.0","2021-07-09","0.01"
"US1FLPN0087","GULFPORT 0.6 SSE, FL US","27.7389","-82.7053","3.0","2021-07-10","0.00"
"US1FLPN0087","GULFPORT 0.6 SSE, FL US","27.7389","-82.7053","3.0","2021-07-11","0.00"
"US1FLPN0087","GULFPORT 0.6 SSE, FL US","27.7389","-82.7053","3.0","2021-07-12","0.00"
"US1FLPN0087","GULFPORT 0.6 SSE, FL US","27.7389","-82.7053","3.0","2021-07-13","0.01"
"US1FLPN0087","GULFPORT 0.6 SSE, FL US","27.7389","-82.7053","3.0","2021-07-14","0.09"
"US1FLPN0087","GULFPORT 0.6 SSE, FL US","27.7389","-82.7053","3.0","2021-07-15","0.00"
"US1FLPN0087","GULFPORT 0.6 SSE, FL US","27.7389","-82.7053","3.0","2021-07-16","0.00"
"US1FLPN0087","GULFPORT 0.6 SSE, FL US","27.7389","-82.7053","3.0","2021-07-17","0.05"
"US1FLPN0087","GULFPORT 0.6 SSE, FL US","27.7389","-82.7053","3.0","2021-07-18","0.00"
"US1FLPN0087","GULFPORT 0.6 SSE, FL US","27.7389","-82.7053","3.0","2021-07-19","0.00"
"US1FLPN0087","GULFPORT 0.6 SSE, FL US","27.7389","-82.7053","3.0","2021-07-20","0.00"
"US1FLPN0087","GULFPORT 0.6 SSE, FL US","27.7389","-82.7053","3.0","2021-07-21","0.00"
"US1FLSJ0031","PALM VALLEY 5.9 SSW, FL US","30.121469","-81.432296","8.5","2021-07-05","0.13"
"US1FLSJ0031","PALM VALLEY 5.9 SSW, FL US","30.121469","-81.432296","8.5","2021-07-08","1.01"
"US1FLSJ0031","PALM VALLEY 5.9 SSW, FL US","30.121469","-81.432296","8.5","2021-07-10","0.37"
"US1FLSJ0031","PALM VALLEY 5.9 SSW, FL US","30.121469","-81.432296","8.5","2021-07-12","0.72"
"US1FLSJ0031","PALM VALLEY 5.9 SSW, FL US","30.121469","-81.432296","8.5","2021-07-13","1.73"
"US1FLSJ0031","PALM VALLEY 5.9 SSW, FL US","30.121469","-81.432296","8.5","2021-07-14","0.03"
"US1FLSJ0031","PALM VALLEY 5.9 SSW, FL US","30.121469","-81.432296","8.5","2021-07-20","0.43"
"US1FLSJ0031","PALM VALLEY 5.9 SSW, FL US","30.121469","-81.432296","8.5","2021-07-21","0.48"
"US1FLSJ0030","FRUIT COVE 1.9 N, FL US","30.12861944","-81.61969444","4.0","2021-07-04","0.01"
"US1FLSJ0030","FRUIT COVE 1.9 N, FL US","30.12861944","-81.61969444","4.0","2021-07-05","0.10"
"US1FLSJ0030","FRUIT COVE 1.9 N, FL US","30.12861944","-81.61969444","4.0","2021-07-06","0.01"
"US1FLSJ0030","FRUIT COVE 1.9 N, FL US","30.12861944","-81.61969444","4.0","2021-07-07","0.00"
"US1FLSJ0030","FRUIT COVE 1.9 N, FL US","30.12861944","-81.61969444","4.0","2021-07-08","2.11"
"US1FLSJ0030","FRUIT COVE 1.9 N, FL US","30.12861944","-81.61969444","4.0","2021-07-09","0.02"
"US1FLSJ0030","FRUIT COVE 1.9 N, FL US","30.12861944","-81.61969444","4.0","2021-07-10","0.00"
"US1FLSJ0030","FRUIT COVE 1.9 N, FL US","30.12861944","-81.61969444","4.0","2021-07-11","0.00"
"US1FLSJ0030","FRUIT COVE 1.9 N, FL US","30.12861944","-81.61969444","4.0","2021-07-12","0.01"
"US1FLSJ0030","FRUIT COVE 1.9 N, FL US","30.12861944","-81.61969444","4.0","2021-07-13","0.00"
"US1FLSJ0030","FRUIT COVE 1.9 N, FL US","30.12861944","-81.61969444","4.0","2021-07-14","0.01"
"US1FLSJ0030","FRUIT COVE 1.9 N, FL US","30.12861944","-81.61969444","4.0","2021-07-15","0.02"
"US1FLSJ0030","FRUIT COVE 1.9 N, FL US","30.12861944","-81.61969444","4.0","2021-07-16","0.00"
"US1FLSJ0030","FRUIT COVE 1.9 N, FL US","30.12861944","-81.61969444","4.0","2021-07-17","0.00"
"US1FLSJ0030","FRUIT COVE 1.9 N, FL US","30.12861944","-81.61969444","4.0","2021-07-18","0.00"
"US1FLSJ0030","FRUIT COVE 1.9 N, FL US","30.12861944","-81.61969444","4.0","2021-07-19","0.00"
"US1FLSJ0030","FRUIT COVE 1.9 N, FL US","30.12861944","-81.61969444","4.0","2021-07-20","0.22"
"US1FLSJ0030","FRUIT COVE 1.9 N, FL US","30.12861944","-81.61969444","4.0","2021-07-21","0.00"
"USC00087397","PUNTA GORDA 4 ESE, FL US","26.91463","-81.99682","6.1","2021-07-04","0.00"
"USC00087397","PUNTA GORDA 4 ESE, FL US","26.91463","-81.99682","6.1","2021-07-05","0.00"
"USC00087397","PUNTA GORDA 4 ESE, FL US","26.91463","-81.99682","6.1","2021-07-06","0.35"
"USC00087397","PUNTA GORDA 4 ESE, FL US","26.91463","-81.99682","6.1","2021-07-07","3.50"
"USC00087397","PUNTA GORDA 4 ESE, FL US","26.91463","-81.99682","6.1","2021-07-08","0.00"
"USC00087397","PUNTA GORDA 4 ESE, FL US","26.91463","-81.99682","6.1","2021-07-09","0.00"
"USC00087397","PUNTA GORDA 4 ESE, FL US","26.91463","-81.99682","6.1","2021-07-10","0.00"
"USC00087397","PUNTA GORDA 4 ESE, FL US","26.91463","-81.99682","6.1","2021-07-11","3.40"
"USC00087397","PUNTA GORDA 4 ESE, FL US","26.91463","-81.99682","6.1","2021-07-12","0.00"
"USC00087397","PUNTA GORDA 4 ESE, FL US","26.91463","-81.99682","6.1","2021-07-13","0.05"
"USC00087397","PUNTA GORDA 4 ESE, FL US","26.91463","-81.99682","6.1","2021-07-14","0.55"
"USC00087397","PUNTA GORDA 4 ESE, FL US","26.91463","-81.99682","6.1","2021-07-15","0.20"
"USC00087397","PUNTA GORDA 4 ESE, FL US","26.91463","-81.99682","6.1","2021-07-16","0.20"
"USC00087397","PUNTA GORDA 4 ESE, FL US","26.91463","-81.99682","6.1","2021-07-17","1.25"
"USC00087397","PUNTA GORDA 4 ESE, FL US","26.91463","-81.99682","6.1","2021-07-18","0.35"
"USC00087397","PUNTA GORDA 4 ESE, FL US","26.91463","-81.99682","6.1","2021-07-19","0.10"
"USC00087397","PUNTA GORDA 4 ESE, FL US","26.91463","-81.99682","6.1","2021-07-20","0.00"
"USC00087397","PUNTA GORDA 4 ESE, FL US","26.91463","-81.99682","6.1","2021-07-21","0.00"
"USC00086065","MYAKKA RIVER ST PK, FL US","27.24012","-82.31525","5.8","2021-07-04","0.84"
"USC00086065","MYAKKA RIVER ST PK, FL US","27.24012","-82.31525","5.8","2021-07-05","0.01"
"USC00086065","MYAKKA RIVER ST PK, FL US","27.24012","-82.31525","5.8","2021-07-06","0.20"
"USC00086065","MYAKKA RIVER ST PK, FL US","27.24012","-82.31525","5.8","2021-07-07","4.30"
"USC00086065","MYAKKA RIVER ST PK, FL US","27.24012","-82.31525","5.8","2021-07-08","0.10"
"USC00086065","MYAKKA RIVER ST PK, FL US","27.24012","-82.31525","5.8","2021-07-09","0.03"
"USC00086065","MYAKKA RIVER ST PK, FL US","27.24012","-82.31525","5.8","2021-07-10","0.01"
"USC00086065","MYAKKA RIVER ST PK, FL US","27.24012","-82.31525","5.8","2021-07-11","0.08"
"USC00086065","MYAKKA RIVER ST PK, FL US","27.24012","-82.31525","5.8","2021-07-12","0.20"
"USC00086065","MYAKKA RIVER ST PK, FL US","27.24012","-82.31525","5.8","2021-07-13","0.00"
"USC00086065","MYAKKA RIVER ST PK, FL US","27.24012","-82.31525","5.8","2021-07-14","0.00"
"USC00086065","MYAKKA RIVER ST PK, FL US","27.24012","-82.31525","5.8","2021-07-15","0.45"
"USC00086065","MYAKKA RIVER ST PK, FL US","27.24012","-82.31525","5.8","2021-07-16","0.00"
"USC00086065","MYAKKA RIVER ST PK, FL US","27.24012","-82.31525","5.8","2021-07-17","0.02"
"USC00086065","MYAKKA RIVER ST PK, FL US","27.24012","-82.31525","5.8","2021-07-18","0.30"
"USC00086065","MYAKKA RIVER ST PK, FL US","27.24012","-82.31525","5.8","2021-07-19","0.50"
"USC00086065","MYAKKA RIVER ST PK, FL US","27.24012","-82.31525","5.8","2021-07-20","0.00"
"USC00086065","MYAKKA RIVER ST PK, FL US","27.24012","-82.31525","5.8","2021-07-21","0.00"
"US1FLMN0008","ISLAMORADA 7.8 SW, FL US","24.851492","-80.735242","7.0","2021-07-04","0.00"
"US1FLMN0008","ISLAMORADA 7.8 SW, FL US","24.851492","-80.735242","7.0","2021-07-05","0.00"
"US1FLMN0008","ISLAMORADA 7.8 SW, FL US","24.851492","-80.735242","7.0","2021-07-06","0.61"
"US1FLMN0008","ISLAMORADA 7.8 SW, FL US","24.851492","-80.735242","7.0","2021-07-07","0.08"
"US1FLMN0008","ISLAMORADA 7.8 SW, FL US","24.851492","-80.735242","7.0","2021-07-08","0.00"
"US1FLMN0008","ISLAMORADA 7.8 SW, FL US","24.851492","-80.735242","7.0","2021-07-09","0.00"
"US1FLMN0008","ISLAMORADA 7.8 SW, FL US","24.851492","-80.735242","7.0","2021-07-10","0.00"
"US1FLMN0008","ISLAMORADA 7.8 SW, FL US","24.851492","-80.735242","7.0","2021-07-11","0.00"
"US1FLMN0008","ISLAMORADA 7.8 SW, FL US","24.851492","-80.735242","7.0","2021-07-12","0.01"
"US1FLMN0008","ISLAMORADA 7.8 SW, FL US","24.851492","-80.735242","7.0","2021-07-13","0.00"
"US1FLMN0008","ISLAMORADA 7.8 SW, FL US","24.851492","-80.735242","7.0","2021-07-14","0.04"
"US1FLMN0008","ISLAMORADA 7.8 SW, FL US","24.851492","-80.735242","7.0","2021-07-15","0.30"
"US1FLMN0008","ISLAMORADA 7.8 SW, FL US","24.851492","-80.735242","7.0","2021-07-16","0.13"
"US1FLMN0008","ISLAMORADA 7.8 SW, FL US","24.851492","-80.735242","7.0","2021-07-17","0.00"
"US1FLMN0008","ISLAMORADA 7.8 SW, FL US","24.851492","-80.735242","7.0","2021-07-18","0.04"
"US1FLMN0008","ISLAMORADA 7.8 SW, FL US","24.851492","-80.735242","7.0","2021-07-19","0.00"
"US1FLMN0008","ISLAMORADA 7.8 SW, FL US","24.851492","-80.735242","7.0","2021-07-20","0.04"
"US1FLMN0008","ISLAMORADA 7.8 SW, FL US","24.851492","-80.735242","7.0","2021-07-21","0.06"
"US1FLDV0063","JACKSONVILLE 7.8 SW, FL US","30.25855","-81.754783","9.8","2021-07-04","0.00"
"US1FLDV0063","JACKSONVILLE 7.8 SW, FL US","30.25855","-81.754783","9.8","2021-07-05","0.47"
"US1FLDV0063","JACKSONVILLE 7.8 SW, FL US","30.25855","-81.754783","9.8","2021-07-06","0.00"
"US1FLDV0063","JACKSONVILLE 7.8 SW, FL US","30.25855","-81.754783","9.8","2021-07-07","0.01"
"US1FLDV0063","JACKSONVILLE 7.8 SW, FL US","30.25855","-81.754783","9.8","2021-07-08","2.56"
"US1FLDV0063","JACKSONVILLE 7.8 SW, FL US","30.25855","-81.754783","9.8","2021-07-09","0.00"
"US1FLDV0063","JACKSONVILLE 7.8 SW, FL US","30.25855","-81.754783","9.8","2021-07-10","0.02"
"US1FLDV0063","JACKSONVILLE 7.8 SW, FL US","30.25855","-81.754783","9.8","2021-07-11","0.00"
"US1FLDV0063","JACKSONVILLE 7.8 SW, FL US","30.25855","-81.754783","9.8","2021-07-12","0.40"
"US1FLDV0063","JACKSONVILLE 7.8 SW, FL US","30.25855","-81.754783","9.8","2021-07-13","0.00"
"US1FLDV0063","JACKSONVILLE 7.8 SW, FL US","30.25855","-81.754783","9.8","2021-07-14","0.22"
"US1FLDV0063","JACKSONVILLE 7.8 SW, FL US","30.25855","-81.754783","9.8","2021-07-15","0.00"
"US1FLDV0063","JACKSONVILLE 7.8 SW, FL US","30.25855","-81.754783","9.8","2021-07-16","0.00"
"US1FLDV0063","JACKSONVILLE 7.8 SW, FL US","30.25855","-81.754783","9.8","2021-07-17","0.00"
"US1FLDV0063","JACKSONVILLE 7.8 SW, FL US","30.25855","-81.754783","9.8","2021-07-18","0.00"
"US1FLDV0063","JACKSONVILLE 7.8 SW, FL US","30.25855","-81.754783","9.8","2021-07-19","0.15"
"US1FLDV0063","JACKSONVILLE 7.8 SW, FL US","30.25855","-81.754783","9.8","2021-07-20","0.59"
"US1FLDV0063","JACKSONVILLE 7.8 SW, FL US","30.25855","-81.754783","9.8","2021-07-21","0.00"
"US1FLMN0006","CUDJOE KEY 0.9 SSW, FL US","24.659425","-81.506312","4.9","2021-07-04","0.00"
"US1FLMN0006","CUDJOE KEY 0.9 SSW, FL US","24.659425","-81.506312","4.9","2021-07-05","0.00"
"US1FLMN0006","CUDJOE KEY 0.9 SSW, FL US","24.659425","-81.506312","4.9","2021-07-06","3.80"
"US1FLMN0006","CUDJOE KEY 0.9 SSW, FL US","24.659425","-81.506312","4.9","2021-07-07","0.01"
"US1FLMN0006","CUDJOE KEY 0.9 SSW, FL US","24.659425","-81.506312","4.9","2021-07-08","0.00"
"US1FLMN0006","CUDJOE KEY 0.9 SSW, FL US","24.659425","-81.506312","4.9","2021-07-09","0.00"
"US1FLMN0006","CUDJOE KEY 0.9 SSW, FL US","24.659425","-81.506312","4.9","2021-07-10","0.00"
"US1FLMN0006","CUDJOE KEY 0.9 SSW, FL US","24.659425","-81.506312","4.9","2021-07-11","0.00"
"US1FLMN0006","CUDJOE KEY 0.9 SSW, FL US","24.659425","-81.506312","4.9","2021-07-12","0.08"
"US1FLMN0006","CUDJOE KEY 0.9 SSW, FL US","24.659425","-81.506312","4.9","2021-07-13","0.49"
"US1FLMN0006","CUDJOE KEY 0.9 SSW, FL US","24.659425","-81.506312","4.9","2021-07-14","0.00"
"US1FLMN0006","CUDJOE KEY 0.9 SSW, FL US","24.659425","-81.506312","4.9","2021-07-15","0.01"
"US1FLMN0006","CUDJOE KEY 0.9 SSW, FL US","24.659425","-81.506312","4.9","2021-07-16","0.03"
"US1FLMN0006","CUDJOE KEY 0.9 SSW, FL US","24.659425","-81.506312","4.9","2021-07-17","0.00"
"US1FLMN0006","CUDJOE KEY 0.9 SSW, FL US","24.659425","-81.506312","4.9","2021-07-18","0.00"
"US1FLMN0006","CUDJOE KEY 0.9 SSW, FL US","24.659425","-81.506312","4.9","2021-07-19","0.00"
"US1FLMN0006","CUDJOE KEY 0.9 SSW, FL US","24.659425","-81.506312","4.9","2021-07-20","0.03"
"US1FLMN0006","CUDJOE KEY 0.9 SSW, FL US","24.659425","-81.506312","4.9","2021-07-21","0.00"
"US1FLDV0069","JACKSONVILLE 6.7 WSW, FL US","30.303307","-81.76355","8.5","2021-07-04","0.02"
"US1FLDV0069","JACKSONVILLE 6.7 WSW, FL US","30.303307","-81.76355","8.5","2021-07-05","2.37"
"US1FLDV0069","JACKSONVILLE 6.7 WSW, FL US","30.303307","-81.76355","8.5","2021-07-06","0.04"
"US1FLDV0069","JACKSONVILLE 6.7 WSW, FL US","30.303307","-81.76355","8.5","2021-07-07","0.02"
"US1FLDV0069","JACKSONVILLE 6.7 WSW, FL US","30.303307","-81.76355","8.5","2021-07-08","3.34"
"US1FLDV0069","JACKSONVILLE 6.7 WSW, FL US","30.303307","-81.76355","8.5","2021-07-09","0.08"
"US1FLDV0069","JACKSONVILLE 6.7 WSW, FL US","30.303307","-81.76355","8.5","2021-07-10","0.00"
"US1FLDV0069","JACKSONVILLE 6.7 WSW, FL US","30.303307","-81.76355","8.5","2021-07-11","0.00"
"US1FLDV0069","JACKSONVILLE 6.7 WSW, FL US","30.303307","-81.76355","8.5","2021-07-12","0.34"
"US1FLDV0069","JACKSONVILLE 6.7 WSW, FL US","30.303307","-81.76355","8.5","2021-07-13","0.00"
"US1FLDV0069","JACKSONVILLE 6.7 WSW, FL US","30.303307","-81.76355","8.5","2021-07-14","0.00"
"US1FLDV0069","JACKSONVILLE 6.7 WSW, FL US","30.303307","-81.76355","8.5","2021-07-15","0.00"
"US1FLDV0069","JACKSONVILLE 6.7 WSW, FL US","30.303307","-81.76355","8.5","2021-07-16","0.00"
"US1FLDV0069","JACKSONVILLE 6.7 WSW, FL US","30.303307","-81.76355","8.5","2021-07-17","0.00"
"US1FLDV0069","JACKSONVILLE 6.7 WSW, FL US","30.303307","-81.76355","8.5","2021-07-18","0.00"
"US1FLDV0069","JACKSONVILLE 6.7 WSW, FL US","30.303307","-81.76355","8.5","2021-07-19","0.09"
"US1FLDV0069","JACKSONVILLE 6.7 WSW, FL US","30.303307","-81.76355","8.5","2021-07-20","1.08"
"US1FLMN0016","KEY WEST 1.3 ENE, FL US","24.5695","-81.7559","0.3","2021-07-04","0.00"
"US1FLMN0016","KEY WEST 1.3 ENE, FL US","24.5695","-81.7559","0.3","2021-07-05","0.72"
"US1FLMN0016","KEY WEST 1.3 ENE, FL US","24.5695","-81.7559","0.3","2021-07-06","5.21"
"US1FLMN0016","KEY WEST 1.3 ENE, FL US","24.5695","-81.7559","0.3","2021-07-07","0.00"
"US1FLMN0016","KEY WEST 1.3 ENE, FL US","24.5695","-81.7559","0.3","2021-07-08","0.00"
"US1FLMN0016","KEY WEST 1.3 ENE, FL US","24.5695","-81.7559","0.3","2021-07-09","0.00"
"US1FLMN0016","KEY WEST 1.3 ENE, FL US","24.5695","-81.7559","0.3","2021-07-10","0.00"
"US1FLMN0016","KEY WEST 1.3 ENE, FL US","24.5695","-81.7559","0.3","2021-07-11","1.25"
"US1FLMN0016","KEY WEST 1.3 ENE, FL US","24.5695","-81.7559","0.3","2021-07-12","0.07"
"US1FLMN0016","KEY WEST 1.3 ENE, FL US","24.5695","-81.7559","0.3","2021-07-13","0.17"
"US1FLMN0016","KEY WEST 1.3 ENE, FL US","24.5695","-81.7559","0.3","2021-07-14","0.00"
"US1FLMN0016","KEY WEST 1.3 ENE, FL US","24.5695","-81.7559","0.3","2021-07-15","1.41"
"US1FLMN0016","KEY WEST 1.3 ENE, FL US","24.5695","-81.7559","0.3","2021-07-16","0.03"
"US1FLMN0016","KEY WEST 1.3 ENE, FL US","24.5695","-81.7559","0.3","2021-07-17","0.00"
"US1FLMN0016","KEY WEST 1.3 ENE, FL US","24.5695","-81.7559","0.3","2021-07-18","0.00"
"US1FLMN0016","KEY WEST 1.3 ENE, FL US","24.5695","-81.7559","0.3","2021-07-19","0.00"
"US1FLMN0016","KEY WEST 1.3 ENE, FL US","24.5695","-81.7559","0.3","2021-07-20","0.00"
"US1FLMN0016","KEY WEST 1.3 ENE, FL US","24.5695","-81.7559","0.3","2021-07-21","0.00"
"US1FLSJ0039","ST JOHNS 6.2 SE, FL US","30.012288","-81.480232","8.2","2021-07-04","0.00"
"US1FLSJ0039","ST JOHNS 6.2 SE, FL US","30.012288","-81.480232","8.2","2021-07-05","0.94"
"US1FLSJ0039","ST JOHNS 6.2 SE, FL US","30.012288","-81.480232","8.2","2021-07-06","0.01"
"US1FLSJ0039","ST JOHNS 6.2 SE, FL US","30.012288","-81.480232","8.2","2021-07-07","0.00"
"US1FLSJ0039","ST JOHNS 6.2 SE, FL US","30.012288","-81.480232","8.2","2021-07-08","1.33"
"US1FLSJ0039","ST JOHNS 6.2 SE, FL US","30.012288","-81.480232","8.2","2021-07-09","0.02"
"US1FLSJ0039","ST JOHNS 6.2 SE, FL US","30.012288","-81.480232","8.2","2021-07-10","0.00"
"US1FLSJ0039","ST JOHNS 6.2 SE, FL US","30.012288","-81.480232","8.2","2021-07-11","0.00"
"US1FLSJ0039","ST JOHNS 6.2 SE, FL US","30.012288","-81.480232","8.2","2021-07-12","0.53"
"US1FLSJ0039","ST JOHNS 6.2 SE, FL US","30.012288","-81.480232","8.2","2021-07-13","0.16"
"US1FLSJ0039","ST JOHNS 6.2 SE, FL US","30.012288","-81.480232","8.2","2021-07-14","0.08"
"US1FLSJ0039","ST JOHNS 6.2 SE, FL US","30.012288","-81.480232","8.2","2021-07-15","0.00"
"US1FLSJ0039","ST JOHNS 6.2 SE, FL US","30.012288","-81.480232","8.2","2021-07-16","0.00"
"US1FLSJ0039","ST JOHNS 6.2 SE, FL US","30.012288","-81.480232","8.2","2021-07-17","0.00"
"US1FLSJ0039","ST JOHNS 6.2 SE, FL US","30.012288","-81.480232","8.2","2021-07-18","0.00"
"US1FLSJ0039","ST JOHNS 6.2 SE, FL US","30.012288","-81.480232","8.2","2021-07-19","0.00"
"US1FLSJ0039","ST JOHNS 6.2 SE, FL US","30.012288","-81.480232","8.2","2021-07-20","0.21"
"US1FLSJ0039","ST JOHNS 6.2 SE, FL US","30.012288","-81.480232","8.2","2021-07-21","0.25"
"US1FLSJ0036","FRUIT COVE 1.1 NW, FL US","30.111588","-81.632329","3.0","2021-07-04","0.00"
"US1FLSJ0036","FRUIT COVE 1.1 NW, FL US","30.111588","-81.632329","3.0","2021-07-05","0.25"
"US1FLSJ0036","FRUIT COVE 1.1 NW, FL US","30.111588","-81.632329","3.0","2021-07-06","0.00"
"US1FLSJ0036","FRUIT COVE 1.1 NW, FL US","30.111588","-81.632329","3.0","2021-07-07","0.00"
"US1FLSJ0036","FRUIT COVE 1.1 NW, FL US","30.111588","-81.632329","3.0","2021-07-08","2.14"
"US1FLSJ0036","FRUIT COVE 1.1 NW, FL US","30.111588","-81.632329","3.0","2021-07-09","0.00"
"US1FLSJ0036","FRUIT COVE 1.1 NW, FL US","30.111588","-81.632329","3.0","2021-07-10","0.00"
"US1FLSJ0036","FRUIT COVE 1.1 NW, FL US","30.111588","-81.632329","3.0","2021-07-11","0.00"
"US1FLSJ0036","FRUIT COVE 1.1 NW, FL US","30.111588","-81.632329","3.0","2021-07-12","0.02"
"US1FLSJ0036","FRUIT COVE 1.1 NW, FL US","30.111588","-81.632329","3.0","2021-07-13","0.00"
"US1FLSJ0036","FRUIT COVE 1.1 NW, FL US","30.111588","-81.632329","3.0","2021-07-14","0.31"
"US1FLSJ0036","FRUIT COVE 1.1 NW, FL US","30.111588","-81.632329","3.0","2021-07-15","0.00"
"US1FLSJ0036","FRUIT COVE 1.1 NW, FL US","30.111588","-81.632329","3.0","2021-07-16","0.00"
"US1FLSJ0036","FRUIT COVE 1.1 NW, FL US","30.111588","-81.632329","3.0","2021-07-17","0.00"
"US1FLSJ0036","FRUIT COVE 1.1 NW, FL US","30.111588","-81.632329","3.0","2021-07-18","0.00"
"US1FLSJ0036","FRUIT COVE 1.1 NW, FL US","30.111588","-81.632329","3.0","2021-07-19","0.00"
"US1FLSJ0036","FRUIT COVE 1.1 NW, FL US","30.111588","-81.632329","3.0","2021-07-20","0.40"
"US1FLSJ0036","FRUIT COVE 1.1 NW, FL US","30.111588","-81.632329","3.0","2021-07-21","0.00"
"US1FLSJ0034","ST. AUGUSTINE 5.1 WNW, FL US","29.91976","-81.39013","10.4","2021-07-04","0.00"
"US1FLSJ0034","ST. AUGUSTINE 5.1 WNW, FL US","29.91976","-81.39013","10.4","2021-07-05","0.29"
"US1FLSJ0034","ST. AUGUSTINE 5.1 WNW, FL US","29.91976","-81.39013","10.4","2021-07-06","0.00"
"US1FLSJ0034","ST. AUGUSTINE 5.1 WNW, FL US","29.91976","-81.39013","10.4","2021-07-07","0.00"
"US1FLSJ0034","ST. AUGUSTINE 5.1 WNW, FL US","29.91976","-81.39013","10.4","2021-07-08","0.86"
"US1FLSJ0034","ST. AUGUSTINE 5.1 WNW, FL US","29.91976","-81.39013","10.4","2021-07-09","0.07"
"US1FLSJ0034","ST. AUGUSTINE 5.1 WNW, FL US","29.91976","-81.39013","10.4","2021-07-10","0.16"
"US1FLSJ0034","ST. AUGUSTINE 5.1 WNW, FL US","29.91976","-81.39013","10.4","2021-07-11","0.00"
"US1FLSJ0034","ST. AUGUSTINE 5.1 WNW, FL US","29.91976","-81.39013","10.4","2021-07-12","0.00"
"US1FLSJ0034","ST. AUGUSTINE 5.1 WNW, FL US","29.91976","-81.39013","10.4","2021-07-13","0.51"
"US1FLSJ0034","ST. AUGUSTINE 5.1 WNW, FL US","29.91976","-81.39013","10.4","2021-07-14","0.00"
"US1FLSJ0034","ST. AUGUSTINE 5.1 WNW, FL US","29.91976","-81.39013","10.4","2021-07-15","0.03"
"US1FLSJ0034","ST. AUGUSTINE 5.1 WNW, FL US","29.91976","-81.39013","10.4","2021-07-16","0.00"
"US1FLSJ0034","ST. AUGUSTINE 5.1 WNW, FL US","29.91976","-81.39013","10.4","2021-07-17","0.00"
"US1FLSJ0034","ST. AUGUSTINE 5.1 WNW, FL US","29.91976","-81.39013","10.4","2021-07-18","0.00"
"US1FLSJ0034","ST. AUGUSTINE 5.1 WNW, FL US","29.91976","-81.39013","10.4","2021-07-19","0.00"
"US1FLSJ0034","ST. AUGUSTINE 5.1 WNW, FL US","29.91976","-81.39013","10.4","2021-07-20","0.26"
"US1FLSJ0034","ST. AUGUSTINE 5.1 WNW, FL US","29.91976","-81.39013","10.4","2021-07-21","0.03"
"US1FLSJ0033","SAWGRASS 2.2 S, FL US","30.16128","-81.36685","2.4","2021-07-04","0.00"
"US1FLSJ0033","SAWGRASS 2.2 S, FL US","30.16128","-81.36685","2.4","2021-07-05","0.27"
"US1FLSJ0033","SAWGRASS 2.2 S, FL US","30.16128","-81.36685","2.4","2021-07-06","0.00"
"US1FLSJ0033","SAWGRASS 2.2 S, FL US","30.16128","-81.36685","2.4","2021-07-08","1.31"
"US1FLSJ0033","SAWGRASS 2.2 S, FL US","30.16128","-81.36685","2.4","2021-07-09","0.00"
"US1FLSJ0033","SAWGRASS 2.2 S, FL US","30.16128","-81.36685","2.4","2021-07-10","0.03"
"US1FLSJ0033","SAWGRASS 2.2 S, FL US","30.16128","-81.36685","2.4","2021-07-11","0.00"
"US1FLSJ0033","SAWGRASS 2.2 S, FL US","30.16128","-81.36685","2.4","2021-07-12","0.00"
"US1FLSJ0033","SAWGRASS 2.2 S, FL US","30.16128","-81.36685","2.4","2021-07-13","0.00"
"US1FLSJ0033","SAWGRASS 2.2 S, FL US","30.16128","-81.36685","2.4","2021-07-14","0.09"
"US1FLSJ0033","SAWGRASS 2.2 S, FL US","30.16128","-81.36685","2.4","2021-07-15","0.00"
"US1FLSJ0033","SAWGRASS 2.2 S, FL US","30.16128","-81.36685","2.4","2021-07-16","0.00"
"US1FLSJ0033","SAWGRASS 2.2 S, FL US","30.16128","-81.36685","2.4","2021-07-17","0.00"
"US1FLSJ0033","SAWGRASS 2.2 S, FL US","30.16128","-81.36685","2.4","2021-07-18","0.00"
"US1FLSJ0033","SAWGRASS 2.2 S, FL US","30.16128","-81.36685","2.4","2021-07-19","0.00"
"US1FLSJ0033","SAWGRASS 2.2 S, FL US","30.16128","-81.36685","2.4","2021-07-20","1.11"
"US1FLSJ0033","SAWGRASS 2.2 S, FL US","30.16128","-81.36685","2.4","2021-07-21","0.73"
"US1FLDV0050","JACKSONVILLE 8.9 ENE, FL US","30.3848","-81.521","2.7","2021-07-04",
"US1FLDV0050","JACKSONVILLE 8.9 ENE, FL US","30.3848","-81.521","2.7","2021-07-06",
"US1FLDV0050","JACKSONVILLE 8.9 ENE, FL US","30.3848","-81.521","2.7","2021-07-07","0.01"
"US1FLDV0050","JACKSONVILLE 8.9 ENE, FL US","30.3848","-81.521","2.7","2021-07-08","2.56"
"US1FLDV0050","JACKSONVILLE 8.9 ENE, FL US","30.3848","-81.521","2.7","2021-07-11",
"US1FLDV0050","JACKSONVILLE 8.9 ENE, FL US","30.3848","-81.521","2.7","2021-07-12","0.47"
"US1FLDV0050","JACKSONVILLE 8.9 ENE, FL US","30.3848","-81.521","2.7","2021-07-13","0.14"
"US1FLDV0050","JACKSONVILLE 8.9 ENE, FL US","30.3848","-81.521","2.7","2021-07-15",
"US1FLDV0050","JACKSONVILLE 8.9 ENE, FL US","30.3848","-81.521","2.7","2021-07-16","0.00"
"US1FLDV0050","JACKSONVILLE 8.9 ENE, FL US","30.3848","-81.521","2.7","2021-07-17","0.00"
"US1FLDV0050","JACKSONVILLE 8.9 ENE, FL US","30.3848","-81.521","2.7","2021-07-18","0.00"
"US1FLDV0050","JACKSONVILLE 8.9 ENE, FL US","30.3848","-81.521","2.7","2021-07-19","0.24"
"US1FLDV0050","JACKSONVILLE 8.9 ENE, FL US","30.3848","-81.521","2.7","2021-07-20","0.94"
"US1FLDV0051","JACKSONVILLE 12.0 SSE, FL US","30.175","-81.5705","7.3","2021-07-08","1.68"
"USC00089566","WEWAHITCHKA, FL US","30.1123","-85.19588","13.4","2021-07-04","0.05"
"USC00089566","WEWAHITCHKA, FL US","30.1123","-85.19588","13.4","2021-07-05","0.10"
"USC00089566","WEWAHITCHKA, FL US","30.1123","-85.19588","13.4","2021-07-06","0.05"
"USC00089566","WEWAHITCHKA, FL US","30.1123","-85.19588","13.4","2021-07-07","0.60"
"USC00089566","WEWAHITCHKA, FL US","30.1123","-85.19588","13.4","2021-07-08","0.02"
"USC00089566","WEWAHITCHKA, FL US","30.1123","-85.19588","13.4","2021-07-09","0.00"
"USC00089566","WEWAHITCHKA, FL US","30.1123","-85.19588","13.4","2021-07-10","1.00"
"USC00089566","WEWAHITCHKA, FL US","30.1123","-85.19588","13.4","2021-07-11","0.00"
"USC00089566","WEWAHITCHKA, FL US","30.1123","-85.19588","13.4","2021-07-12","0.00"
"USC00089566","WEWAHITCHKA, FL US","30.1123","-85.19588","13.4","2021-07-14","0.05"
"USC00089566","WEWAHITCHKA, FL US","30.1123","-85.19588","13.4","2021-07-15","0.00"
"USC00089566","WEWAHITCHKA, FL US","30.1123","-85.19588","13.4","2021-07-16","0.00"
"USC00089566","WEWAHITCHKA, FL US","30.1123","-85.19588","13.4","2021-07-17","0.00"
"USC00089566","WEWAHITCHKA, FL US","30.1123","-85.19588","13.4","2021-07-18","0.05"
"USC00089566","WEWAHITCHKA, FL US","30.1123","-85.19588","13.4","2021-07-19","1.10"
"USC00089566","WEWAHITCHKA, FL US","30.1123","-85.19588","13.4","2021-07-20","0.20"
"USC00089566","WEWAHITCHKA, FL US","30.1123","-85.19588","13.4","2021-07-21","0.45"
"US1FLDV0059","JACKSONVILLE 4.2 NE, FL US","30.375792","-81.604721","8.5","2021-07-04","0.02"
"US1FLDV0059","JACKSONVILLE 4.2 NE, FL US","30.375792","-81.604721","8.5","2021-07-05","4.42"
"US1FLDV0059","JACKSONVILLE 4.2 NE, FL US","30.375792","-81.604721","8.5","2021-07-06","0.25"
"US1FLDV0059","JACKSONVILLE 4.2 NE, FL US","30.375792","-81.604721","8.5","2021-07-07","0.00"
"US1FLDV0059","JACKSONVILLE 4.2 NE, FL US","30.375792","-81.604721","8.5","2021-07-08","2.60"
"US1FLDV0059","JACKSONVILLE 4.2 NE, FL US","30.375792","-81.604721","8.5","2021-07-09","0.02"
"US1FLDV0059","JACKSONVILLE 4.2 NE, FL US","30.375792","-81.604721","8.5","2021-07-10","0.22"
"US1FLDV0059","JACKSONVILLE 4.2 NE, FL US","30.375792","-81.604721","8.5","2021-07-11","0.01"
"US1FLDV0059","JACKSONVILLE 4.2 NE, FL US","30.375792","-81.604721","8.5","2021-07-12","0.48"
"US1FLDV0059","JACKSONVILLE 4.2 NE, FL US","30.375792","-81.604721","8.5","2021-07-13","0.01"
"US1FLDV0059","JACKSONVILLE 4.2 NE, FL US","30.375792","-81.604721","8.5","2021-07-14","0.00"
"US1FLDV0059","JACKSONVILLE 4.2 NE, FL US","30.375792","-81.604721","8.5","2021-07-15","0.00"
"US1FLDV0059","JACKSONVILLE 4.2 NE, FL US","30.375792","-81.604721","8.5","2021-07-16","0.00"
"US1FLDV0059","JACKSONVILLE 4.2 NE, FL US","30.375792","-81.604721","8.5","2021-07-17","0.00"
"US1FLDV0059","JACKSONVILLE 4.2 NE, FL US","30.375792","-81.604721","8.5","2021-07-18","0.00"
"US1FLDV0059","JACKSONVILLE 4.2 NE, FL US","30.375792","-81.604721","8.5","2021-07-19","2.75"
"US1FLDV0059","JACKSONVILLE 4.2 NE, FL US","30.375792","-81.604721","8.5","2021-07-20","0.65"
"US1FLDV0059","JACKSONVILLE 4.2 NE, FL US","30.375792","-81.604721","8.5","2021-07-21","0.00"
"US1FLMN0023","MARATHON 6.8 ENE, FL US","24.74355","-80.9788","0.3","2021-07-04","0.00"
"US1FLMN0023","MARATHON 6.8 ENE, FL US","24.74355","-80.9788","0.3","2021-07-05","0.02"
"US1FLMN0023","MARATHON 6.8 ENE, FL US","24.74355","-80.9788","0.3","2021-07-06","0.50"
"US1FLMN0023","MARATHON 6.8 ENE, FL US","24.74355","-80.9788","0.3","2021-07-07","0.90"
"US1FLMN0023","MARATHON 6.8 ENE, FL US","24.74355","-80.9788","0.3","2021-07-08","0.00"
"US1FLMN0023","MARATHON 6.8 ENE, FL US","24.74355","-80.9788","0.3","2021-07-09","0.00"
"US1FLMN0023","MARATHON 6.8 ENE, FL US","24.74355","-80.9788","0.3","2021-07-10","0.00"
"US1FLMN0023","MARATHON 6.8 ENE, FL US","24.74355","-80.9788","0.3","2021-07-11","0.00"
"US1FLMN0023","MARATHON 6.8 ENE, FL US","24.74355","-80.9788","0.3","2021-07-12","0.45"
"US1FLMN0023","MARATHON 6.8 ENE, FL US","24.74355","-80.9788","0.3","2021-07-13","0.00"
"US1FLMN0023","MARATHON 6.8 ENE, FL US","24.74355","-80.9788","0.3","2021-07-14","0.33"
"US1FLMN0023","MARATHON 6.8 ENE, FL US","24.74355","-80.9788","0.3","2021-07-15","0.06"
"US1FLMN0023","MARATHON 6.8 ENE, FL US","24.74355","-80.9788","0.3","2021-07-17",
"US1FLMN0023","MARATHON 6.8 ENE, FL US","24.74355","-80.9788","0.3","2021-07-20","0.00"
"US1FLMN0021","KEY LARGO 0.9 SE, FL US","25.0954666137695","-80.4317779541016","0.6","2021-07-04","0.00"
"US1FLMN0021","KEY LARGO 0.9 SE, FL US","25.0954666137695","-80.4317779541016","0.6","2021-07-05","0.34"
"US1FLMN0021","KEY LARGO 0.9 SE, FL US","25.0954666137695","-80.4317779541016","0.6","2021-07-06","0.19"
"US1FLMN0021","KEY LARGO 0.9 SE, FL US","25.0954666137695","-80.4317779541016","0.6","2021-07-07","0.00"
"US1FLMN0021","KEY LARGO 0.9 SE, FL US","25.0954666137695","-80.4317779541016","0.6","2021-07-08","0.00"
"US1FLMN0021","KEY LARGO 0.9 SE, FL US","25.0954666137695","-80.4317779541016","0.6","2021-07-09","0.00"
"US1FLMN0021","KEY LARGO 0.9 SE, FL US","25.0954666137695","-80.4317779541016","0.6","2021-07-10","0.00"
"US1FLMN0021","KEY LARGO 0.9 SE, FL US","25.0954666137695","-80.4317779541016","0.6","2021-07-11","0.03"
"US1FLMN0021","KEY LARGO 0.9 SE, FL US","25.0954666137695","-80.4317779541016","0.6","2021-07-12","0.29"
"US1FLMN0021","KEY LARGO 0.9 SE, FL US","25.0954666137695","-80.4317779541016","0.6","2021-07-13","0.83"
"US1FLMN0021","KEY LARGO 0.9 SE, FL US","25.0954666137695","-80.4317779541016","0.6","2021-07-14","0.94"
"US1FLMN0021","KEY LARGO 0.9 SE, FL US","25.0954666137695","-80.4317779541016","0.6","2021-07-15","0.00"
"US1FLMN0021","KEY LARGO 0.9 SE, FL US","25.0954666137695","-80.4317779541016","0.6","2021-07-16","0.00"
"US1FLMN0021","KEY LARGO 0.9 SE, FL US","25.0954666137695","-80.4317779541016","0.6","2021-07-17","0.05"
"US1FLMN0021","KEY LARGO 0.9 SE, FL US","25.0954666137695","-80.4317779541016","0.6","2021-07-18","0.00"
"US1FLMN0021","KEY LARGO 0.9 SE, FL US","25.0954666137695","-80.4317779541016","0.6","2021-07-19","0.03"
"US1FLMN0021","KEY LARGO 0.9 SE, FL US","25.0954666137695","-80.4317779541016","0.6","2021-07-21","0.00"
"US1FLMN0024","KEY WEST 0.5 SW, FL US","24.557245","-81.78091","0.6","2021-07-04","0.00"
"US1FLMN0024","KEY WEST 0.5 SW, FL US","24.557245","-81.78091","0.6","2021-07-05","0.40"
"US1FLMN0024","KEY WEST 0.5 SW, FL US","24.557245","-81.78091","0.6","2021-07-07","2.50"
"US1FLMN0024","KEY WEST 0.5 SW, FL US","24.557245","-81.78091","0.6","2021-07-08","0.00"
"US1FLMN0024","KEY WEST 0.5 SW, FL US","24.557245","-81.78091","0.6","2021-07-09","0.00"
"US1FLMN0024","KEY WEST 0.5 SW, FL US","24.557245","-81.78091","0.6","2021-07-10","0.00"
"US1FLMN0024","KEY WEST 0.5 SW, FL US","24.557245","-81.78091","0.6","2021-07-11","0.34"
"US1FLMN0024","KEY WEST 0.5 SW, FL US","24.557245","-81.78091","0.6","2021-07-12","0.23"
"US1FLMN0024","KEY WEST 0.5 SW, FL US","24.557245","-81.78091","0.6","2021-07-13","0.14"
"US1FLMN0024","KEY WEST 0.5 SW, FL US","24.557245","-81.78091","0.6","2021-07-14","0.00"
"US1FLMN0024","KEY WEST 0.5 SW, FL US","24.557245","-81.78091","0.6","2021-07-15","0.76"
"US1FLMN0024","KEY WEST 0.5 SW, FL US","24.557245","-81.78091","0.6","2021-07-16","0.17"
"US1FLMN0024","KEY WEST 0.5 SW, FL US","24.557245","-81.78091","0.6","2021-07-17","0.00"
"US1FLMN0024","KEY WEST 0.5 SW, FL US","24.557245","-81.78091","0.6","2021-07-18","0.01"
"US1FLMN0024","KEY WEST 0.5 SW, FL US","24.557245","-81.78091","0.6","2021-07-19","0.00"
"US1FLMN0024","KEY WEST 0.5 SW, FL US","24.557245","-81.78091","0.6","2021-07-20","0.00"
"US1FLMN0024","KEY WEST 0.5 SW, FL US","24.557245","-81.78091","0.6","2021-07-21","0.00"
"US1FLMN0025","KEY LARGO 6.2 NE, FL US","25.1691665649414","-80.3716354370117","1.8","2021-07-04","0.00"
"US1FLMN0025","KEY LARGO 6.2 NE, FL US","25.1691665649414","-80.3716354370117","1.8","2021-07-05","0.79"
"US1FLMN0025","KEY LARGO 6.2 NE, FL US","25.1691665649414","-80.3716354370117","1.8","2021-07-06","1.32"
"US1FLMN0025","KEY LARGO 6.2 NE, FL US","25.1691665649414","-80.3716354370117","1.8","2021-07-07","0.00"
"US1FLMN0025","KEY LARGO 6.2 NE, FL US","25.1691665649414","-80.3716354370117","1.8","2021-07-08","0.00"
"US1FLMN0025","KEY LARGO 6.2 NE, FL US","25.1691665649414","-80.3716354370117","1.8","2021-07-10",
"US1FLMN0025","KEY LARGO 6.2 NE, FL US","25.1691665649414","-80.3716354370117","1.8","2021-07-11","0.07"
"US1FLMN0025","KEY LARGO 6.2 NE, FL US","25.1691665649414","-80.3716354370117","1.8","2021-07-12","0.63"
"US1FLMN0025","KEY LARGO 6.2 NE, FL US","25.1691665649414","-80.3716354370117","1.8","2021-07-13","0.30"
"US1FLMN0025","KEY LARGO 6.2 NE, FL US","25.1691665649414","-80.3716354370117","1.8","2021-07-14","0.56"
"US1FLMN0025","KEY LARGO 6.2 NE, FL US","25.1691665649414","-80.3716354370117","1.8","2021-07-15","0.41"
"US1FLMN0025","KEY LARGO 6.2 NE, FL US","25.1691665649414","-80.3716354370117","1.8","2021-07-16","0.01"
"US1FLMN0025","KEY LARGO 6.2 NE, FL US","25.1691665649414","-80.3716354370117","1.8","2021-07-17","0.10"
"US1FLMN0025","KEY LARGO 6.2 NE, FL US","25.1691665649414","-80.3716354370117","1.8","2021-07-18","0.22"
"US1FLMN0025","KEY LARGO 6.2 NE, FL US","25.1691665649414","-80.3716354370117","1.8","2021-07-19","0.00"
"US1FLMN0025","KEY LARGO 6.2 NE, FL US","25.1691665649414","-80.3716354370117","1.8","2021-07-20","0.00"
"US1FLMN0025","KEY LARGO 6.2 NE, FL US","25.1691665649414","-80.3716354370117","1.8","2021-07-21","0.00"
"US1FLNS0012","FERNANDINA BEACH 0.6 S, FL US","30.648933","-81.448349","6.1","2021-07-04","0.10"
"US1FLNS0012","FERNANDINA BEACH 0.6 S, FL US","30.648933","-81.448349","6.1","2021-07-05","0.80"
"US1FLNS0012","FERNANDINA BEACH 0.6 S, FL US","30.648933","-81.448349","6.1","2021-07-06","2.25"
"US1FLNS0012","FERNANDINA BEACH 0.6 S, FL US","30.648933","-81.448349","6.1","2021-07-07","0.00"
"US1FLNS0012","FERNANDINA BEACH 0.6 S, FL US","30.648933","-81.448349","6.1","2021-07-08","2.35"
"US1FLNS0012","FERNANDINA BEACH 0.6 S, FL US","30.648933","-81.448349","6.1","2021-07-09","0.00"
"US1FLNS0012","FERNANDINA BEACH 0.6 S, FL US","30.648933","-81.448349","6.1","2021-07-10","0.00"
"US1FLNS0012","FERNANDINA BEACH 0.6 S, FL US","30.648933","-81.448349","6.1","2021-07-11","0.00"
"US1FLNS0012","FERNANDINA BEACH 0.6 S, FL US","30.648933","-81.448349","6.1","2021-07-12","0.00"
"US1FLNS0012","FERNANDINA BEACH 0.6 S, FL US","30.648933","-81.448349","6.1","2021-07-13","0.00"
"US1FLNS0012","FERNANDINA BEACH 0.6 S, FL US","30.648933","-81.448349","6.1","2021-07-14","0.00"
"US1FLNS0012","FERNANDINA BEACH 0.6 S, FL US","30.648933","-81.448349","6.1","2021-07-15","0.00"
"US1FLNS0012","FERNANDINA BEACH 0.6 S, FL US","30.648933","-81.448349","6.1","2021-07-16","0.00"
"US1FLNS0012","FERNANDINA BEACH 0.6 S, FL US","30.648933","-81.448349","6.1","2021-07-17","0.00"
"US1FLNS0012","FERNANDINA BEACH 0.6 S, FL US","30.648933","-81.448349","6.1","2021-07-18","0.00"
"US1FLNS0012","FERNANDINA BEACH 0.6 S, FL US","30.648933","-81.448349","6.1","2021-07-19","0.00"
"US1FLNS0012","FERNANDINA BEACH 0.6 S, FL US","30.648933","-81.448349","6.1","2021-07-20","1.32"
"US1FLNS0012","FERNANDINA BEACH 0.6 S, FL US","30.648933","-81.448349","6.1","2021-07-21","0.33"
"US1FLDV0003","JACKSONVILLE 5.9 SW, FL US","30.276483","-81.730413","7.0","2021-07-04","0.00"
"US1FLDV0003","JACKSONVILLE 5.9 SW, FL US","30.276483","-81.730413","7.0","2021-07-05","1.43"
"US1FLDV0003","JACKSONVILLE 5.9 SW, FL US","30.276483","-81.730413","7.0","2021-07-06","0.00"
"US1FLDV0003","JACKSONVILLE 5.9 SW, FL US","30.276483","-81.730413","7.0","2021-07-07","0.03"
"US1FLDV0003","JACKSONVILLE 5.9 SW, FL US","30.276483","-81.730413","7.0","2021-07-08","2.56"
"US1FLDV0003","JACKSONVILLE 5.9 SW, FL US","30.276483","-81.730413","7.0","2021-07-09","0.05"
"US1FLDV0003","JACKSONVILLE 5.9 SW, FL US","30.276483","-81.730413","7.0","2021-07-10","0.00"
"US1FLDV0003","JACKSONVILLE 5.9 SW, FL US","30.276483","-81.730413","7.0","2021-07-11","0.00"
"US1FLDV0003","JACKSONVILLE 5.9 SW, FL US","30.276483","-81.730413","7.0","2021-07-12","0.10"
"US1FLDV0003","JACKSONVILLE 5.9 SW, FL US","30.276483","-81.730413","7.0","2021-07-13","0.00"
"US1FLDV0003","JACKSONVILLE 5.9 SW, FL US","30.276483","-81.730413","7.0","2021-07-14","0.15"
"US1FLDV0003","JACKSONVILLE 5.9 SW, FL US","30.276483","-81.730413","7.0","2021-07-15","0.00"
"US1FLDV0003","JACKSONVILLE 5.9 SW, FL US","30.276483","-81.730413","7.0","2021-07-16","0.00"
"US1FLDV0003","JACKSONVILLE 5.9 SW, FL US","30.276483","-81.730413","7.0","2021-07-17","0.00"
"US1FLDV0003","JACKSONVILLE 5.9 SW, FL US","30.276483","-81.730413","7.0","2021-07-18","0.00"
"US1FLDV0003","JACKSONVILLE 5.9 SW, FL US","30.276483","-81.730413","7.0","2021-07-19","0.02"
"US1FLDV0003","JACKSONVILLE 5.9 SW, FL US","30.276483","-81.730413","7.0","2021-07-20","0.89"
"US1FLDV0003","JACKSONVILLE 5.9 SW, FL US","30.276483","-81.730413","7.0","2021-07-21","0.00"
"US1FLMD0100","CORAL TERRACE 1.3 SSE, FL US","25.729273","-80.295468","7.6","2021-07-06","3.35"
"US1FLMD0100","CORAL TERRACE 1.3 SSE, FL US","25.729273","-80.295468","7.6","2021-07-14","0.34"
"US1FLMD0100","CORAL TERRACE 1.3 SSE, FL US","25.729273","-80.295468","7.6","2021-07-15","0.03"
"USR0000FOAS","OASIS FLORIDA, FL US","25.85","-81.03","2.4","2021-07-04",
"USR0000FOAS","OASIS FLORIDA, FL US","25.85","-81.03","2.4","2021-07-05",
"USR0000FOAS","OASIS FLORIDA, FL US","25.85","-81.03","2.4","2021-07-06",
"USR0000FOAS","OASIS FLORIDA, FL US","25.85","-81.03","2.4","2021-07-07",
"USR0000FOAS","OASIS FLORIDA, FL US","25.85","-81.03","2.4","2021-07-08",
"USR0000FOAS","OASIS FLORIDA, FL US","25.85","-81.03","2.4","2021-07-09",
"USR0000FOAS","OASIS FLORIDA, FL US","25.85","-81.03","2.4","2021-07-10",
"USR0000FOAS","OASIS FLORIDA, FL US","25.85","-81.03","2.4","2021-07-11",
"USR0000FOAS","OASIS FLORIDA, FL US","25.85","-81.03","2.4","2021-07-12",
"USR0000FOAS","OASIS FLORIDA, FL US","25.85","-81.03","2.4","2021-07-13",
"USR0000FOAS","OASIS FLORIDA, FL US","25.85","-81.03","2.4","2021-07-14",
"USR0000FOAS","OASIS FLORIDA, FL US","25.85","-81.03","2.4","2021-07-15",
"USR0000FOAS","OASIS FLORIDA, FL US","25.85","-81.03","2.4","2021-07-16",
"USR0000FOAS","OASIS FLORIDA, FL US","25.85","-81.03","2.4","2021-07-17",
"USR0000FOAS","OASIS FLORIDA, FL US","25.85","-81.03","2.4","2021-07-18",
"USR0000FOAS","OASIS FLORIDA, FL US","25.85","-81.03","2.4","2021-07-19",
"USR0000FOAS","OASIS FLORIDA, FL US","25.85","-81.03","2.4","2021-07-20",
"USR0000FOAS","OASIS FLORIDA, FL US","25.85","-81.03","2.4","2021-07-21",
"US1FLCR0053","NAPLES 16.6 ENE, FL US","26.26395","-81.56185","7.6","2021-07-04","0.00"
"US1FLCR0053","NAPLES 16.6 ENE, FL US","26.26395","-81.56185","7.6","2021-07-05","0.00"
"US1FLCR0053","NAPLES 16.6 ENE, FL US","26.26395","-81.56185","7.6","2021-07-06","1.44"
"US1FLCR0053","NAPLES 16.6 ENE, FL US","26.26395","-81.56185","7.6","2021-07-07","1.64"
"US1FLCR0053","NAPLES 16.6 ENE, FL US","26.26395","-81.56185","7.6","2021-07-08","0.00"
"US1FLCR0053","NAPLES 16.6 ENE, FL US","26.26395","-81.56185","7.6","2021-07-09","0.00"
"US1FLCR0053","NAPLES 16.6 ENE, FL US","26.26395","-81.56185","7.6","2021-07-10","0.17"
"US1FLCR0053","NAPLES 16.6 ENE, FL US","26.26395","-81.56185","7.6","2021-07-11","0.04"
"US1FLCR0053","NAPLES 16.6 ENE, FL US","26.26395","-81.56185","7.6","2021-07-12","0.01"
"US1FLCR0053","NAPLES 16.6 ENE, FL US","26.26395","-81.56185","7.6","2021-07-13","0.00"
"US1FLCR0053","NAPLES 16.6 ENE, FL US","26.26395","-81.56185","7.6","2021-07-14","1.24"
"US1FLCR0053","NAPLES 16.6 ENE, FL US","26.26395","-81.56185","7.6","2021-07-15","0.43"
"US1FLCR0053","NAPLES 16.6 ENE, FL US","26.26395","-81.56185","7.6","2021-07-16","0.94"
"US1FLCR0053","NAPLES 16.6 ENE, FL US","26.26395","-81.56185","7.6","2021-07-17","0.00"
"US1FLCR0053","NAPLES 16.6 ENE, FL US","26.26395","-81.56185","7.6","2021-07-18","0.92"
"US1FLCR0053","NAPLES 16.6 ENE, FL US","26.26395","-81.56185","7.6","2021-07-19","0.03"
"US1FLCR0053","NAPLES 16.6 ENE, FL US","26.26395","-81.56185","7.6","2021-07-20","0.13"
"US1FLCR0053","NAPLES 16.6 ENE, FL US","26.26395","-81.56185","7.6","2021-07-21","0.05"
"US1FLCR0052","NAPLES 18.6 ENE, FL US","26.274447","-81.53183","5.8","2021-07-04","0.00"
"US1FLCR0052","NAPLES 18.6 ENE, FL US","26.274447","-81.53183","5.8","2021-07-05","0.00"
"US1FLCR0052","NAPLES 18.6 ENE, FL US","26.274447","-81.53183","5.8","2021-07-06","1.33"
"US1FLCR0052","NAPLES 18.6 ENE, FL US","26.274447","-81.53183","5.8","2021-07-07","1.63"
"US1FLCR0052","NAPLES 18.6 ENE, FL US","26.274447","-81.53183","5.8","2021-07-08","0.00"
"US1FLCR0052","NAPLES 18.6 ENE, FL US","26.274447","-81.53183","5.8","2021-07-09","0.00"
"US1FLCR0052","NAPLES 18.6 ENE, FL US","26.274447","-81.53183","5.8","2021-07-10","1.03"
"US1FLCR0052","NAPLES 18.6 ENE, FL US","26.274447","-81.53183","5.8","2021-07-11","0.08"
"US1FLCR0052","NAPLES 18.6 ENE, FL US","26.274447","-81.53183","5.8","2021-07-12","0.14"
"US1FLCR0052","NAPLES 18.6 ENE, FL US","26.274447","-81.53183","5.8","2021-07-13","0.00"
"US1FLCR0052","NAPLES 18.6 ENE, FL US","26.274447","-81.53183","5.8","2021-07-14","0.83"
"US1FLCR0052","NAPLES 18.6 ENE, FL US","26.274447","-81.53183","5.8","2021-07-15","0.73"
"US1FLCR0052","NAPLES 18.6 ENE, FL US","26.274447","-81.53183","5.8","2021-07-16","1.42"
"US1FLCR0052","NAPLES 18.6 ENE, FL US","26.274447","-81.53183","5.8","2021-07-17","0.00"
"US1FLCR0052","NAPLES 18.6 ENE, FL US","26.274447","-81.53183","5.8","2021-07-18","1.48"
"US1FLCR0052","NAPLES 18.6 ENE, FL US","26.274447","-81.53183","5.8","2021-07-19","0.06"
"US1FLCR0052","NAPLES 18.6 ENE, FL US","26.274447","-81.53183","5.8","2021-07-20","0.46"
"US1FLCR0052","NAPLES 18.6 ENE, FL US","26.274447","-81.53183","5.8","2021-07-21","0.06"
"US1FLCR0057","AVE MARIA 0.4 SE, FL US","26.33286","-81.43394","7.0","2021-07-04","0.00"
"US1FLCR0057","AVE MARIA 0.4 SE, FL US","26.33286","-81.43394","7.0","2021-07-05","0.37"
"US1FLCR0057","AVE MARIA 0.4 SE, FL US","26.33286","-81.43394","7.0","2021-07-06","1.63"
"US1FLCR0057","AVE MARIA 0.4 SE, FL US","26.33286","-81.43394","7.0","2021-07-07","1.13"
"US1FLCR0057","AVE MARIA 0.4 SE, FL US","26.33286","-81.43394","7.0","2021-07-08","0.00"
"US1FLCR0057","AVE MARIA 0.4 SE, FL US","26.33286","-81.43394","7.0","2021-07-09","0.44"
"US1FLCR0057","AVE MARIA 0.4 SE, FL US","26.33286","-81.43394","7.0","2021-07-10","0.44"
"US1FLCR0057","AVE MARIA 0.4 SE, FL US","26.33286","-81.43394","7.0","2021-07-11","0.00"
"US1FLCR0057","AVE MARIA 0.4 SE, FL US","26.33286","-81.43394","7.0","2021-07-12","0.09"
"US1FLCR0057","AVE MARIA 0.4 SE, FL US","26.33286","-81.43394","7.0","2021-07-13","0.00"
"US1FLCR0057","AVE MARIA 0.4 SE, FL US","26.33286","-81.43394","7.0","2021-07-14","1.64"
"US1FLCR0057","AVE MARIA 0.4 SE, FL US","26.33286","-81.43394","7.0","2021-07-15","2.85"
"US1FLCR0057","AVE MARIA 0.4 SE, FL US","26.33286","-81.43394","7.0","2021-07-16","0.20"
"US1FLCR0057","AVE MARIA 0.4 SE, FL US","26.33286","-81.43394","7.0","2021-07-17","0.11"
"US1FLCR0057","AVE MARIA 0.4 SE, FL US","26.33286","-81.43394","7.0","2021-07-18","0.34"
"US1FLCR0057","AVE MARIA 0.4 SE, FL US","26.33286","-81.43394","7.0","2021-07-19","0.00"
"US1FLCR0057","AVE MARIA 0.4 SE, FL US","26.33286","-81.43394","7.0","2021-07-20","0.26"
"US1FLCR0057","AVE MARIA 0.4 SE, FL US","26.33286","-81.43394","7.0","2021-07-21","0.44"
"US1FLCR0056","MARCO 1.1 SSE, FL US","25.9285","-81.7094","4.0","2021-07-04","0.00"
"US1FLCR0056","MARCO 1.1 SSE, FL US","25.9285","-81.7094","4.0","2021-07-05","0.00"
"US1FLCR0056","MARCO 1.1 SSE, FL US","25.9285","-81.7094","4.0","2021-07-06","0.45"
"US1FLCR0056","MARCO 1.1 SSE, FL US","25.9285","-81.7094","4.0","2021-07-07","4.25"
"US1FLCR0056","MARCO 1.1 SSE, FL US","25.9285","-81.7094","4.0","2021-07-08","0.00"
"US1FLCR0056","MARCO 1.1 SSE, FL US","25.9285","-81.7094","4.0","2021-07-09","0.00"
"US1FLCR0056","MARCO 1.1 SSE, FL US","25.9285","-81.7094","4.0","2021-07-10","0.10"
"US1FLCR0056","MARCO 1.1 SSE, FL US","25.9285","-81.7094","4.0","2021-07-11","0.54"
"US1FLCR0056","MARCO 1.1 SSE, FL US","25.9285","-81.7094","4.0","2021-07-12","0.14"
"US1FLCR0056","MARCO 1.1 SSE, FL US","25.9285","-81.7094","4.0","2021-07-13","0.00"
"US1FLCR0056","MARCO 1.1 SSE, FL US","25.9285","-81.7094","4.0","2021-07-14","1.50"
"US1FLCR0056","MARCO 1.1 SSE, FL US","25.9285","-81.7094","4.0","2021-07-15","0.80"
"US1FLCR0056","MARCO 1.1 SSE, FL US","25.9285","-81.7094","4.0","2021-07-16","0.24"
"US1FLCR0056","MARCO 1.1 SSE, FL US","25.9285","-81.7094","4.0","2021-07-17","0.33"
"US1FLCR0056","MARCO 1.1 SSE, FL US","25.9285","-81.7094","4.0","2021-07-18","0.35"
"US1FLCR0056","MARCO 1.1 SSE, FL US","25.9285","-81.7094","4.0","2021-07-19","0.10"
"US1FLCR0056","MARCO 1.1 SSE, FL US","25.9285","-81.7094","4.0","2021-07-20","0.00"
"US1FLCR0056","MARCO 1.1 SSE, FL US","25.9285","-81.7094","4.0","2021-07-21","0.00"
"US1FLCR0059","NAPLES 11.8 ENE, FL US","26.22706","-81.62801","8.8","2021-07-04","0.00"
"US1FLCR0059","NAPLES 11.8 ENE, FL US","26.22706","-81.62801","8.8","2021-07-05","0.00"
"US1FLCR0059","NAPLES 11.8 ENE, FL US","26.22706","-81.62801","8.8","2021-07-06","1.68"
"US1FLCR0059","NAPLES 11.8 ENE, FL US","26.22706","-81.62801","8.8","2021-07-07","1.32"
"US1FLCR0059","NAPLES 11.8 ENE, FL US","26.22706","-81.62801","8.8","2021-07-08","0.00"
"US1FLCR0059","NAPLES 11.8 ENE, FL US","26.22706","-81.62801","8.8","2021-07-09","0.00"
"US1FLCR0059","NAPLES 11.8 ENE, FL US","26.22706","-81.62801","8.8","2021-07-10","0.29"
"US1FLCR0059","NAPLES 11.8 ENE, FL US","26.22706","-81.62801","8.8","2021-07-11","0.07"
"US1FLCR0059","NAPLES 11.8 ENE, FL US","26.22706","-81.62801","8.8","2021-07-12","0.16"
"US1FLCR0059","NAPLES 11.8 ENE, FL US","26.22706","-81.62801","8.8","2021-07-13","0.00"
"US1FLCR0059","NAPLES 11.8 ENE, FL US","26.22706","-81.62801","8.8","2021-07-14","0.81"
"US1FLCR0059","NAPLES 11.8 ENE, FL US","26.22706","-81.62801","8.8","2021-07-15","0.22"
"US1FLCR0059","NAPLES 11.8 ENE, FL US","26.22706","-81.62801","8.8","2021-07-16","0.71"
"US1FLCR0059","NAPLES 11.8 ENE, FL US","26.22706","-81.62801","8.8","2021-07-17","0.00"
"US1FLCR0059","NAPLES 11.8 ENE, FL US","26.22706","-81.62801","8.8","2021-07-18","0.89"
"US1FLCR0059","NAPLES 11.8 ENE, FL US","26.22706","-81.62801","8.8","2021-07-19","0.19"
"US1FLCR0059","NAPLES 11.8 ENE, FL US","26.22706","-81.62801","8.8","2021-07-20","0.21"
"US1FLCR0059","NAPLES 11.8 ENE, FL US","26.22706","-81.62801","8.8","2021-07-21","0.13"
"US1FLSL0052","PORT ST. LUCIE 2.5 WNW, FL US","27.28908","-80.39403","10.4","2021-07-04","0.21"
"US1FLSL0052","PORT ST. LUCIE 2.5 WNW, FL US","27.28908","-80.39403","10.4","2021-07-05","0.00"
"US1FLSL0052","PORT ST. LUCIE 2.5 WNW, FL US","27.28908","-80.39403","10.4","2021-07-06","0.78"
"US1FLSL0052","PORT ST. LUCIE 2.5 WNW, FL US","27.28908","-80.39403","10.4","2021-07-09",
"US1FLSL0052","PORT ST. LUCIE 2.5 WNW, FL US","27.28908","-80.39403","10.4","2021-07-10","0.00"
"US1FLSL0052","PORT ST. LUCIE 2.5 WNW, FL US","27.28908","-80.39403","10.4","2021-07-12",
"US1FLSL0052","PORT ST. LUCIE 2.5 WNW, FL US","27.28908","-80.39403","10.4","2021-07-13","0.16"
"US1FLSL0052","PORT ST. LUCIE 2.5 WNW, FL US","27.28908","-80.39403","10.4","2021-07-17","0.34"
"US1FLSL0052","PORT ST. LUCIE 2.5 WNW, FL US","27.28908","-80.39403","10.4","2021-07-21","0.21"
"US1FLSL0051","PORT ST. LUCIE 3.5 WSW, FL US","27.2671","-80.4102","9.4","2021-07-04","0.08"
"US1FLSL0051","PORT ST. LUCIE 3.5 WSW, FL US","27.2671","-80.4102","9.4","2021-07-06","1.34"
"US1FLSL0051","PORT ST. LUCIE 3.5 WSW, FL US","27.2671","-80.4102","9.4","2021-07-07","0.03"
"US1FLSL0051","PORT ST. LUCIE 3.5 WSW, FL US","27.2671","-80.4102","9.4","2021-07-08","0.09"
"US1FLSL0051","PORT ST. LUCIE 3.5 WSW, FL US","27.2671","-80.4102","9.4","2021-07-10","0.00"
"US1FLSL0051","PORT ST. LUCIE 3.5 WSW, FL US","27.2671","-80.4102","9.4","2021-07-11","1.41"
"US1FLSL0051","PORT ST. LUCIE 3.5 WSW, FL US","27.2671","-80.4102","9.4","2021-07-14",
"US1FLSL0051","PORT ST. LUCIE 3.5 WSW, FL US","27.2671","-80.4102","9.4","2021-07-15","0.01"
"US1FLSL0051","PORT ST. LUCIE 3.5 WSW, FL US","27.2671","-80.4102","9.4","2021-07-16","0.00"
"US1FLSL0051","PORT ST. LUCIE 3.5 WSW, FL US","27.2671","-80.4102","9.4","2021-07-17","0.00"
"US1FLSL0051","PORT ST. LUCIE 3.5 WSW, FL US","27.2671","-80.4102","9.4","2021-07-19","0.00"
"US1FLSL0051","PORT ST. LUCIE 3.5 WSW, FL US","27.2671","-80.4102","9.4","2021-07-20","0.02"
"US1FLSL0051","PORT ST. LUCIE 3.5 WSW, FL US","27.2671","-80.4102","9.4","2021-07-21","0.20"
"US1FLSL0050","PORT ST. LUCIE 1.8 SW, FL US","27.26259","-80.37666","10.1","2021-07-04","0.19"
"US1FLSL0050","PORT ST. LUCIE 1.8 SW, FL US","27.26259","-80.37666","10.1","2021-07-05","0.02"
"US1FLSL0050","PORT ST. LUCIE 1.8 SW, FL US","27.26259","-80.37666","10.1","2021-07-06","0.95"
"US1FLSL0050","PORT ST. LUCIE 1.8 SW, FL US","27.26259","-80.37666","10.1","2021-07-07","0.10"
"US1FLSL0050","PORT ST. LUCIE 1.8 SW, FL US","27.26259","-80.37666","10.1","2021-07-08","0.10"
"US1FLSL0050","PORT ST. LUCIE 1.8 SW, FL US","27.26259","-80.37666","10.1","2021-07-09","0.00"
"US1FLSL0050","PORT ST. LUCIE 1.8 SW, FL US","27.26259","-80.37666","10.1","2021-07-10","0.00"
"US1FLSL0050","PORT ST. LUCIE 1.8 SW, FL US","27.26259","-80.37666","10.1","2021-07-11","0.03"
"US1FLSL0050","PORT ST. LUCIE 1.8 SW, FL US","27.26259","-80.37666","10.1","2021-07-12","0.00"
"US1FLSL0050","PORT ST. LUCIE 1.8 SW, FL US","27.26259","-80.37666","10.1","2021-07-13","0.23"
"US1FLSL0050","PORT ST. LUCIE 1.8 SW, FL US","27.26259","-80.37666","10.1","2021-07-14","0.02"
"US1FLSL0050","PORT ST. LUCIE 1.8 SW, FL US","27.26259","-80.37666","10.1","2021-07-15","0.10"
"US1FLSL0050","PORT ST. LUCIE 1.8 SW, FL US","27.26259","-80.37666","10.1","2021-07-16","0.00"
"US1FLSL0050","PORT ST. LUCIE 1.8 SW, FL US","27.26259","-80.37666","10.1","2021-07-17","0.00"
"US1FLSL0050","PORT ST. LUCIE 1.8 SW, FL US","27.26259","-80.37666","10.1","2021-07-21",
"USC00086078","NAPLES, FL US","26.1653","-81.6843","12.2","2021-07-04","0.00"
"USC00086078","NAPLES, FL US","26.1653","-81.6843","12.2","2021-07-05","0.00"
"USC00086078","NAPLES, FL US","26.1653","-81.6843","12.2","2021-07-06","0.55"
"USC00086078","NAPLES, FL US","26.1653","-81.6843","12.2","2021-07-07","2.01"
"USC00086078","NAPLES, FL US","26.1653","-81.6843","12.2","2021-07-08","0.00"
"USC00086078","NAPLES, FL US","26.1653","-81.6843","12.2","2021-07-09","0.02"
"USC00086078","NAPLES, FL US","26.1653","-81.6843","12.2","2021-07-10","0.74"
"USC00086078","NAPLES, FL US","26.1653","-81.6843","12.2","2021-07-11","0.70"
"USC00086078","NAPLES, FL US","26.1653","-81.6843","12.2","2021-07-12","0.11"
"USC00086078","NAPLES, FL US","26.1653","-81.6843","12.2","2021-07-13","0.22"
"USC00086078","NAPLES, FL US","26.1653","-81.6843","12.2","2021-07-14","1.03"
"USC00086078","NAPLES, FL US","26.1653","-81.6843","12.2","2021-07-15","0.75"
"USC00086078","NAPLES, FL US","26.1653","-81.6843","12.2","2021-07-16","1.10"
"USC00086078","NAPLES, FL US","26.1653","-81.6843","12.2","2021-07-17","0.00"
"USC00086078","NAPLES, FL US","26.1653","-81.6843","12.2","2021-07-18","0.33"
"USC00086078","NAPLES, FL US","26.1653","-81.6843","12.2","2021-07-19","0.88"
"USC00086078","NAPLES, FL US","26.1653","-81.6843","12.2","2021-07-20","0.06"
"USC00086078","NAPLES, FL US","26.1653","-81.6843","12.2","2021-07-21","0.00"
"US1FLHY0008","LABELLE 0.3 WNW, FL US","26.75822","-81.44319","7.3","2021-07-04","0.00"
"US1FLHY0008","LABELLE 0.3 WNW, FL US","26.75822","-81.44319","7.3","2021-07-05","0.00"
"US1FLHY0008","LABELLE 0.3 WNW, FL US","26.75822","-81.44319","7.3","2021-07-06","0.75"
"US1FLHY0008","LABELLE 0.3 WNW, FL US","26.75822","-81.44319","7.3","2021-07-07","0.72"
"US1FLHY0008","LABELLE 0.3 WNW, FL US","26.75822","-81.44319","7.3","2021-07-08","0.22"
"US1FLHY0008","LABELLE 0.3 WNW, FL US","26.75822","-81.44319","7.3","2021-07-09","0.00"
"US1FLHY0008","LABELLE 0.3 WNW, FL US","26.75822","-81.44319","7.3","2021-07-10","1.32"
"US1FLHY0008","LABELLE 0.3 WNW, FL US","26.75822","-81.44319","7.3","2021-07-12","0.00"
"US1FLHY0008","LABELLE 0.3 WNW, FL US","26.75822","-81.44319","7.3","2021-07-13","0.00"
"US1FLHY0008","LABELLE 0.3 WNW, FL US","26.75822","-81.44319","7.3","2021-07-14","0.32"
"US1FLHY0008","LABELLE 0.3 WNW, FL US","26.75822","-81.44319","7.3","2021-07-15","0.53"
"US1FLHY0008","LABELLE 0.3 WNW, FL US","26.75822","-81.44319","7.3","2021-07-16","0.00"
"US1FLHY0008","LABELLE 0.3 WNW, FL US","26.75822","-81.44319","7.3","2021-07-17","0.00"
"US1FLHY0008","LABELLE 0.3 WNW, FL US","26.75822","-81.44319","7.3","2021-07-18","0.12"
"US1FLHY0008","LABELLE 0.3 WNW, FL US","26.75822","-81.44319","7.3","2021-07-19","0.36"
"US1FLHY0008","LABELLE 0.3 WNW, FL US","26.75822","-81.44319","7.3","2021-07-20","1.32"
"US1FLHY0008","LABELLE 0.3 WNW, FL US","26.75822","-81.44319","7.3","2021-07-21","0.00"
"US1FLHY0003","LA BELLE 2.3 WNW, FL US","26.763904","-81.474755","4.9","2021-07-04","0.00"
"US1FLHY0003","LA BELLE 2.3 WNW, FL US","26.763904","-81.474755","4.9","2021-07-05","0.00"
"US1FLHY0003","LA BELLE 2.3 WNW, FL US","26.763904","-81.474755","4.9","2021-07-06","0.30"
"US1FLHY0003","LA BELLE 2.3 WNW, FL US","26.763904","-81.474755","4.9","2021-07-07","0.76"
"US1FLHY0003","LA BELLE 2.3 WNW, FL US","26.763904","-81.474755","4.9","2021-07-08","0.16"
"US1FLHY0003","LA BELLE 2.3 WNW, FL US","26.763904","-81.474755","4.9","2021-07-09","0.53"
"US1FLHY0003","LA BELLE 2.3 WNW, FL US","26.763904","-81.474755","4.9","2021-07-10","1.51"
"US1FLHY0003","LA BELLE 2.3 WNW, FL US","26.763904","-81.474755","4.9","2021-07-11","0.02"
"US1FLHY0003","LA BELLE 2.3 WNW, FL US","26.763904","-81.474755","4.9","2021-07-12","0.13"
"US1FLHY0003","LA BELLE 2.3 WNW, FL US","26.763904","-81.474755","4.9","2021-07-13","0.00"
"US1FLHY0003","LA BELLE 2.3 WNW, FL US","26.763904","-81.474755","4.9","2021-07-14","0.00"
"US1FLHY0003","LA BELLE 2.3 WNW, FL US","26.763904","-81.474755","4.9","2021-07-15","1.44"
"US1FLHY0003","LA BELLE 2.3 WNW, FL US","26.763904","-81.474755","4.9","2021-07-16","0.02"
"US1FLHY0003","LA BELLE 2.3 WNW, FL US","26.763904","-81.474755","4.9","2021-07-17","0.02"
"US1FLHY0003","LA BELLE 2.3 WNW, FL US","26.763904","-81.474755","4.9","2021-07-18","0.14"
"US1FLHY0003","LA BELLE 2.3 WNW, FL US","26.763904","-81.474755","4.9","2021-07-19","0.39"
"US1FLHY0003","LA BELLE 2.3 WNW, FL US","26.763904","-81.474755","4.9","2021-07-20","0.23"
"US1FLHY0003","LA BELLE 2.3 WNW, FL US","26.763904","-81.474755","4.9","2021-07-21","0.11"
"US1FLPN0049","ST. PETERSBURG 4.6 N, FL US","27.8239116668701","-82.6357650756836","1.8","2021-07-13",
"US1FLCR0041","NAPLES 9.0 NE, FL US","26.2406063079834","-81.697639465332","7.0","2021-07-07","2.66"
"US1FLCR0041","NAPLES 9.0 NE, FL US","26.2406063079834","-81.697639465332","7.0","2021-07-11","1.78"
"US1FLSL0054","JENSEN BEACH 4.1 NNE, FL US","27.294115","-80.214477","3.4","2021-07-04","0.03"
"US1FLSL0054","JENSEN BEACH 4.1 NNE, FL US","27.294115","-80.214477","3.4","2021-07-05","0.00"
"US1FLSL0054","JENSEN BEACH 4.1 NNE, FL US","27.294115","-80.214477","3.4","2021-07-06","0.05"
"US1FLSL0054","JENSEN BEACH 4.1 NNE, FL US","27.294115","-80.214477","3.4","2021-07-07","0.03"
"US1FLSL0054","JENSEN BEACH 4.1 NNE, FL US","27.294115","-80.214477","3.4","2021-07-08","0.00"
"US1FLSL0054","JENSEN BEACH 4.1 NNE, FL US","27.294115","-80.214477","3.4","2021-07-09","0.17"
"US1FLSL0054","JENSEN BEACH 4.1 NNE, FL US","27.294115","-80.214477","3.4","2021-07-10","0.00"
"US1FLSL0054","JENSEN BEACH 4.1 NNE, FL US","27.294115","-80.214477","3.4","2021-07-11","0.01"
"US1FLSL0054","JENSEN BEACH 4.1 NNE, FL US","27.294115","-80.214477","3.4","2021-07-12","0.02"
"US1FLSL0054","JENSEN BEACH 4.1 NNE, FL US","27.294115","-80.214477","3.4","2021-07-13","0.04"
"US1FLSL0054","JENSEN BEACH 4.1 NNE, FL US","27.294115","-80.214477","3.4","2021-07-14","0.02"
"US1FLSL0054","JENSEN BEACH 4.1 NNE, FL US","27.294115","-80.214477","3.4","2021-07-15","0.01"
"US1FLSL0054","JENSEN BEACH 4.1 NNE, FL US","27.294115","-80.214477","3.4","2021-07-16","0.00"
"US1FLSL0054","JENSEN BEACH 4.1 NNE, FL US","27.294115","-80.214477","3.4","2021-07-17","0.00"
"US1FLSL0054","JENSEN BEACH 4.1 NNE, FL US","27.294115","-80.214477","3.4","2021-07-18","0.38"
"US1FLSL0054","JENSEN BEACH 4.1 NNE, FL US","27.294115","-80.214477","3.4","2021-07-19","0.00"
"US1FLSL0054","JENSEN BEACH 4.1 NNE, FL US","27.294115","-80.214477","3.4","2021-07-20","0.00"
"US1FLSL0054","JENSEN BEACH 4.1 NNE, FL US","27.294115","-80.214477","3.4","2021-07-21","0.00"
"US1FLLK0042","CLERMONT 4.1 S, FL US","28.493015","-81.767719","56.4","2021-07-04","0.66"
"US1FLLK0042","CLERMONT 4.1 S, FL US","28.493015","-81.767719","56.4","2021-07-07","1.00"
"US1FLLK0042","CLERMONT 4.1 S, FL US","28.493015","-81.767719","56.4","2021-07-08","1.39"
"US1FLLK0042","CLERMONT 4.1 S, FL US","28.493015","-81.767719","56.4","2021-07-09","0.19"
"US1FLLK0042","CLERMONT 4.1 S, FL US","28.493015","-81.767719","56.4","2021-07-15","1.10"
"US1FLLK0042","CLERMONT 4.1 S, FL US","28.493015","-81.767719","56.4","2021-07-16","0.03"
"US1FLLK0042","CLERMONT 4.1 S, FL US","28.493015","-81.767719","56.4","2021-07-18","0.24"
"US1FLLK0042","CLERMONT 4.1 S, FL US","28.493015","-81.767719","56.4","2021-07-19","0.18"
"US1FLLK0042","CLERMONT 4.1 S, FL US","28.493015","-81.767719","56.4","2021-07-20","0.09"
"US1FLDV0021","JACKSONVILLE 8.8 E, FL US","30.356","-81.512","18.0","2021-07-06",
"US1FLDV0021","JACKSONVILLE 8.8 E, FL US","30.356","-81.512","18.0","2021-07-07","0.01"
"US1FLDV0021","JACKSONVILLE 8.8 E, FL US","30.356","-81.512","18.0","2021-07-08","2.71"
"US1FLDV0021","JACKSONVILLE 8.8 E, FL US","30.356","-81.512","18.0","2021-07-09","0.00"
"US1FLDV0021","JACKSONVILLE 8.8 E, FL US","30.356","-81.512","18.0","2021-07-10","0.79"
"US1FLDV0021","JACKSONVILLE 8.8 E, FL US","30.356","-81.512","18.0","2021-07-11","0.00"
"US1FLDV0021","JACKSONVILLE 8.8 E, FL US","30.356","-81.512","18.0","2021-07-13",
"US1FLDV0021","JACKSONVILLE 8.8 E, FL US","30.356","-81.512","18.0","2021-07-14","0.00"
"US1FLDV0021","JACKSONVILLE 8.8 E, FL US","30.356","-81.512","18.0","2021-07-15","0.00"
"US1FLDV0021","JACKSONVILLE 8.8 E, FL US","30.356","-81.512","18.0","2021-07-16","0.00"
"US1FLDV0021","JACKSONVILLE 8.8 E, FL US","30.356","-81.512","18.0","2021-07-17","0.00"
"US1FLDV0021","JACKSONVILLE 8.8 E, FL US","30.356","-81.512","18.0","2021-07-18","0.00"
"US1FLDV0021","JACKSONVILLE 8.8 E, FL US","30.356","-81.512","18.0","2021-07-19","0.01"
"US1FLDV0021","JACKSONVILLE 8.8 E, FL US","30.356","-81.512","18.0","2021-07-20","0.54"
"US1FLDV0021","JACKSONVILLE 8.8 E, FL US","30.356","-81.512","18.0","2021-07-21","0.01"
"US1FLDV0026","JACKSONVILLE 7.3 SW, FL US","30.260754","-81.744432","4.9","2021-07-04","0.00"
"US1FLDV0026","JACKSONVILLE 7.3 SW, FL US","30.260754","-81.744432","4.9","2021-07-05","0.77"
"US1FLDV0026","JACKSONVILLE 7.3 SW, FL US","30.260754","-81.744432","4.9","2021-07-06","0.00"
"US1FLDV0026","JACKSONVILLE 7.3 SW, FL US","30.260754","-81.744432","4.9","2021-07-07","0.00"
"US1FLDV0026","JACKSONVILLE 7.3 SW, FL US","30.260754","-81.744432","4.9","2021-07-08","2.48"
"US1FLDV0026","JACKSONVILLE 7.3 SW, FL US","30.260754","-81.744432","4.9","2021-07-09","0.00"
"US1FLDV0026","JACKSONVILLE 7.3 SW, FL US","30.260754","-81.744432","4.9","2021-07-10","0.00"
"US1FLDV0026","JACKSONVILLE 7.3 SW, FL US","30.260754","-81.744432","4.9","2021-07-12","0.20"
"US1FLDV0026","JACKSONVILLE 7.3 SW, FL US","30.260754","-81.744432","4.9","2021-07-13","0.00"
"US1FLDV0026","JACKSONVILLE 7.3 SW, FL US","30.260754","-81.744432","4.9","2021-07-14","0.12"
"US1FLDV0026","JACKSONVILLE 7.3 SW, FL US","30.260754","-81.744432","4.9","2021-07-15","0.00"
"US1FLDV0026","JACKSONVILLE 7.3 SW, FL US","30.260754","-81.744432","4.9","2021-07-19","0.02"
"US1FLDV0026","JACKSONVILLE 7.3 SW, FL US","30.260754","-81.744432","4.9","2021-07-20","0.60"
"US1FLDV0026","JACKSONVILLE 7.3 SW, FL US","30.260754","-81.744432","4.9","2021-07-21","0.00"
"US1FLPN0079","ST. PETERSBURG 2.2 N, FL US","27.789892","-82.643677","11.0","2021-07-04","0.66"
"US1FLPN0079","ST. PETERSBURG 2.2 N, FL US","27.789892","-82.643677","11.0","2021-07-05","0.00"
"US1FLPN0079","ST. PETERSBURG 2.2 N, FL US","27.789892","-82.643677","11.0","2021-07-06","0.04"
"US1FLPN0079","ST. PETERSBURG 2.2 N, FL US","27.789892","-82.643677","11.0","2021-07-07","1.93"
"US1FLPN0079","ST. PETERSBURG 2.2 N, FL US","27.789892","-82.643677","11.0","2021-07-08","0.13"
"US1FLPN0079","ST. PETERSBURG 2.2 N, FL US","27.789892","-82.643677","11.0","2021-07-09","0.00"
"US1FLPN0079","ST. PETERSBURG 2.2 N, FL US","27.789892","-82.643677","11.0","2021-07-10","0.70"
"US1FLPN0079","ST. PETERSBURG 2.2 N, FL US","27.789892","-82.643677","11.0","2021-07-11","0.00"
"US1FLPN0079","ST. PETERSBURG 2.2 N, FL US","27.789892","-82.643677","11.0","2021-07-12","0.00"
"US1FLPN0079","ST. PETERSBURG 2.2 N, FL US","27.789892","-82.643677","11.0","2021-07-13","0.35"
"US1FLPN0079","ST. PETERSBURG 2.2 N, FL US","27.789892","-82.643677","11.0","2021-07-14","0.01"
"US1FLPN0079","ST. PETERSBURG 2.2 N, FL US","27.789892","-82.643677","11.0","2021-07-15","0.01"
"US1FLPN0079","ST. PETERSBURG 2.2 N, FL US","27.789892","-82.643677","11.0","2021-07-16","0.00"
"US1FLPN0079","ST. PETERSBURG 2.2 N, FL US","27.789892","-82.643677","11.0","2021-07-17","0.00"
"US1FLPN0079","ST. PETERSBURG 2.2 N, FL US","27.789892","-82.643677","11.0","2021-07-18","0.00"
"US1FLPN0079","ST. PETERSBURG 2.2 N, FL US","27.789892","-82.643677","11.0","2021-07-19","0.00"
"US1FLPN0079","ST. PETERSBURG 2.2 N, FL US","27.789892","-82.643677","11.0","2021-07-21","0.00"
"US1FLDV0028","JACKSONVILLE 3.8 ESE, FL US","30.315674","-81.598511","4.9","2021-07-04","0.00"
"US1FLDV0028","JACKSONVILLE 3.8 ESE, FL US","30.315674","-81.598511","4.9","2021-07-05","1.03"
"US1FLDV0028","JACKSONVILLE 3.8 ESE, FL US","30.315674","-81.598511","4.9","2021-07-06","0.12"
"US1FLDV0028","JACKSONVILLE 3.8 ESE, FL US","30.315674","-81.598511","4.9","2021-07-07","0.00"
"US1FLDV0028","JACKSONVILLE 3.8 ESE, FL US","30.315674","-81.598511","4.9","2021-07-08","2.64"
"US1FLDV0028","JACKSONVILLE 3.8 ESE, FL US","30.315674","-81.598511","4.9","2021-07-09","0.09"
"US1FLDV0028","JACKSONVILLE 3.8 ESE, FL US","30.315674","-81.598511","4.9","2021-07-10","0.17"
"US1FLDV0028","JACKSONVILLE 3.8 ESE, FL US","30.315674","-81.598511","4.9","2021-07-11","0.00"
"US1FLDV0028","JACKSONVILLE 3.8 ESE, FL US","30.315674","-81.598511","4.9","2021-07-12","0.00"
"US1FLDV0028","JACKSONVILLE 3.8 ESE, FL US","30.315674","-81.598511","4.9","2021-07-13","0.37"
"US1FLDV0028","JACKSONVILLE 3.8 ESE, FL US","30.315674","-81.598511","4.9","2021-07-14","0.00"
"US1FLDV0028","JACKSONVILLE 3.8 ESE, FL US","30.315674","-81.598511","4.9","2021-07-15","0.10"
"US1FLDV0028","JACKSONVILLE 3.8 ESE, FL US","30.315674","-81.598511","4.9","2021-07-16","0.00"
"US1FLDV0028","JACKSONVILLE 3.8 ESE, FL US","30.315674","-81.598511","4.9","2021-07-17","0.00"
"US1FLDV0028","JACKSONVILLE 3.8 ESE, FL US","30.315674","-81.598511","4.9","2021-07-18","0.00"
"US1FLDV0028","JACKSONVILLE 3.8 ESE, FL US","30.315674","-81.598511","4.9","2021-07-19","0.31"
"US1FLDV0028","JACKSONVILLE 3.8 ESE, FL US","30.315674","-81.598511","4.9","2021-07-20","0.80"
"US1FLDV0028","JACKSONVILLE 3.8 ESE, FL US","30.315674","-81.598511","4.9","2021-07-21","0.00"
"US1FLHY0012","CLEWISTON 13.8 SW, FL US","26.618331","-81.104726","7.6","2021-07-04","0.00"
"US1FLHY0012","CLEWISTON 13.8 SW, FL US","26.618331","-81.104726","7.6","2021-07-05","0.31"
"US1FLHY0012","CLEWISTON 13.8 SW, FL US","26.618331","-81.104726","7.6","2021-07-06","1.79"
"US1FLHY0012","CLEWISTON 13.8 SW, FL US","26.618331","-81.104726","7.6","2021-07-07","0.50"
"US1FLHY0012","CLEWISTON 13.8 SW, FL US","26.618331","-81.104726","7.6","2021-07-08","0.02"
"US1FLHY0012","CLEWISTON 13.8 SW, FL US","26.618331","-81.104726","7.6","2021-07-09","0.20"
"US1FLHY0012","CLEWISTON 13.8 SW, FL US","26.618331","-81.104726","7.6","2021-07-10","1.74"
"US1FLHY0012","CLEWISTON 13.8 SW, FL US","26.618331","-81.104726","7.6","2021-07-11","0.02"
"US1FLHY0012","CLEWISTON 13.8 SW, FL US","26.618331","-81.104726","7.6","2021-07-12","0.10"
"US1FLHY0012","CLEWISTON 13.8 SW, FL US","26.618331","-81.104726","7.6","2021-07-13","0.01"
"US1FLHY0012","CLEWISTON 13.8 SW, FL US","26.618331","-81.104726","7.6","2021-07-14","1.00"
"US1FLHY0012","CLEWISTON 13.8 SW, FL US","26.618331","-81.104726","7.6","2021-07-15","1.35"
"US1FLHY0012","CLEWISTON 13.8 SW, FL US","26.618331","-81.104726","7.6","2021-07-16","0.41"
"US1FLHY0012","CLEWISTON 13.8 SW, FL US","26.618331","-81.104726","7.6","2021-07-17","0.00"
"US1FLHY0012","CLEWISTON 13.8 SW, FL US","26.618331","-81.104726","7.6","2021-07-18","0.00"
"US1FLHY0012","CLEWISTON 13.8 SW, FL US","26.618331","-81.104726","7.6","2021-07-19","0.04"
"US1FLHY0012","CLEWISTON 13.8 SW, FL US","26.618331","-81.104726","7.6","2021-07-20","0.00"
"US1FLHY0012","CLEWISTON 13.8 SW, FL US","26.618331","-81.104726","7.6","2021-07-21","0.05"
"US1FLHY0011","LABELLE 1.5 ENE, FL US","26.76724","-81.415913","5.8","2021-07-04","0.00"
"US1FLHY0011","LABELLE 1.5 ENE, FL US","26.76724","-81.415913","5.8","2021-07-05","0.00"
"US1FLHY0011","LABELLE 1.5 ENE, FL US","26.76724","-81.415913","5.8","2021-07-06","0.37"
"US1FLHY0011","LABELLE 1.5 ENE, FL US","26.76724","-81.415913","5.8","2021-07-07","0.78"
"US1FLHY0011","LABELLE 1.5 ENE, FL US","26.76724","-81.415913","5.8","2021-07-08","0.36"
"US1FLHY0011","LABELLE 1.5 ENE, FL US","26.76724","-81.415913","5.8","2021-07-09","0.12"
"US1FLHY0011","LABELLE 1.5 ENE, FL US","26.76724","-81.415913","5.8","2021-07-10","1.93"
"US1FLHY0011","LABELLE 1.5 ENE, FL US","26.76724","-81.415913","5.8","2021-07-11","0.04"
"US1FLHY0011","LABELLE 1.5 ENE, FL US","26.76724","-81.415913","5.8","2021-07-12","0.02"
"US1FLHY0011","LABELLE 1.5 ENE, FL US","26.76724","-81.415913","5.8","2021-07-13","0.00"
"US1FLHY0011","LABELLE 1.5 ENE, FL US","26.76724","-81.415913","5.8","2021-07-14","0.62"
"US1FLHY0011","LABELLE 1.5 ENE, FL US","26.76724","-81.415913","5.8","2021-07-15","0.00"
"US1FLHY0011","LABELLE 1.5 ENE, FL US","26.76724","-81.415913","5.8","2021-07-16","0.00"
"US1FLHY0011","LABELLE 1.5 ENE, FL US","26.76724","-81.415913","5.8","2021-07-17","0.04"
"US1FLHY0011","LABELLE 1.5 ENE, FL US","26.76724","-81.415913","5.8","2021-07-18","0.46"
"US1FLHY0011","LABELLE 1.5 ENE, FL US","26.76724","-81.415913","5.8","2021-07-19","0.08"
"US1FLHY0011","LABELLE 1.5 ENE, FL US","26.76724","-81.415913","5.8","2021-07-20","1.27"
"US1FLHY0011","LABELLE 1.5 ENE, FL US","26.76724","-81.415913","5.8","2021-07-21","0.19"
"US1FLPN0071","PALM HARBOR 1.0 S, FL US","28.07288","-82.76536","8.5","2021-07-04","1.54"
"US1FLPN0071","PALM HARBOR 1.0 S, FL US","28.07288","-82.76536","8.5","2021-07-05","0.01"
"US1FLPN0071","PALM HARBOR 1.0 S, FL US","28.07288","-82.76536","8.5","2021-07-06","0.24"
"US1FLPN0071","PALM HARBOR 1.0 S, FL US","28.07288","-82.76536","8.5","2021-07-07","2.90"
"US1FLPN0071","PALM HARBOR 1.0 S, FL US","28.07288","-82.76536","8.5","2021-07-08","0.18"
"US1FLPN0071","PALM HARBOR 1.0 S, FL US","28.07288","-82.76536","8.5","2021-07-09","0.05"
"US1FLPN0071","PALM HARBOR 1.0 S, FL US","28.07288","-82.76536","8.5","2021-07-10","0.01"
"US1FLPN0071","PALM HARBOR 1.0 S, FL US","28.07288","-82.76536","8.5","2021-07-11","0.06"
"US1FLPN0071","PALM HARBOR 1.0 S, FL US","28.07288","-82.76536","8.5","2021-07-12","0.35"
"US1FLPN0071","PALM HARBOR 1.0 S, FL US","28.07288","-82.76536","8.5","2021-07-13","0.14"
"US1FLPN0071","PALM HARBOR 1.0 S, FL US","28.07288","-82.76536","8.5","2021-07-14","0.46"
"US1FLPN0071","PALM HARBOR 1.0 S, FL US","28.07288","-82.76536","8.5","2021-07-15","0.18"
"US1FLPN0071","PALM HARBOR 1.0 S, FL US","28.07288","-82.76536","8.5","2021-07-16","0.01"
"US1FLPN0071","PALM HARBOR 1.0 S, FL US","28.07288","-82.76536","8.5","2021-07-17","0.00"
"US1FLPN0071","PALM HARBOR 1.0 S, FL US","28.07288","-82.76536","8.5","2021-07-18","1.26"
"US1FLPN0071","PALM HARBOR 1.0 S, FL US","28.07288","-82.76536","8.5","2021-07-19","0.00"
"US1FLPN0071","PALM HARBOR 1.0 S, FL US","28.07288","-82.76536","8.5","2021-07-20","0.00"
"US1FLPN0071","PALM HARBOR 1.0 S, FL US","28.07288","-82.76536","8.5","2021-07-21","0.00"
"US1FLPN0072","LARGO 1.5 NE, FL US","27.921417","-82.760306","4.6","2021-07-04","0.49"
"US1FLPN0072","LARGO 1.5 NE, FL US","27.921417","-82.760306","4.6","2021-07-06","0.70"
"US1FLPN0072","LARGO 1.5 NE, FL US","27.921417","-82.760306","4.6","2021-07-07","2.71"
"US1FLPN0072","LARGO 1.5 NE, FL US","27.921417","-82.760306","4.6","2021-07-08","0.03"
"US1FLPN0072","LARGO 1.5 NE, FL US","27.921417","-82.760306","4.6","2021-07-12","0.14"
"US1FLPN0072","LARGO 1.5 NE, FL US","27.921417","-82.760306","4.6","2021-07-13","0.55"
"US1FLPN0072","LARGO 1.5 NE, FL US","27.921417","-82.760306","4.6","2021-07-14","0.07"
"US1FLPN0072","LARGO 1.5 NE, FL US","27.921417","-82.760306","4.6","2021-07-15","0.04"
"US1FLPN0072","LARGO 1.5 NE, FL US","27.921417","-82.760306","4.6","2021-07-17","1.14"
"US1FLPN0074","ST. PETERSBURG 1.6 WNW, FL US","27.767438","-82.665359","15.5","2021-07-04",
"US1FLPN0074","ST. PETERSBURG 1.6 WNW, FL US","27.767438","-82.665359","15.5","2021-07-05","0.00"
"US1FLPN0074","ST. PETERSBURG 1.6 WNW, FL US","27.767438","-82.665359","15.5","2021-07-06","0.07"
"US1FLPN0074","ST. PETERSBURG 1.6 WNW, FL US","27.767438","-82.665359","15.5","2021-07-07","3.10"
"US1FLPN0074","ST. PETERSBURG 1.6 WNW, FL US","27.767438","-82.665359","15.5","2021-07-08","0.19"
"US1FLPN0074","ST. PETERSBURG 1.6 WNW, FL US","27.767438","-82.665359","15.5","2021-07-09","0.00"
"US1FLPN0074","ST. PETERSBURG 1.6 WNW, FL US","27.767438","-82.665359","15.5","2021-07-10","0.00"
"US1FLPN0074","ST. PETERSBURG 1.6 WNW, FL US","27.767438","-82.665359","15.5","2021-07-11","0.39"
"US1FLPN0074","ST. PETERSBURG 1.6 WNW, FL US","27.767438","-82.665359","15.5","2021-07-12","0.00"
"US1FLPN0074","ST. PETERSBURG 1.6 WNW, FL US","27.767438","-82.665359","15.5","2021-07-13","0.00"
"US1FLPN0074","ST. PETERSBURG 1.6 WNW, FL US","27.767438","-82.665359","15.5","2021-07-14","0.04"
"US1FLPN0074","ST. PETERSBURG 1.6 WNW, FL US","27.767438","-82.665359","15.5","2021-07-15","0.00"
"US1FLPN0074","ST. PETERSBURG 1.6 WNW, FL US","27.767438","-82.665359","15.5","2021-07-16","0.00"
"US1FLPN0074","ST. PETERSBURG 1.6 WNW, FL US","27.767438","-82.665359","15.5","2021-07-17","0.00"
"US1FLPN0074","ST. PETERSBURG 1.6 WNW, FL US","27.767438","-82.665359","15.5","2021-07-18","0.00"
"US1FLPN0074","ST. PETERSBURG 1.6 WNW, FL US","27.767438","-82.665359","15.5","2021-07-19","0.00"
"US1FLPN0074","ST. PETERSBURG 1.6 WNW, FL US","27.767438","-82.665359","15.5","2021-07-20","0.00"
"US1FLPN0074","ST. PETERSBURG 1.6 WNW, FL US","27.767438","-82.665359","15.5","2021-07-21","0.00"
"USR0000FOCH","OCHOPEE FLORIDA, FL US","25.9167","-81.2833","2.1","2021-07-04",
"USR0000FOCH","OCHOPEE FLORIDA, FL US","25.9167","-81.2833","2.1","2021-07-05",
"USR0000FOCH","OCHOPEE FLORIDA, FL US","25.9167","-81.2833","2.1","2021-07-06",
"USR0000FOCH","OCHOPEE FLORIDA, FL US","25.9167","-81.2833","2.1","2021-07-07",
"USR0000FOCH","OCHOPEE FLORIDA, FL US","25.9167","-81.2833","2.1","2021-07-08",
"USR0000FOCH","OCHOPEE FLORIDA, FL US","25.9167","-81.2833","2.1","2021-07-09",
"USR0000FOCH","OCHOPEE FLORIDA, FL US","25.9167","-81.2833","2.1","2021-07-10",
"USR0000FOCH","OCHOPEE FLORIDA, FL US","25.9167","-81.2833","2.1","2021-07-11",
"USR0000FOCH","OCHOPEE FLORIDA, FL US","25.9167","-81.2833","2.1","2021-07-12",
"USR0000FOCH","OCHOPEE FLORIDA, FL US","25.9167","-81.2833","2.1","2021-07-13",
"USR0000FOCH","OCHOPEE FLORIDA, FL US","25.9167","-81.2833","2.1","2021-07-14",
"USR0000FOCH","OCHOPEE FLORIDA, FL US","25.9167","-81.2833","2.1","2021-07-15",
"USR0000FOCH","OCHOPEE FLORIDA, FL US","25.9167","-81.2833","2.1","2021-07-16",
"USR0000FOCH","OCHOPEE FLORIDA, FL US","25.9167","-81.2833","2.1","2021-07-17",
"USR0000FOCH","OCHOPEE FLORIDA, FL US","25.9167","-81.2833","2.1","2021-07-18",
"USR0000FOCH","OCHOPEE FLORIDA, FL US","25.9167","-81.2833","2.1","2021-07-19",
"USR0000FOCH","OCHOPEE FLORIDA, FL US","25.9167","-81.2833","2.1","2021-07-20",
"USR0000FOCH","OCHOPEE FLORIDA, FL US","25.9167","-81.2833","2.1","2021-07-21",
"US1FLPN0077","SEMINOLE 3.3 WNW, FL US","27.8618","-82.83478","9.1","2021-07-04","0.16"
"US1FLPN0077","SEMINOLE 3.3 WNW, FL US","27.8618","-82.83478","9.1","2021-07-05","0.00"
"US1FLPN0077","SEMINOLE 3.3 WNW, FL US","27.8618","-82.83478","9.1","2021-07-06","1.05"
"US1FLPN0077","SEMINOLE 3.3 WNW, FL US","27.8618","-82.83478","9.1","2021-07-07","1.34"
"US1FLPN0077","SEMINOLE 3.3 WNW, FL US","27.8618","-82.83478","9.1","2021-07-08","0.07"
"US1FLPN0077","SEMINOLE 3.3 WNW, FL US","27.8618","-82.83478","9.1","2021-07-09","0.03"
"US1FLPN0077","SEMINOLE 3.3 WNW, FL US","27.8618","-82.83478","9.1","2021-07-10","0.00"
"US1FLPN0077","SEMINOLE 3.3 WNW, FL US","27.8618","-82.83478","9.1","2021-07-11","0.00"
"US1FLPN0077","SEMINOLE 3.3 WNW, FL US","27.8618","-82.83478","9.1","2021-07-12","0.05"
"US1FLPN0077","SEMINOLE 3.3 WNW, FL US","27.8618","-82.83478","9.1","2021-07-13","1.23"
"US1FLPN0077","SEMINOLE 3.3 WNW, FL US","27.8618","-82.83478","9.1","2021-07-14","0.97"
"US1FLPN0077","SEMINOLE 3.3 WNW, FL US","27.8618","-82.83478","9.1","2021-07-15","0.73"
"US1FLPN0077","SEMINOLE 3.3 WNW, FL US","27.8618","-82.83478","9.1","2021-07-16","0.00"
"US1FLPN0077","SEMINOLE 3.3 WNW, FL US","27.8618","-82.83478","9.1","2021-07-17","0.42"
"US1FLPN0077","SEMINOLE 3.3 WNW, FL US","27.8618","-82.83478","9.1","2021-07-18","0.14"
"US1FLPN0077","SEMINOLE 3.3 WNW, FL US","27.8618","-82.83478","9.1","2021-07-19","0.00"
"US1FLPN0077","SEMINOLE 3.3 WNW, FL US","27.8618","-82.83478","9.1","2021-07-20","0.00"
"US1FLPN0077","SEMINOLE 3.3 WNW, FL US","27.8618","-82.83478","9.1","2021-07-21","0.00"
"USC00086092","NETTLES ISLAND, FL US","27.28768","-80.22144","3.0","2021-07-04","0.00"
"USC00086092","NETTLES ISLAND, FL US","27.28768","-80.22144","3.0","2021-07-05","0.02"
"USC00086092","NETTLES ISLAND, FL US","27.28768","-80.22144","3.0","2021-07-06","0.08"
"USC00086092","NETTLES ISLAND, FL US","27.28768","-80.22144","3.0","2021-07-07","0.01"
"USC00086092","NETTLES ISLAND, FL US","27.28768","-80.22144","3.0","2021-07-08","0.00"
"USC00086092","NETTLES ISLAND, FL US","27.28768","-80.22144","3.0","2021-07-09","0.22"
"USC00086092","NETTLES ISLAND, FL US","27.28768","-80.22144","3.0","2021-07-10","0.01"
"USC00086092","NETTLES ISLAND, FL US","27.28768","-80.22144","3.0","2021-07-11","0.00"
"USC00086092","NETTLES ISLAND, FL US","27.28768","-80.22144","3.0","2021-07-12","0.08"
"USC00086092","NETTLES ISLAND, FL US","27.28768","-80.22144","3.0","2021-07-14","0.03"
"USC00086092","NETTLES ISLAND, FL US","27.28768","-80.22144","3.0","2021-07-15","0.02"
"USC00086092","NETTLES ISLAND, FL US","27.28768","-80.22144","3.0","2021-07-16","0.00"
"USC00086092","NETTLES ISLAND, FL US","27.28768","-80.22144","3.0","2021-07-17","0.00"
"USC00086092","NETTLES ISLAND, FL US","27.28768","-80.22144","3.0","2021-07-18","0.49"
"USC00086092","NETTLES ISLAND, FL US","27.28768","-80.22144","3.0","2021-07-19","0.01"
"USC00086092","NETTLES ISLAND, FL US","27.28768","-80.22144","3.0","2021-07-20","0.00"
"USC00086092","NETTLES ISLAND, FL US","27.28768","-80.22144","3.0","2021-07-21","0.01"
"USC00089120","USHER TOWER, FL US","29.40807","-82.8188","10.1","2021-07-04","2.10"
"USC00089120","USHER TOWER, FL US","29.40807","-82.8188","10.1","2021-07-05","0.05"
"USC00089120","USHER TOWER, FL US","29.40807","-82.8188","10.1","2021-07-06","0.00"
"USC00089120","USHER TOWER, FL US","29.40807","-82.8188","10.1","2021-07-07","0.00"
"USC00089120","USHER TOWER, FL US","29.40807","-82.8188","10.1","2021-07-08","4.90"
"USC00089120","USHER TOWER, FL US","29.40807","-82.8188","10.1","2021-07-09","0.00"
"USC00089120","USHER TOWER, FL US","29.40807","-82.8188","10.1","2021-07-10","0.00"
"USC00089120","USHER TOWER, FL US","29.40807","-82.8188","10.1","2021-07-11","0.00"
"USC00089120","USHER TOWER, FL US","29.40807","-82.8188","10.1","2021-07-12","0.18"
"USC00089120","USHER TOWER, FL US","29.40807","-82.8188","10.1","2021-07-13","0.31"
"USC00089120","USHER TOWER, FL US","29.40807","-82.8188","10.1","2021-07-14","0.03"
"USC00089120","USHER TOWER, FL US","29.40807","-82.8188","10.1","2021-07-15","0.00"
"USC00089120","USHER TOWER, FL US","29.40807","-82.8188","10.1","2021-07-16","0.00"
"USC00089120","USHER TOWER, FL US","29.40807","-82.8188","10.1","2021-07-17","0.00"
"USC00089120","USHER TOWER, FL US","29.40807","-82.8188","10.1","2021-07-18","0.00"
"USC00089120","USHER TOWER, FL US","29.40807","-82.8188","10.1","2021-07-19","0.00"
"USC00089120","USHER TOWER, FL US","29.40807","-82.8188","10.1","2021-07-20","0.01"
"USC00089120","USHER TOWER, FL US","29.40807","-82.8188","10.1","2021-07-21","0.63"
"US1FLDV0013","NEPTUNE BEACH 0.5 NNW, FL US","30.321562","-81.395639",,"2021-07-04","0.00"
"US1FLDV0013","NEPTUNE BEACH 0.5 NNW, FL US","30.321562","-81.395639",,"2021-07-05","0.53"
"US1FLDV0013","NEPTUNE BEACH 0.5 NNW, FL US","30.321562","-81.395639",,"2021-07-06","0.16"
"US1FLDV0013","NEPTUNE BEACH 0.5 NNW, FL US","30.321562","-81.395639",,"2021-07-07","0.00"
"US1FLDV0013","NEPTUNE BEACH 0.5 NNW, FL US","30.321562","-81.395639",,"2021-07-08","1.78"
"US1FLDV0013","NEPTUNE BEACH 0.5 NNW, FL US","30.321562","-81.395639",,"2021-07-09","0.01"
"US1FLDV0013","NEPTUNE BEACH 0.5 NNW, FL US","30.321562","-81.395639",,"2021-07-10","0.74"
"US1FLDV0013","NEPTUNE BEACH 0.5 NNW, FL US","30.321562","-81.395639",,"2021-07-11","0.00"
"US1FLDV0013","NEPTUNE BEACH 0.5 NNW, FL US","30.321562","-81.395639",,"2021-07-12","0.11"
"US1FLDV0013","NEPTUNE BEACH 0.5 NNW, FL US","30.321562","-81.395639",,"2021-07-13","0.00"
"US1FLDV0013","NEPTUNE BEACH 0.5 NNW, FL US","30.321562","-81.395639",,"2021-07-14","0.00"
"US1FLDV0013","NEPTUNE BEACH 0.5 NNW, FL US","30.321562","-81.395639",,"2021-07-15","0.00"
"US1FLDV0013","NEPTUNE BEACH 0.5 NNW, FL US","30.321562","-81.395639",,"2021-07-16","0.00"
"US1FLDV0013","NEPTUNE BEACH 0.5 NNW, FL US","30.321562","-81.395639",,"2021-07-17","0.00"
"US1FLDV0013","NEPTUNE BEACH 0.5 NNW, FL US","30.321562","-81.395639",,"2021-07-18","0.00"
"US1FLDV0013","NEPTUNE BEACH 0.5 NNW, FL US","30.321562","-81.395639",,"2021-07-19","0.00"
"US1FLDV0013","NEPTUNE BEACH 0.5 NNW, FL US","30.321562","-81.395639",,"2021-07-20","0.94"
"US1FLDV0013","NEPTUNE BEACH 0.5 NNW, FL US","30.321562","-81.395639",,"2021-07-21","0.04"
"USC00081641","CLERMONT 9 S, FL US","28.4558","-81.7234","39.6","2021-07-04","0.77"
"USC00081641","CLERMONT 9 S, FL US","28.4558","-81.7234","39.6","2021-07-06",
"USC00081641","CLERMONT 9 S, FL US","28.4558","-81.7234","39.6","2021-07-07","1.05"
"USC00081641","CLERMONT 9 S, FL US","28.4558","-81.7234","39.6","2021-07-08","0.95"
"USC00081641","CLERMONT 9 S, FL US","28.4558","-81.7234","39.6","2021-07-09","0.40"
"USC00081641","CLERMONT 9 S, FL US","28.4558","-81.7234","39.6","2021-07-10","0.01"
"USC00081641","CLERMONT 9 S, FL US","28.4558","-81.7234","39.6","2021-07-11","0.00"
"USC00081641","CLERMONT 9 S, FL US","28.4558","-81.7234","39.6","2021-07-12","0.00"
"USC00081641","CLERMONT 9 S, FL US","28.4558","-81.7234","39.6","2021-07-13","0.00"
"USC00081641","CLERMONT 9 S, FL US","28.4558","-81.7234","39.6","2021-07-14","0.00"
"USC00081641","CLERMONT 9 S, FL US","28.4558","-81.7234","39.6","2021-07-15","0.40"
"USC00081641","CLERMONT 9 S, FL US","28.4558","-81.7234","39.6","2021-07-16","0.01"
"USC00081641","CLERMONT 9 S, FL US","28.4558","-81.7234","39.6","2021-07-17","0.00"
"USC00081641","CLERMONT 9 S, FL US","28.4558","-81.7234","39.6","2021-07-18","0.00"
"USC00081641","CLERMONT 9 S, FL US","28.4558","-81.7234","39.6","2021-07-19","0.00"
"USC00081641","CLERMONT 9 S, FL US","28.4558","-81.7234","39.6","2021-07-20","0.00"
"USC00081641","CLERMONT 9 S, FL US","28.4558","-81.7234","39.6","2021-07-21","0.01"
"US1FLCR0061","NAPLES 3.6 N, FL US","26.19639","-81.79446","6.7","2021-07-05","0.00"
"USW00012818","BROOKSVILLE HERNANDO CO AIRPORT, FL US","28.47388","-82.45374","19.7","2021-07-04","0.01"
"USW00012818","BROOKSVILLE HERNANDO CO AIRPORT, FL US","28.47388","-82.45374","19.7","2021-07-05","0.17"
"USW00012818","BROOKSVILLE HERNANDO CO AIRPORT, FL US","28.47388","-82.45374","19.7","2021-07-06","0.36"
"USW00012818","BROOKSVILLE HERNANDO CO AIRPORT, FL US","28.47388","-82.45374","19.7","2021-07-07","3.51"
"USW00012818","BROOKSVILLE HERNANDO CO AIRPORT, FL US","28.47388","-82.45374","19.7","2021-07-08","0.23"
"USW00012818","BROOKSVILLE HERNANDO CO AIRPORT, FL US","28.47388","-82.45374","19.7","2021-07-09","0.03"
"USW00012818","BROOKSVILLE HERNANDO CO AIRPORT, FL US","28.47388","-82.45374","19.7","2021-07-10","0.34"
"USW00012818","BROOKSVILLE HERNANDO CO AIRPORT, FL US","28.47388","-82.45374","19.7","2021-07-11","0.06"
"USW00012818","BROOKSVILLE HERNANDO CO AIRPORT, FL US","28.47388","-82.45374","19.7","2021-07-12","0.35"
"USW00012818","BROOKSVILLE HERNANDO CO AIRPORT, FL US","28.47388","-82.45374","19.7","2021-07-13","0.07"
"USW00012818","BROOKSVILLE HERNANDO CO AIRPORT, FL US","28.47388","-82.45374","19.7","2021-07-14","0.69"
"USW00012818","BROOKSVILLE HERNANDO CO AIRPORT, FL US","28.47388","-82.45374","19.7","2021-07-15","0.00"
"USW00012818","BROOKSVILLE HERNANDO CO AIRPORT, FL US","28.47388","-82.45374","19.7","2021-07-16","0.00"
"USW00012818","BROOKSVILLE HERNANDO CO AIRPORT, FL US","28.47388","-82.45374","19.7","2021-07-17","0.00"
"USW00012818","BROOKSVILLE HERNANDO CO AIRPORT, FL US","28.47388","-82.45374","19.7","2021-07-18","0.00"
"USW00012818","BROOKSVILLE HERNANDO CO AIRPORT, FL US","28.47388","-82.45374","19.7","2021-07-19","0.17"
"USW00012818","BROOKSVILLE HERNANDO CO AIRPORT, FL US","28.47388","-82.45374","19.7","2021-07-20","0.00"
"USW00012818","BROOKSVILLE HERNANDO CO AIRPORT, FL US","28.47388","-82.45374","19.7","2021-07-21","0.00"
"US1FLBK0007","MACCLENNY 4.9 SSW, FL US","30.216118","-82.160629","40.2","2021-07-04","0.03"
"US1FLBK0007","MACCLENNY 4.9 SSW, FL US","30.216118","-82.160629","40.2","2021-07-05","0.04"
"US1FLBK0007","MACCLENNY 4.9 SSW, FL US","30.216118","-82.160629","40.2","2021-07-06","0.46"
"US1FLBK0007","MACCLENNY 4.9 SSW, FL US","30.216118","-82.160629","40.2","2021-07-07","0.54"
"US1FLBK0007","MACCLENNY 4.9 SSW, FL US","30.216118","-82.160629","40.2","2021-07-08","3.02"
"US1FLBK0007","MACCLENNY 4.9 SSW, FL US","30.216118","-82.160629","40.2","2021-07-09","0.00"
"US1FLBK0007","MACCLENNY 4.9 SSW, FL US","30.216118","-82.160629","40.2","2021-07-10","0.11"
"US1FLBK0007","MACCLENNY 4.9 SSW, FL US","30.216118","-82.160629","40.2","2021-07-11","0.00"
"US1FLBK0007","MACCLENNY 4.9 SSW, FL US","30.216118","-82.160629","40.2","2021-07-12","0.00"
"US1FLBK0007","MACCLENNY 4.9 SSW, FL US","30.216118","-82.160629","40.2","2021-07-13","0.03"
"US1FLBK0007","MACCLENNY 4.9 SSW, FL US","30.216118","-82.160629","40.2","2021-07-14","0.00"
"US1FLBK0007","MACCLENNY 4.9 SSW, FL US","30.216118","-82.160629","40.2","2021-07-15","0.00"
"US1FLBK0007","MACCLENNY 4.9 SSW, FL US","30.216118","-82.160629","40.2","2021-07-16","0.00"
"US1FLBK0007","MACCLENNY 4.9 SSW, FL US","30.216118","-82.160629","40.2","2021-07-17","0.00"
"US1FLBK0007","MACCLENNY 4.9 SSW, FL US","30.216118","-82.160629","40.2","2021-07-18","0.00"
"US1FLBK0007","MACCLENNY 4.9 SSW, FL US","30.216118","-82.160629","40.2","2021-07-19","0.05"
"US1FLBK0007","MACCLENNY 4.9 SSW, FL US","30.216118","-82.160629","40.2","2021-07-20","0.24"
"US1FLBK0007","MACCLENNY 4.9 SSW, FL US","30.216118","-82.160629","40.2","2021-07-21","0.05"
"USW00012815","ORLANDO INTERNATIONAL AIRPORT, FL US","28.41822","-81.32413","27.1","2021-07-04","0.00"
"USW00012815","ORLANDO INTERNATIONAL AIRPORT, FL US","28.41822","-81.32413","27.1","2021-07-05","0.01"
"USW00012815","ORLANDO INTERNATIONAL AIRPORT, FL US","28.41822","-81.32413","27.1","2021-07-06","0.01"
"USW00012815","ORLANDO INTERNATIONAL AIRPORT, FL US","28.41822","-81.32413","27.1","2021-07-07","0.69"
"USW00012815","ORLANDO INTERNATIONAL AIRPORT, FL US","28.41822","-81.32413","27.1","2021-07-08","0.37"
"USW00012815","ORLANDO INTERNATIONAL AIRPORT, FL US","28.41822","-81.32413","27.1","2021-07-09","0.07"
"USW00012815","ORLANDO INTERNATIONAL AIRPORT, FL US","28.41822","-81.32413","27.1","2021-07-10","0.00"
"USW00012815","ORLANDO INTERNATIONAL AIRPORT, FL US","28.41822","-81.32413","27.1","2021-07-11","0.03"
"USW00012815","ORLANDO INTERNATIONAL AIRPORT, FL US","28.41822","-81.32413","27.1","2021-07-12","0.08"
"USW00012815","ORLANDO INTERNATIONAL AIRPORT, FL US","28.41822","-81.32413","27.1","2021-07-13","0.00"
"USW00012815","ORLANDO INTERNATIONAL AIRPORT, FL US","28.41822","-81.32413","27.1","2021-07-14","0.12"
"USW00012815","ORLANDO INTERNATIONAL AIRPORT, FL US","28.41822","-81.32413","27.1","2021-07-15","0.00"
"USW00012815","ORLANDO INTERNATIONAL AIRPORT, FL US","28.41822","-81.32413","27.1","2021-07-16","0.00"
"USW00012815","ORLANDO INTERNATIONAL AIRPORT, FL US","28.41822","-81.32413","27.1","2021-07-17","0.00"
"USW00012815","ORLANDO INTERNATIONAL AIRPORT, FL US","28.41822","-81.32413","27.1","2021-07-18","0.01"
"USW00012815","ORLANDO INTERNATIONAL AIRPORT, FL US","28.41822","-81.32413","27.1","2021-07-19","1.64"
"USW00012815","ORLANDO INTERNATIONAL AIRPORT, FL US","28.41822","-81.32413","27.1","2021-07-20","0.16"
"USW00012815","ORLANDO INTERNATIONAL AIRPORT, FL US","28.41822","-81.32413","27.1","2021-07-21","0.00"
"US1FLBK0006","GLEN ST. MARY 1.7 N, FL US","30.298508","-82.16236","36.3","2021-07-04","0.01"
"US1FLBK0006","GLEN ST. MARY 1.7 N, FL US","30.298508","-82.16236","36.3","2021-07-05","0.00"
"US1FLBK0006","GLEN ST. MARY 1.7 N, FL US","30.298508","-82.16236","36.3","2021-07-06","0.16"
"US1FLBK0006","GLEN ST. MARY 1.7 N, FL US","30.298508","-82.16236","36.3","2021-07-07","0.21"
"US1FLBK0006","GLEN ST. MARY 1.7 N, FL US","30.298508","-82.16236","36.3","2021-07-08","3.46"
"US1FLBK0006","GLEN ST. MARY 1.7 N, FL US","30.298508","-82.16236","36.3","2021-07-09","0.00"
"US1FLBK0006","GLEN ST. MARY 1.7 N, FL US","30.298508","-82.16236","36.3","2021-07-10","0.01"
"US1FLBK0006","GLEN ST. MARY 1.7 N, FL US","30.298508","-82.16236","36.3","2021-07-11","0.00"
"US1FLBK0006","GLEN ST. MARY 1.7 N, FL US","30.298508","-82.16236","36.3","2021-07-12","0.00"
"US1FLBK0006","GLEN ST. MARY 1.7 N, FL US","30.298508","-82.16236","36.3","2021-07-13","0.02"
"US1FLBK0006","GLEN ST. MARY 1.7 N, FL US","30.298508","-82.16236","36.3","2021-07-14","0.00"
"US1FLBK0006","GLEN ST. MARY 1.7 N, FL US","30.298508","-82.16236","36.3","2021-07-15","0.00"
"US1FLBK0006","GLEN ST. MARY 1.7 N, FL US","30.298508","-82.16236","36.3","2021-07-16","0.00"
"US1FLBK0006","GLEN ST. MARY 1.7 N, FL US","30.298508","-82.16236","36.3","2021-07-17","0.00"
"US1FLBK0006","GLEN ST. MARY 1.7 N, FL US","30.298508","-82.16236","36.3","2021-07-18","0.00"
"US1FLBK0006","GLEN ST. MARY 1.7 N, FL US","30.298508","-82.16236","36.3","2021-07-19","0.72"
"US1FLBK0006","GLEN ST. MARY 1.7 N, FL US","30.298508","-82.16236","36.3","2021-07-20","0.05"
"US1FLBK0006","GLEN ST. MARY 1.7 N, FL US","30.298508","-82.16236","36.3","2021-07-21","0.09"
"USW00012816","GAINESVILLE REGIONAL AIRPORT, FL US","29.6917","-82.27603","40.7","2021-07-04","1.33"
"USW00012816","GAINESVILLE REGIONAL AIRPORT, FL US","29.6917","-82.27603","40.7","2021-07-05","0.00"
"USW00012816","GAINESVILLE REGIONAL AIRPORT, FL US","29.6917","-82.27603","40.7","2021-07-06","0.52"
"USW00012816","GAINESVILLE REGIONAL AIRPORT, FL US","29.6917","-82.27603","40.7","2021-07-07","4.67"
"USW00012816","GAINESVILLE REGIONAL AIRPORT, FL US","29.6917","-82.27603","40.7","2021-07-08","0.00"
"USW00012816","GAINESVILLE REGIONAL AIRPORT, FL US","29.6917","-82.27603","40.7","2021-07-09","0.19"
"USW00012816","GAINESVILLE REGIONAL AIRPORT, FL US","29.6917","-82.27603","40.7","2021-07-10","0.00"
"USW00012816","GAINESVILLE REGIONAL AIRPORT, FL US","29.6917","-82.27603","40.7","2021-07-11","0.06"
"USW00012816","GAINESVILLE REGIONAL AIRPORT, FL US","29.6917","-82.27603","40.7","2021-07-12","0.00"
"USW00012816","GAINESVILLE REGIONAL AIRPORT, FL US","29.6917","-82.27603","40.7","2021-07-13","0.90"
"USW00012816","GAINESVILLE REGIONAL AIRPORT, FL US","29.6917","-82.27603","40.7","2021-07-14","0.07"
"USW00012816","GAINESVILLE REGIONAL AIRPORT, FL US","29.6917","-82.27603","40.7","2021-07-15","0.00"
"USW00012816","GAINESVILLE REGIONAL AIRPORT, FL US","29.6917","-82.27603","40.7","2021-07-16","0.00"
"USW00012816","GAINESVILLE REGIONAL AIRPORT, FL US","29.6917","-82.27603","40.7","2021-07-17","0.00"
"USW00012816","GAINESVILLE REGIONAL AIRPORT, FL US","29.6917","-82.27603","40.7","2021-07-18","0.00"
"USW00012816","GAINESVILLE REGIONAL AIRPORT, FL US","29.6917","-82.27603","40.7","2021-07-19","1.12"
"USW00012816","GAINESVILLE REGIONAL AIRPORT, FL US","29.6917","-82.27603","40.7","2021-07-20","0.05"
"USW00012816","GAINESVILLE REGIONAL AIRPORT, FL US","29.6917","-82.27603","40.7","2021-07-21","0.70"
"US1FLCR0065","NAPLES 11.9 SSE, FL US","25.999244","-81.692548","10.7","2021-07-04","0.00"
"US1FLCR0065","NAPLES 11.9 SSE, FL US","25.999244","-81.692548","10.7","2021-07-05","0.00"
"US1FLCR0065","NAPLES 11.9 SSE, FL US","25.999244","-81.692548","10.7","2021-07-06","0.24"
"US1FLCR0065","NAPLES 11.9 SSE, FL US","25.999244","-81.692548","10.7","2021-07-07","3.30"
"US1FLCR0065","NAPLES 11.9 SSE, FL US","25.999244","-81.692548","10.7","2021-07-08","0.00"
"US1FLCR0065","NAPLES 11.9 SSE, FL US","25.999244","-81.692548","10.7","2021-07-09","0.00"
"US1FLCR0065","NAPLES 11.9 SSE, FL US","25.999244","-81.692548","10.7","2021-07-10","0.13"
"US1FLCR0065","NAPLES 11.9 SSE, FL US","25.999244","-81.692548","10.7","2021-07-11","1.22"
"US1FLCR0065","NAPLES 11.9 SSE, FL US","25.999244","-81.692548","10.7","2021-07-12","0.18"
"US1FLCR0065","NAPLES 11.9 SSE, FL US","25.999244","-81.692548","10.7","2021-07-13","0.02"
"US1FLCR0065","NAPLES 11.9 SSE, FL US","25.999244","-81.692548","10.7","2021-07-14","0.18"
"US1FLCR0065","NAPLES 11.9 SSE, FL US","25.999244","-81.692548","10.7","2021-07-15","0.42"
"US1FLCR0062","GOLDEN GATE 2.2 SW, FL US","26.16472","-81.732433","4.3","2021-07-04","0.00"
"US1FLCR0062","GOLDEN GATE 2.2 SW, FL US","26.16472","-81.732433","4.3","2021-07-05","0.00"
"US1FLCR0062","GOLDEN GATE 2.2 SW, FL US","26.16472","-81.732433","4.3","2021-07-06","0.59"
"US1FLCR0062","GOLDEN GATE 2.2 SW, FL US","26.16472","-81.732433","4.3","2021-07-07","3.60"
"US1FLCR0062","GOLDEN GATE 2.2 SW, FL US","26.16472","-81.732433","4.3","2021-07-08","0.00"
"US1FLCR0062","GOLDEN GATE 2.2 SW, FL US","26.16472","-81.732433","4.3","2021-07-09","0.00"
"US1FLCR0062","GOLDEN GATE 2.2 SW, FL US","26.16472","-81.732433","4.3","2021-07-10","0.02"
"US1FLCR0062","GOLDEN GATE 2.2 SW, FL US","26.16472","-81.732433","4.3","2021-07-11","1.21"
"US1FLCR0062","GOLDEN GATE 2.2 SW, FL US","26.16472","-81.732433","4.3","2021-07-12","0.00"
"US1FLCR0062","GOLDEN GATE 2.2 SW, FL US","26.16472","-81.732433","4.3","2021-07-13","0.34"
"US1FLCR0062","GOLDEN GATE 2.2 SW, FL US","26.16472","-81.732433","4.3","2021-07-14","1.92"
"US1FLCR0062","GOLDEN GATE 2.2 SW, FL US","26.16472","-81.732433","4.3","2021-07-15","0.88"
"US1FLCR0062","GOLDEN GATE 2.2 SW, FL US","26.16472","-81.732433","4.3","2021-07-16","0.08"
"US1FLCR0062","GOLDEN GATE 2.2 SW, FL US","26.16472","-81.732433","4.3","2021-07-17","0.09"
"US1FLCR0062","GOLDEN GATE 2.2 SW, FL US","26.16472","-81.732433","4.3","2021-07-18","0.50"
"US1FLCR0062","GOLDEN GATE 2.2 SW, FL US","26.16472","-81.732433","4.3","2021-07-19","0.00"
"US1FLCR0062","GOLDEN GATE 2.2 SW, FL US","26.16472","-81.732433","4.3","2021-07-20","0.49"
"US1FLCR0062","GOLDEN GATE 2.2 SW, FL US","26.16472","-81.732433","4.3","2021-07-21","0.00"
"USW00012812","PUNTA GORDA CHARLOTTE CO AIRPORT, FL US","26.91847","-81.99391","6.1","2021-07-04","0.00"
"USW00012812","PUNTA GORDA CHARLOTTE CO AIRPORT, FL US","26.91847","-81.99391","6.1","2021-07-05","0.00"
"USW00012812","PUNTA GORDA CHARLOTTE CO AIRPORT, FL US","26.91847","-81.99391","6.1","2021-07-06","1.74"
"USW00012812","PUNTA GORDA CHARLOTTE CO AIRPORT, FL US","26.91847","-81.99391","6.1","2021-07-07","4.89"
"USW00012812","PUNTA GORDA CHARLOTTE CO AIRPORT, FL US","26.91847","-81.99391","6.1","2021-07-08","0.00"
"USW00012812","PUNTA GORDA CHARLOTTE CO AIRPORT, FL US","26.91847","-81.99391","6.1","2021-07-09","0.00"
"USW00012812","PUNTA GORDA CHARLOTTE CO AIRPORT, FL US","26.91847","-81.99391","6.1","2021-07-10","2.39"
"USW00012812","PUNTA GORDA CHARLOTTE CO AIRPORT, FL US","26.91847","-81.99391","6.1","2021-07-11","1.10"
"USW00012812","PUNTA GORDA CHARLOTTE CO AIRPORT, FL US","26.91847","-81.99391","6.1","2021-07-12","0.00"
"USW00012812","PUNTA GORDA CHARLOTTE CO AIRPORT, FL US","26.91847","-81.99391","6.1","2021-07-13","0.08"
"USW00012812","PUNTA GORDA CHARLOTTE CO AIRPORT, FL US","26.91847","-81.99391","6.1","2021-07-14","0.22"
"USW00012812","PUNTA GORDA CHARLOTTE CO AIRPORT, FL US","26.91847","-81.99391","6.1","2021-07-15","0.00"
"USW00012812","PUNTA GORDA CHARLOTTE CO AIRPORT, FL US","26.91847","-81.99391","6.1","2021-07-16","0.27"
"USW00012812","PUNTA GORDA CHARLOTTE CO AIRPORT, FL US","26.91847","-81.99391","6.1","2021-07-17","1.52"
"USW00012812","PUNTA GORDA CHARLOTTE CO AIRPORT, FL US","26.91847","-81.99391","6.1","2021-07-18","0.67"
"USW00012812","PUNTA GORDA CHARLOTTE CO AIRPORT, FL US","26.91847","-81.99391","6.1","2021-07-19","0.03"
"USW00012812","PUNTA GORDA CHARLOTTE CO AIRPORT, FL US","26.91847","-81.99391","6.1","2021-07-20","0.00"
"USW00012812","PUNTA GORDA CHARLOTTE CO AIRPORT, FL US","26.91847","-81.99391","6.1","2021-07-21","0.00"
"US1FLPN0060","ST. PETERSBURG 4.5 NW, FL US","27.80193","-82.69669","15.5","2021-07-04","0.64"
"US1FLPN0060","ST. PETERSBURG 4.5 NW, FL US","27.80193","-82.69669","15.5","2021-07-05","0.00"
"US1FLPN0060","ST. PETERSBURG 4.5 NW, FL US","27.80193","-82.69669","15.5","2021-07-06","0.13"
"US1FLPN0060","ST. PETERSBURG 4.5 NW, FL US","27.80193","-82.69669","15.5","2021-07-07","2.63"
"US1FLPN0060","ST. PETERSBURG 4.5 NW, FL US","27.80193","-82.69669","15.5","2021-07-08","0.23"
"US1FLPN0060","ST. PETERSBURG 4.5 NW, FL US","27.80193","-82.69669","15.5","2021-07-09","0.00"
"US1FLPN0060","ST. PETERSBURG 4.5 NW, FL US","27.80193","-82.69669","15.5","2021-07-10","0.00"
"US1FLPN0060","ST. PETERSBURG 4.5 NW, FL US","27.80193","-82.69669","15.5","2021-07-11","0.52"
"US1FLPN0060","ST. PETERSBURG 4.5 NW, FL US","27.80193","-82.69669","15.5","2021-07-12","0.00"
"US1FLPN0060","ST. PETERSBURG 4.5 NW, FL US","27.80193","-82.69669","15.5","2021-07-13","0.00"
"US1FLPN0060","ST. PETERSBURG 4.5 NW, FL US","27.80193","-82.69669","15.5","2021-07-14","0.15"
"US1FLPN0060","ST. PETERSBURG 4.5 NW, FL US","27.80193","-82.69669","15.5","2021-07-15","0.02"
"US1FLPN0060","ST. PETERSBURG 4.5 NW, FL US","27.80193","-82.69669","15.5","2021-07-16","0.00"
"US1FLPN0060","ST. PETERSBURG 4.5 NW, FL US","27.80193","-82.69669","15.5","2021-07-17","0.00"
"US1FLPN0060","ST. PETERSBURG 4.5 NW, FL US","27.80193","-82.69669","15.5","2021-07-18","0.07"
"US1FLPN0060","ST. PETERSBURG 4.5 NW, FL US","27.80193","-82.69669","15.5","2021-07-19","0.00"
"US1FLPN0060","ST. PETERSBURG 4.5 NW, FL US","27.80193","-82.69669","15.5","2021-07-20","0.00"
"US1FLPN0060","ST. PETERSBURG 4.5 NW, FL US","27.80193","-82.69669","15.5","2021-07-21","0.02"
"US1FLCR0066","EAST NAPLES 0.9 NE, FL US","26.128961","-81.745789","4.3","2021-07-04","0.00"
"US1FLCR0066","EAST NAPLES 0.9 NE, FL US","26.128961","-81.745789","4.3","2021-07-05","0.00"
"US1FLCR0066","EAST NAPLES 0.9 NE, FL US","26.128961","-81.745789","4.3","2021-07-06","0.77"
"US1FLCR0066","EAST NAPLES 0.9 NE, FL US","26.128961","-81.745789","4.3","2021-07-07","3.60"
"US1FLCR0066","EAST NAPLES 0.9 NE, FL US","26.128961","-81.745789","4.3","2021-07-08","0.00"
"US1FLCR0066","EAST NAPLES 0.9 NE, FL US","26.128961","-81.745789","4.3","2021-07-09","0.00"
"US1FLCR0066","EAST NAPLES 0.9 NE, FL US","26.128961","-81.745789","4.3","2021-07-10","0.11"
"US1FLCR0066","EAST NAPLES 0.9 NE, FL US","26.128961","-81.745789","4.3","2021-07-11","1.95"
"US1FLCR0066","EAST NAPLES 0.9 NE, FL US","26.128961","-81.745789","4.3","2021-07-12","0.09"
"US1FLCR0066","EAST NAPLES 0.9 NE, FL US","26.128961","-81.745789","4.3","2021-07-13","0.03"
"US1FLCR0066","EAST NAPLES 0.9 NE, FL US","26.128961","-81.745789","4.3","2021-07-14","0.51"
"US1FLCR0066","EAST NAPLES 0.9 NE, FL US","26.128961","-81.745789","4.3","2021-07-16","0.56"
"US1FLCR0066","EAST NAPLES 0.9 NE, FL US","26.128961","-81.745789","4.3","2021-07-17","0.56"
"US1FLCR0066","EAST NAPLES 0.9 NE, FL US","26.128961","-81.745789","4.3","2021-07-19",
"US1FLCR0066","EAST NAPLES 0.9 NE, FL US","26.128961","-81.745789","4.3","2021-07-20","1.07"
"US1FLCR0066","EAST NAPLES 0.9 NE, FL US","26.128961","-81.745789","4.3","2021-07-21","0.00"
"US1FLSJ0004","ST. AUGUSTINE SOUTH 2.1 SSW, FL US","29.81285","-81.331895","15.8","2021-07-04","0.00"
"US1FLSJ0004","ST. AUGUSTINE SOUTH 2.1 SSW, FL US","29.81285","-81.331895","15.8","2021-07-05","1.11"
"US1FLSJ0004","ST. AUGUSTINE SOUTH 2.1 SSW, FL US","29.81285","-81.331895","15.8","2021-07-06","0.00"
"US1FLSJ0004","ST. AUGUSTINE SOUTH 2.1 SSW, FL US","29.81285","-81.331895","15.8","2021-07-07","0.00"
"US1FLSJ0004","ST. AUGUSTINE SOUTH 2.1 SSW, FL US","29.81285","-81.331895","15.8","2021-07-08","0.94"
"US1FLSJ0004","ST. AUGUSTINE SOUTH 2.1 SSW, FL US","29.81285","-81.331895","15.8","2021-07-09","0.03"
"US1FLSJ0004","ST. AUGUSTINE SOUTH 2.1 SSW, FL US","29.81285","-81.331895","15.8","2021-07-10","0.00"
"US1FLSJ0004","ST. AUGUSTINE SOUTH 2.1 SSW, FL US","29.81285","-81.331895","15.8","2021-07-11","0.00"
"US1FLSJ0004","ST. AUGUSTINE SOUTH 2.1 SSW, FL US","29.81285","-81.331895","15.8","2021-07-12","0.00"
"US1FLSJ0004","ST. AUGUSTINE SOUTH 2.1 SSW, FL US","29.81285","-81.331895","15.8","2021-07-13","0.01"
"US1FLSJ0004","ST. AUGUSTINE SOUTH 2.1 SSW, FL US","29.81285","-81.331895","15.8","2021-07-14","0.14"
"US1FLSJ0004","ST. AUGUSTINE SOUTH 2.1 SSW, FL US","29.81285","-81.331895","15.8","2021-07-15","0.02"
"US1FLSJ0004","ST. AUGUSTINE SOUTH 2.1 SSW, FL US","29.81285","-81.331895","15.8","2021-07-16","0.00"
"US1FLSJ0004","ST. AUGUSTINE SOUTH 2.1 SSW, FL US","29.81285","-81.331895","15.8","2021-07-17","0.00"
"US1FLSJ0004","ST. AUGUSTINE SOUTH 2.1 SSW, FL US","29.81285","-81.331895","15.8","2021-07-18","0.00"
"US1FLSJ0004","ST. AUGUSTINE SOUTH 2.1 SSW, FL US","29.81285","-81.331895","15.8","2021-07-19","0.00"
"US1FLSJ0004","ST. AUGUSTINE SOUTH 2.1 SSW, FL US","29.81285","-81.331895","15.8","2021-07-20","0.21"
"US1FLBK0005","GLEN ST. MARY 4.4 SW, FL US","30.237","-82.2189","39.0","2021-07-04","0.05"
"US1FLBK0005","GLEN ST. MARY 4.4 SW, FL US","30.237","-82.2189","39.0","2021-07-05","0.02"
"US1FLBK0005","GLEN ST. MARY 4.4 SW, FL US","30.237","-82.2189","39.0","2021-07-06","0.64"
"US1FLBK0005","GLEN ST. MARY 4.4 SW, FL US","30.237","-82.2189","39.0","2021-07-07","0.30"
"US1FLBK0005","GLEN ST. MARY 4.4 SW, FL US","30.237","-82.2189","39.0","2021-07-08","3.52"
"US1FLBK0005","GLEN ST. MARY 4.4 SW, FL US","30.237","-82.2189","39.0","2021-07-09","0.02"
"US1FLBK0005","GLEN ST. MARY 4.4 SW, FL US","30.237","-82.2189","39.0","2021-07-10","0.21"
"US1FLBK0005","GLEN ST. MARY 4.4 SW, FL US","30.237","-82.2189","39.0","2021-07-11","0.00"
"US1FLBK0005","GLEN ST. MARY 4.4 SW, FL US","30.237","-82.2189","39.0","2021-07-12","0.06"
"US1FLBK0005","GLEN ST. MARY 4.4 SW, FL US","30.237","-82.2189","39.0","2021-07-13","0.00"
"US1FLBK0005","GLEN ST. MARY 4.4 SW, FL US","30.237","-82.2189","39.0","2021-07-14","0.00"
"US1FLBK0005","GLEN ST. MARY 4.4 SW, FL US","30.237","-82.2189","39.0","2021-07-15","0.00"
"US1FLBK0005","GLEN ST. MARY 4.4 SW, FL US","30.237","-82.2189","39.0","2021-07-16","0.00"
"US1FLBK0005","GLEN ST. MARY 4.4 SW, FL US","30.237","-82.2189","39.0","2021-07-17","0.00"
"US1FLBK0005","GLEN ST. MARY 4.4 SW, FL US","30.237","-82.2189","39.0","2021-07-18","0.00"
"US1FLBK0005","GLEN ST. MARY 4.4 SW, FL US","30.237","-82.2189","39.0","2021-07-19","0.06"
"US1FLBK0005","GLEN ST. MARY 4.4 SW, FL US","30.237","-82.2189","39.0","2021-07-20","0.16"
"US1FLBK0005","GLEN ST. MARY 4.4 SW, FL US","30.237","-82.2189","39.0","2021-07-21","0.25"
"USW00012819","LEESBURG MUNICIPAL AIRPORT, FL US","28.82143","-81.80963","20.8","2021-07-04","0.55"
"USW00012819","LEESBURG MUNICIPAL AIRPORT, FL US","28.82143","-81.80963","20.8","2021-07-05","0.00"
"USW00012819","LEESBURG MUNICIPAL AIRPORT, FL US","28.82143","-81.80963","20.8","2021-07-06","0.04"
"USW00012819","LEESBURG MUNICIPAL AIRPORT, FL US","28.82143","-81.80963","20.8","2021-07-07","2.59"
"USW00012819","LEESBURG MUNICIPAL AIRPORT, FL US","28.82143","-81.80963","20.8","2021-07-08","0.45"
"USW00012819","LEESBURG MUNICIPAL AIRPORT, FL US","28.82143","-81.80963","20.8","2021-07-09","0.33"
"USW00012819","LEESBURG MUNICIPAL AIRPORT, FL US","28.82143","-81.80963","20.8","2021-07-10","0.00"
"USW00012819","LEESBURG MUNICIPAL AIRPORT, FL US","28.82143","-81.80963","20.8","2021-07-11","0.00"
"USW00012819","LEESBURG MUNICIPAL AIRPORT, FL US","28.82143","-81.80963","20.8","2021-07-12","0.91"
"USW00012819","LEESBURG MUNICIPAL AIRPORT, FL US","28.82143","-81.80963","20.8","2021-07-13","0.00"
"USW00012819","LEESBURG MUNICIPAL AIRPORT, FL US","28.82143","-81.80963","20.8","2021-07-14","0.28"
"USW00012819","LEESBURG MUNICIPAL AIRPORT, FL US","28.82143","-81.80963","20.8","2021-07-15","0.00"
"USW00012819","LEESBURG MUNICIPAL AIRPORT, FL US","28.82143","-81.80963","20.8","2021-07-16","0.00"
"USW00012819","LEESBURG MUNICIPAL AIRPORT, FL US","28.82143","-81.80963","20.8","2021-07-17","0.00"
"USW00012819","LEESBURG MUNICIPAL AIRPORT, FL US","28.82143","-81.80963","20.8","2021-07-18","0.00"
"USW00012819","LEESBURG MUNICIPAL AIRPORT, FL US","28.82143","-81.80963","20.8","2021-07-19","0.13"
"USW00012819","LEESBURG MUNICIPAL AIRPORT, FL US","28.82143","-81.80963","20.8","2021-07-20","0.00"
"USW00012819","LEESBURG MUNICIPAL AIRPORT, FL US","28.82143","-81.80963","20.8","2021-07-21","0.00"
